1.000000 -0.000004 0.000000 0.820019 0.000004 1.000000 0.000000 -0.023234 0.000000 0.000000 1.000000 0.000000
1.000000 0.000685 0.000000 1.403505 -0.000685 1.000000 0.000000 -0.032578 0.000000 0.000000 1.000000 0.000000
1.000000 0.000500 0.000000 2.025560 -0.000500 1.000000 0.000000 -0.049118 0.000000 0.000000 1.000000 0.000000
0.999992 -0.004030 0.000000 2.945326 0.004030 0.999992 0.000000 -0.082823 0.000000 0.000000 1.000000 0.000000
0.999982 -0.006001 0.000000 3.566164 0.006001 0.999982 0.000000 -0.100374 0.000000 0.000000 1.000000 0.000000
0.999966 -0.008216 0.000000 4.203477 0.008216 0.999966 0.000000 -0.112887 0.000000 0.000000 1.000000 0.000000
0.999972 -0.007488 0.000000 4.831738 0.007488 0.999972 0.000000 -0.121499 0.000000 0.000000 1.000000 0.000000
0.999985 -0.005389 0.000000 6.087104 0.005389 0.999985 0.000000 -0.153827 0.000000 0.000000 1.000000 0.000000
0.999958 -0.009147 0.000000 6.705185 0.009147 0.999958 0.000000 -0.166044 0.000000 0.000000 1.000000 0.000000
0.999935 -0.011433 0.000000 7.339502 0.011433 0.999935 0.000000 -0.175918 0.000000 0.000000 1.000000 0.000000
0.999924 -0.012304 0.000000 7.969161 0.012304 0.999924 0.000000 -0.183459 0.000000 0.000000 1.000000 0.000000
0.999913 -0.013183 0.000000 8.639510 0.013183 0.999913 0.000000 -0.196528 0.000000 0.000000 1.000000 0.000000
0.999915 -0.013024 0.000000 9.265533 0.013024 0.999915 0.000000 -0.207445 0.000000 0.000000 1.000000 0.000000
0.999918 -0.012844 0.000000 9.890730 0.012844 0.999918 0.000000 -0.208982 0.000000 0.000000 1.000000 0.000000
0.999901 -0.014037 0.000000 10.515760 0.014037 0.999901 0.000000 -0.214337 0.000000 0.000000 1.000000 0.000000
0.999872 -0.015983 0.000000 11.136281 0.015983 0.999872 0.000000 -0.223228 0.000000 0.000000 1.000000 0.000000
0.999870 -0.016098 0.000000 11.756467 0.016098 0.999870 0.000000 -0.226358 0.000000 0.000000 1.000000 0.000000
0.999867 -0.016287 0.000000 12.380886 0.016287 0.999867 0.000000 -0.235356 0.000000 0.000000 1.000000 0.000000
0.999868 -0.016226 0.000000 12.993500 0.016226 0.999868 0.000000 -0.244586 0.000000 0.000000 1.000000 0.000000
0.999865 -0.016460 0.000000 13.642833 0.016460 0.999865 0.000000 -0.254049 0.000000 0.000000 1.000000 0.000000
0.999856 -0.016942 0.000000 14.231072 0.016942 0.999856 0.000000 -0.256675 0.000000 0.000000 1.000000 0.000000
0.999860 -0.016727 0.000000 14.851701 0.016727 0.999860 0.000000 -0.262611 0.000000 0.000000 1.000000 0.000000
0.999824 -0.018748 0.000000 15.472811 0.018748 0.999824 0.000000 -0.276022 0.000000 0.000000 1.000000 0.000000
0.999768 -0.021558 0.000000 16.124554 0.021558 0.999768 0.000000 -0.280225 0.000000 0.000000 1.000000 0.000000
0.999677 -0.025396 0.000000 16.752677 0.025396 0.999677 0.000000 -0.289463 0.000000 0.000000 1.000000 0.000000
0.999604 -0.028151 0.000000 17.378823 0.028151 0.999604 0.000000 -0.293185 0.000000 0.000000 1.000000 0.000000
0.999660 -0.026076 0.000000 18.002259 0.026076 0.999660 0.000000 -0.288683 0.000000 0.000000 1.000000 0.000000
0.999671 -0.025661 0.000000 18.631343 0.025661 0.999671 0.000000 -0.291134 0.000000 0.000000 1.000000 0.000000
0.999654 -0.026285 0.000000 19.252739 0.026285 0.999654 0.000000 -0.288023 0.000000 0.000000 1.000000 0.000000
0.999652 -0.026392 0.000000 19.855312 0.026392 0.999652 0.000000 -0.289474 0.000000 0.000000 1.000000 0.000000
0.999646 -0.026601 0.000000 20.474628 0.026601 0.999646 0.000000 -0.290214 0.000000 0.000000 1.000000 0.000000
0.999661 -0.026036 0.000000 21.101819 0.026036 0.999661 0.000000 -0.291961 0.000000 0.000000 1.000000 0.000000
0.999636 -0.026984 0.000000 21.687082 0.026984 0.999636 0.000000 -0.298853 0.000000 0.000000 1.000000 0.000000
0.999565 -0.029488 0.000000 22.315247 0.029488 0.999565 0.000000 -0.304023 0.000000 0.000000 1.000000 0.000000
0.999500 -0.031614 0.000000 22.926916 0.031614 0.999500 0.000000 -0.307576 0.000000 0.000000 1.000000 0.000000
0.999470 -0.032564 0.000000 23.522595 0.032564 0.999470 0.000000 -0.311098 0.000000 0.000000 1.000000 0.000000
0.999473 -0.032449 0.000000 24.147598 0.032449 0.999473 0.000000 -0.313294 0.000000 0.000000 1.000000 0.000000
0.999492 -0.031865 0.000000 24.784008 0.031865 0.999492 0.000000 -0.310291 0.000000 0.000000 1.000000 0.000000
0.999538 -0.030401 0.000000 25.408715 0.030401 0.999538 0.000000 -0.307583 0.000000 0.000000 1.000000 0.000000
0.999632 -0.027137 0.000000 25.998781 0.027137 0.999632 0.000000 -0.303044 0.000000 0.000000 1.000000 0.000000
0.999711 -0.024027 0.000000 26.637859 0.024027 0.999711 0.000000 -0.304312 0.000000 0.000000 1.000000 0.000000
0.999738 -0.022880 0.000000 27.229216 0.022880 0.999738 0.000000 -0.302423 0.000000 0.000000 1.000000 0.000000
0.999726 -0.023390 0.000000 27.849854 0.023390 0.999726 0.000000 -0.308405 0.000000 0.000000 1.000000 0.000000
0.999702 -0.024425 0.000000 28.483402 0.024425 0.999702 0.000000 -0.317935 0.000000 0.000000 1.000000 0.000000
0.999724 -0.023484 0.000000 29.307268 0.023484 0.999724 0.000000 -0.322740 0.000000 0.000000 1.000000 0.000000
0.999761 -0.021875 0.000000 29.942257 0.021875 0.999761 0.000000 -0.318415 0.000000 0.000000 1.000000 0.000000
0.999789 -0.020537 0.000000 30.579252 0.020537 0.999789 0.000000 -0.316579 0.000000 0.000000 1.000000 0.000000
0.999826 -0.018671 0.000000 31.212948 0.018671 0.999826 0.000000 -0.316765 0.000000 0.000000 1.000000 0.000000
0.999831 -0.018379 0.000000 31.841584 0.018379 0.999831 0.000000 -0.324871 0.000000 0.000000 1.000000 0.000000
0.999854 -0.017093 0.000000 32.482177 0.017093 0.999854 0.000000 -0.323094 0.000000 0.000000 1.000000 0.000000
0.999898 -0.014294 0.000000 33.119257 0.014294 0.999898 0.000000 -0.324868 0.000000 0.000000 1.000000 0.000000
0.999935 -0.011398 0.000000 33.767252 0.011398 0.999935 0.000000 -0.329542 0.000000 0.000000 1.000000 0.000000
0.999947 -0.010256 0.000000 34.393445 0.010256 0.999947 0.000000 -0.341933 0.000000 0.000000 1.000000 0.000000
0.999960 -0.008992 0.000000 35.027461 0.008992 0.999960 0.000000 -0.352079 0.000000 0.000000 1.000000 0.000000
0.999969 -0.007854 0.000000 35.666169 0.007854 0.999969 0.000000 -0.364742 0.000000 0.000000 1.000000 0.000000
0.999971 -0.007567 0.000000 36.295514 0.007567 0.999971 0.000000 -0.380742 0.000000 0.000000 1.000000 0.000000
0.999982 -0.005989 0.000000 36.932733 0.005989 0.999982 0.000000 -0.391037 0.000000 0.000000 1.000000 0.000000
0.999983 -0.005852 0.000000 37.567386 0.005852 0.999983 0.000000 -0.404776 0.000000 0.000000 1.000000 0.000000
0.999985 -0.005395 0.000000 38.163184 0.005395 0.999985 0.000000 -0.414342 0.000000 0.000000 1.000000 0.000000
0.999997 -0.002286 0.000000 38.809512 0.002286 0.999997 0.000000 -0.421920 0.000000 0.000000 1.000000 0.000000
1.000000 -0.000450 0.000000 39.435386 0.000450 1.000000 0.000000 -0.432144 0.000000 0.000000 1.000000 0.000000
1.000000 -0.000833 0.000000 40.083681 0.000833 1.000000 0.000000 -0.449935 0.000000 0.000000 1.000000 0.000000
1.000000 -0.000538 0.000000 40.722288 0.000538 1.000000 0.000000 -0.464114 0.000000 0.000000 1.000000 0.000000
1.000000 0.000263 0.000000 41.343196 -0.000263 1.000000 0.000000 -0.479915 0.000000 0.000000 1.000000 0.000000
1.000000 0.000368 0.000000 41.978172 -0.000368 1.000000 0.000000 -0.499699 0.000000 0.000000 1.000000 0.000000
1.000000 0.000737 0.000000 42.626233 -0.000737 1.000000 0.000000 -0.515540 0.000000 0.000000 1.000000 0.000000
0.999996 0.002652 0.000000 43.274067 -0.002652 0.999996 0.000000 -0.524001 0.000000 0.000000 1.000000 0.000000
0.999991 0.004251 0.000000 43.913017 -0.004251 0.999991 0.000000 -0.537448 0.000000 0.000000 1.000000 0.000000
0.999993 0.003860 0.000000 44.574388 -0.003860 0.999993 0.000000 -0.555065 0.000000 0.000000 1.000000 0.000000
0.999992 0.004021 0.000000 45.186220 -0.004021 0.999992 0.000000 -0.563392 0.000000 0.000000 1.000000 0.000000
0.999995 0.003118 0.000000 45.834601 -0.003118 0.999995 0.000000 -0.575154 0.000000 0.000000 1.000000 0.000000
0.999997 0.002515 0.000000 46.487550 -0.002515 0.999997 0.000000 -0.582179 0.000000 0.000000 1.000000 0.000000
0.999996 0.002681 0.000000 47.150915 -0.002681 0.999996 0.000000 -0.602244 0.000000 0.000000 1.000000 0.000000
1.000000 0.000011 0.000000 47.806214 -0.000011 1.000000 0.000000 -0.617729 0.000000 0.000000 1.000000 0.000000
1.000000 -0.000647 0.000000 48.449575 0.000647 1.000000 0.000000 -0.626841 0.000000 0.000000 1.000000 0.000000
1.000000 0.000124 0.000000 49.062469 -0.000124 1.000000 0.000000 -0.634378 0.000000 0.000000 1.000000 0.000000
0.999998 0.002107 0.000000 49.713243 -0.002107 0.999998 0.000000 -0.637449 0.000000 0.000000 1.000000 0.000000
0.999991 0.004149 0.000000 50.366377 -0.004149 0.999991 0.000000 -0.643426 0.000000 0.000000 1.000000 0.000000
0.999987 0.005132 0.000000 51.032111 -0.005132 0.999987 0.000000 -0.652398 0.000000 0.000000 1.000000 0.000000
0.999996 0.002929 0.000000 51.697321 -0.002929 0.999996 0.000000 -0.661969 0.000000 0.000000 1.000000 0.000000
1.000000 0.000890 0.000000 52.354376 -0.000890 1.000000 0.000000 -0.668528 0.000000 0.000000 1.000000 0.000000
0.999999 0.001531 0.000000 53.389150 -0.001531 0.999999 0.000000 -0.699092 0.000000 0.000000 1.000000 0.000000
1.000000 0.000485 0.000000 54.077918 -0.000485 1.000000 0.000000 -0.713438 0.000000 0.000000 1.000000 0.000000
1.000000 -0.000038 0.000000 54.712185 0.000038 1.000000 0.000000 -0.728562 0.000000 0.000000 1.000000 0.000000
1.000000 0.000187 0.000000 55.370320 -0.000187 1.000000 0.000000 -0.746285 0.000000 0.000000 1.000000 0.000000
1.000000 0.000666 0.000000 56.028153 -0.000666 1.000000 0.000000 -0.762390 0.000000 0.000000 1.000000 0.000000
1.000000 -0.000079 0.000000 56.683135 0.000079 1.000000 0.000000 -0.776439 0.000000 0.000000 1.000000 0.000000
1.000000 -0.000934 0.000000 57.336796 0.000934 1.000000 0.000000 -0.794015 0.000000 0.000000 1.000000 0.000000
0.999999 -0.001330 0.000000 57.986803 0.001330 0.999999 0.000000 -0.809806 0.000000 0.000000 1.000000 0.000000
0.999994 -0.003325 0.000000 59.322771 0.003325 0.999994 0.000000 -0.833416 0.000000 0.000000 1.000000 0.000000
0.999983 -0.005794 0.000000 59.969211 0.005794 0.999983 0.000000 -0.837616 0.000000 0.000000 1.000000 0.000000
0.999973 -0.007395 0.000000 60.614240 0.007395 0.999973 0.000000 -0.845059 0.000000 0.000000 1.000000 0.000000
0.999977 -0.006781 0.000000 61.255704 0.006781 0.999977 0.000000 -0.852196 0.000000 0.000000 1.000000 0.000000
0.999987 -0.005166 0.000000 61.888920 0.005166 0.999987 0.000000 -0.862285 0.000000 0.000000 1.000000 0.000000
0.999986 -0.005212 0.000000 62.563227 0.005212 0.999986 0.000000 -0.873825 0.000000 0.000000 1.000000 0.000000
0.999988 -0.004908 0.000000 63.199511 0.004908 0.999988 0.000000 -0.881932 0.000000 0.000000 1.000000 0.000000
0.999993 -0.003777 0.000000 63.800560 0.003777 0.999993 0.000000 -0.890501 0.000000 0.000000 1.000000 0.000000
0.999995 -0.003132 0.000000 64.430593 0.003132 0.999995 0.000000 -0.903745 0.000000 0.000000 1.000000 0.000000
0.999997 -0.002562 0.000000 65.024515 0.002562 0.999997 0.000000 -0.920964 0.000000 0.000000 1.000000 0.000000
0.999997 -0.002322 0.000000 65.651765 0.002322 0.999997 0.000000 -0.940831 0.000000 0.000000 1.000000 0.000000
0.999996 -0.002720 0.000000 66.276233 0.002720 0.999996 0.000000 -0.961762 0.000000 0.000000 1.000000 0.000000
0.999995 -0.003025 0.000000 66.859754 0.003025 0.999995 0.000000 -0.978549 0.000000 0.000000 1.000000 0.000000
0.999992 -0.003984 0.000000 67.481604 0.003984 0.999992 0.000000 -0.997060 0.000000 0.000000 1.000000 0.000000
0.999990 -0.004396 0.000000 68.090369 0.004396 0.999990 0.000000 -1.014564 0.000000 0.000000 1.000000 0.000000
0.999989 -0.004617 0.000000 68.655846 0.004617 0.999989 0.000000 -1.032293 0.000000 0.000000 1.000000 0.000000
0.999989 -0.004693 0.000000 69.253646 0.004693 0.999989 0.000000 -1.047351 0.000000 0.000000 1.000000 0.000000
0.999997 -0.002619 0.000000 69.820159 0.002619 0.999997 0.000000 -1.057264 0.000000 0.000000 1.000000 0.000000
1.000000 -0.000712 0.000000 70.427413 0.000712 1.000000 0.000000 -1.070697 0.000000 0.000000 1.000000 0.000000
1.000000 -0.000416 0.000000 71.031152 0.000416 1.000000 0.000000 -1.087188 0.000000 0.000000 1.000000 0.000000
1.000000 0.000352 0.000000 71.874447 -0.000352 1.000000 0.000000 -1.112351 0.000000 0.000000 1.000000 0.000000
0.999999 0.001408 0.000000 72.477826 -0.001408 0.999999 0.000000 -1.133654 0.000000 0.000000 1.000000 0.000000
1.000000 -0.000002 0.000000 73.079022 0.000002 1.000000 0.000000 -1.153277 0.000000 0.000000 1.000000 0.000000
0.999999 -0.001702 0.000000 73.676560 0.001702 0.999999 0.000000 -1.162730 0.000000 0.000000 1.000000 0.000000
0.999995 -0.003196 0.000000 74.269688 0.003196 0.999995 0.000000 -1.174465 0.000000 0.000000 1.000000 0.000000
0.999987 -0.005181 0.000000 74.863747 0.005181 0.999987 0.000000 -1.187927 0.000000 0.000000 1.000000 0.000000
0.999986 -0.005244 0.000000 75.497009 0.005244 0.999986 0.000000 -1.197787 0.000000 0.000000 1.000000 0.000000
0.999987 -0.005175 0.000000 76.092137 0.005175 0.999987 0.000000 -1.212235 0.000000 0.000000 1.000000 0.000000
0.999991 -0.004356 0.000000 76.687919 0.004356 0.999991 0.000000 -1.228179 0.000000 0.000000 1.000000 0.000000
0.999992 -0.003946 0.000000 77.870739 0.003946 0.999992 0.000000 -1.261238 0.000000 0.000000 1.000000 0.000000
0.999993 -0.003826 0.000000 78.459002 0.003826 0.999993 0.000000 -1.275446 0.000000 0.000000 1.000000 0.000000
0.999998 -0.002118 0.000000 79.043446 0.002118 0.999998 0.000000 -1.299218 0.000000 0.000000 1.000000 0.000000
0.999999 -0.001572 0.000000 79.624763 0.001572 0.999999 0.000000 -1.321040 0.000000 0.000000 1.000000 0.000000
1.000000 -0.000618 0.000000 80.204502 0.000618 1.000000 0.000000 -1.339474 0.000000 0.000000 1.000000 0.000000
1.000000 -0.000114 0.000000 80.775972 0.000114 1.000000 0.000000 -1.361291 0.000000 0.000000 1.000000 0.000000
0.999999 -0.001649 0.000000 81.345439 0.001649 0.999999 0.000000 -1.379691 0.000000 0.000000 1.000000 0.000000
0.999996 -0.002700 0.000000 81.909226 0.002700 0.999996 0.000000 -1.396183 0.000000 0.000000 1.000000 0.000000
0.999998 -0.002172 0.000000 82.466258 0.002172 0.999998 0.000000 -1.411633 0.000000 0.000000 1.000000 0.000000
0.999999 -0.001667 0.000000 83.013007 0.001667 0.999999 0.000000 -1.427783 0.000000 0.000000 1.000000 0.000000
0.999999 -0.001613 0.000000 83.560653 0.001613 0.999999 0.000000 -1.442101 0.000000 0.000000 1.000000 0.000000
0.999999 -0.001455 0.000000 84.099928 0.001455 0.999999 0.000000 -1.458042 0.000000 0.000000 1.000000 0.000000
1.000000 -0.000201 0.000000 84.636518 0.000201 1.000000 0.000000 -1.476736 0.000000 0.000000 1.000000 0.000000
0.999999 0.001442 0.000000 85.149575 -0.001442 0.999999 0.000000 -1.494329 0.000000 0.000000 1.000000 0.000000
0.999993 0.003647 0.000000 85.694515 -0.003647 0.999993 0.000000 -1.512089 0.000000 0.000000 1.000000 0.000000
0.999979 0.006412 0.000000 86.218837 -0.006412 0.999979 0.000000 -1.530531 0.000000 0.000000 1.000000 0.000000
0.999974 0.007156 0.000000 86.727995 -0.007156 0.999974 0.000000 -1.550945 0.000000 0.000000 1.000000 0.000000
0.999979 0.006507 0.000000 87.258971 -0.006507 0.999979 0.000000 -1.575566 0.000000 0.000000 1.000000 0.000000
0.999980 0.006314 0.000000 87.784532 -0.006314 0.999980 0.000000 -1.596367 0.000000 0.000000 1.000000 0.000000
0.999976 0.006891 0.000000 88.266483 -0.006891 0.999976 0.000000 -1.618222 0.000000 0.000000 1.000000 0.000000
0.999962 0.008693 0.000000 88.793521 -0.008693 0.999962 0.000000 -1.642588 0.000000 0.000000 1.000000 0.000000
0.999956 0.009428 0.000000 89.312771 -0.009428 0.999956 0.000000 -1.667169 0.000000 0.000000 1.000000 0.000000
0.999954 0.009560 0.000000 89.799360 -0.009560 0.999954 0.000000 -1.684931 0.000000 0.000000 1.000000 0.000000
0.999943 0.010683 0.000000 90.322315 -0.010683 0.999943 0.000000 -1.701271 0.000000 0.000000 1.000000 0.000000
0.999922 0.012478 0.000000 90.838435 -0.012478 0.999922 0.000000 -1.716109 0.000000 0.000000 1.000000 0.000000
0.999905 0.013776 0.000000 91.318095 -0.013776 0.999905 0.000000 -1.737436 0.000000 0.000000 1.000000 0.000000
0.999900 0.014171 0.000000 91.825860 -0.014171 0.999900 0.000000 -1.762712 0.000000 0.000000 1.000000 0.000000
0.999882 0.015387 0.000000 92.306073 -0.015387 0.999882 0.000000 -1.787125 0.000000 0.000000 1.000000 0.000000
0.999868 0.016272 0.000000 92.819972 -0.016272 0.999868 0.000000 -1.811797 0.000000 0.000000 1.000000 0.000000
0.999872 0.015971 0.000000 93.482149 -0.015971 0.999872 0.000000 -1.840382 0.000000 0.000000 1.000000 0.000000
0.999871 0.016073 0.000000 93.977646 -0.016073 0.999871 0.000000 -1.857528 0.000000 0.000000 1.000000 0.000000
0.999859 0.016795 0.000000 94.463377 -0.016795 0.999859 0.000000 -1.874162 0.000000 0.000000 1.000000 0.000000
0.999857 0.016905 0.000000 94.954004 -0.016905 0.999857 0.000000 -1.890498 0.000000 0.000000 1.000000 0.000000
0.999874 0.015855 0.000000 95.441036 -0.015855 0.999874 0.000000 -1.914816 0.000000 0.000000 1.000000 0.000000
0.999884 0.015249 0.000000 95.913261 -0.015249 0.999884 0.000000 -1.940494 0.000000 0.000000 1.000000 0.000000
0.999860 0.016761 0.000000 96.379643 -0.016761 0.999860 0.000000 -1.959295 0.000000 0.000000 1.000000 0.000000
0.999755 0.022122 0.000000 97.332170 -0.022122 0.999755 0.000000 -2.006402 0.000000 0.000000 1.000000 0.000000
0.999707 0.024205 0.000000 97.803259 -0.024205 0.999707 0.000000 -2.031143 0.000000 0.000000 1.000000 0.000000
0.999637 0.026935 0.000000 98.281025 -0.026935 0.999637 0.000000 -2.061013 0.000000 0.000000 1.000000 0.000000
0.999578 0.029064 0.000000 98.752285 -0.029064 0.999578 0.000000 -2.093854 0.000000 0.000000 1.000000 0.000000
0.999519 0.031020 0.000000 99.230306 -0.031020 0.999519 0.000000 -2.126635 0.000000 0.000000 1.000000 0.000000
0.999458 0.032933 0.000000 99.691785 -0.032933 0.999458 0.000000 -2.159513 0.000000 0.000000 1.000000 0.000000
0.999374 0.035364 0.000000 100.161622 -0.035364 0.999374 0.000000 -2.196155 0.000000 0.000000 1.000000 0.000000
0.999205 0.039858 0.000000 100.621538 -0.039858 0.999205 0.000000 -2.226684 0.000000 0.000000 1.000000 0.000000
0.999043 0.043731 0.000000 101.083844 -0.043731 0.999043 0.000000 -2.262674 0.000000 0.000000 1.000000 0.000000
0.998935 0.046135 0.000000 101.536487 -0.046135 0.998935 0.000000 -2.302035 0.000000 0.000000 1.000000 0.000000
0.998848 0.047992 0.000000 101.960860 -0.047992 0.998848 0.000000 -2.340449 0.000000 0.000000 1.000000 0.000000
0.998791 0.049161 0.000000 102.406597 -0.049161 0.998791 0.000000 -2.379588 0.000000 0.000000 1.000000 0.000000
0.998759 0.049813 0.000000 102.846038 -0.049813 0.998759 0.000000 -2.424748 0.000000 0.000000 1.000000 0.000000
0.998649 0.051970 0.000000 103.276987 -0.051970 0.998649 0.000000 -2.468487 0.000000 0.000000 1.000000 0.000000
0.998513 0.054511 0.000000 103.701803 -0.054511 0.998513 0.000000 -2.505462 0.000000 0.000000 1.000000 0.000000
0.998261 0.058944 0.000000 104.125268 -0.058944 0.998261 0.000000 -2.540135 0.000000 0.000000 1.000000 0.000000
0.997925 0.064382 0.000000 104.542546 -0.064382 0.997925 0.000000 -2.569421 0.000000 0.000000 1.000000 0.000000
0.997775 0.066667 0.000000 104.954789 -0.066667 0.997775 0.000000 -2.609274 0.000000 0.000000 1.000000 0.000000
0.997843 0.065641 0.000000 105.363359 -0.065641 0.997843 0.000000 -2.655291 0.000000 0.000000 1.000000 0.000000
0.997771 0.066731 0.000000 105.773698 -0.066731 0.997771 0.000000 -2.693174 0.000000 0.000000 1.000000 0.000000
0.997715 0.067559 0.000000 106.169032 -0.067559 0.997715 0.000000 -2.746658 0.000000 0.000000 1.000000 0.000000
0.997489 0.070819 0.000000 106.570668 -0.070819 0.997489 0.000000 -2.783394 0.000000 0.000000 1.000000 0.000000
0.997094 0.076179 0.000000 106.957786 -0.076179 0.997094 0.000000 -2.817046 0.000000 0.000000 1.000000 0.000000
0.996926 0.078349 0.000000 107.367297 -0.078349 0.996926 0.000000 -2.865641 0.000000 0.000000 1.000000 0.000000
0.996843 0.079398 0.000000 107.757858 -0.079398 0.996843 0.000000 -2.907820 0.000000 0.000000 1.000000 0.000000
0.996594 0.082462 0.000000 108.137714 -0.082462 0.996594 0.000000 -2.945238 0.000000 0.000000 1.000000 0.000000
0.996271 0.086279 0.000000 108.552450 -0.086279 0.996271 0.000000 -2.988631 0.000000 0.000000 1.000000 0.000000
0.995942 0.089999 0.000000 108.953027 -0.089999 0.995942 0.000000 -3.033026 0.000000 0.000000 1.000000 0.000000
0.995617 0.093526 0.000000 109.526884 -0.093526 0.995617 0.000000 -3.106802 0.000000 0.000000 1.000000 0.000000
0.995450 0.095281 0.000000 109.942455 -0.095281 0.995450 0.000000 -3.159301 0.000000 0.000000 1.000000 0.000000
0.995262 0.097225 0.000000 110.357736 -0.097225 0.995262 0.000000 -3.214821 0.000000 0.000000 1.000000 0.000000
0.995062 0.099258 0.000000 110.777837 -0.099258 0.995062 0.000000 -3.267711 0.000000 0.000000 1.000000 0.000000
0.994889 0.100974 0.000000 111.200291 -0.100974 0.994889 0.000000 -3.320220 0.000000 0.000000 1.000000 0.000000
0.994847 0.101385 0.000000 111.615714 -0.101385 0.994847 0.000000 -3.375328 0.000000 0.000000 1.000000 0.000000
0.994690 0.102916 0.000000 112.034366 -0.102916 0.994690 0.000000 -3.431813 0.000000 0.000000 1.000000 0.000000
0.994249 0.107093 0.000000 112.457335 -0.107093 0.994249 0.000000 -3.482130 0.000000 0.000000 1.000000 0.000000
0.993872 0.110535 0.000000 113.184630 -0.110535 0.993872 0.000000 -3.592733 0.000000 0.000000 1.000000 0.000000
0.993969 0.109663 0.000000 113.609995 -0.109663 0.993969 0.000000 -3.655947 0.000000 0.000000 1.000000 0.000000
0.993961 0.109737 0.000000 114.046588 -0.109737 0.993961 0.000000 -3.717374 0.000000 0.000000 1.000000 0.000000
0.993989 0.109481 0.000000 114.474564 -0.109481 0.993989 0.000000 -3.775716 0.000000 0.000000 1.000000 0.000000
0.993841 0.110814 0.000000 114.916648 -0.110814 0.993841 0.000000 -3.820137 0.000000 0.000000 1.000000 0.000000
0.993633 0.112668 0.000000 115.357083 -0.112668 0.993633 0.000000 -3.874775 0.000000 0.000000 1.000000 0.000000
0.993664 0.112390 0.000000 115.796368 -0.112390 0.993664 0.000000 -3.934727 0.000000 0.000000 1.000000 0.000000
0.993681 0.112244 0.000000 116.238979 -0.112244 0.993681 0.000000 -3.998144 0.000000 0.000000 1.000000 0.000000
0.993659 0.112437 0.000000 116.681063 -0.112437 0.993659 0.000000 -4.062822 0.000000 0.000000 1.000000 0.000000
0.993393 0.114761 0.000000 117.129386 -0.114761 0.993393 0.000000 -4.131299 0.000000 0.000000 1.000000 0.000000
0.993155 0.116804 0.000000 117.574040 -0.116804 0.993155 0.000000 -4.198039 0.000000 0.000000 1.000000 0.000000
0.993180 0.116592 0.000000 118.403458 -0.116592 0.993180 0.000000 -4.322343 0.000000 0.000000 1.000000 0.000000
0.992993 0.118175 0.000000 118.863520 -0.118175 0.992993 0.000000 -4.386462 0.000000 0.000000 1.000000 0.000000
0.992825 0.119580 0.000000 119.318652 -0.119580 0.992825 0.000000 -4.459018 0.000000 0.000000 1.000000 0.000000
0.992656 0.120970 0.000000 119.775654 -0.120970 0.992656 0.000000 -4.535022 0.000000 0.000000 1.000000 0.000000
0.992462 0.122556 0.000000 120.233215 -0.122556 0.992462 0.000000 -4.615212 0.000000 0.000000 1.000000 0.000000
0.992335 0.123573 0.000000 120.697943 -0.123573 0.992335 0.000000 -4.692511 0.000000 0.000000 1.000000 0.000000
0.992007 0.126184 0.000000 121.164672 -0.126184 0.992007 0.000000 -4.768675 0.000000 0.000000 1.000000 0.000000
0.991448 0.130503 0.000000 121.636996 -0.130503 0.991448 0.000000 -4.841441 0.000000 0.000000 1.000000 0.000000
0.990868 0.134837 0.000000 122.138523 -0.134837 0.990868 0.000000 -4.922549 0.000000 0.000000 1.000000 0.000000
0.990677 0.136232 0.000000 122.581880 -0.136232 0.990677 0.000000 -4.997338 0.000000 0.000000 1.000000 0.000000
0.990533 0.137278 0.000000 123.089749 -0.137278 0.990533 0.000000 -5.086811 0.000000 0.000000 1.000000 0.000000
0.990404 0.138200 0.000000 123.569605 -0.138200 0.990404 0.000000 -5.165399 0.000000 0.000000 1.000000 0.000000
0.990619 0.136649 0.000000 124.041870 -0.136649 0.990619 0.000000 -5.251944 0.000000 0.000000 1.000000 0.000000
0.990625 0.136611 0.000000 124.510117 -0.136611 0.990625 0.000000 -5.335258 0.000000 0.000000 1.000000 0.000000
0.990332 0.138714 0.000000 124.983972 -0.138714 0.990332 0.000000 -5.413155 0.000000 0.000000 1.000000 0.000000
0.989896 0.141796 0.000000 125.458939 -0.141796 0.989896 0.000000 -5.491793 0.000000 0.000000 1.000000 0.000000
0.989042 0.147638 0.000000 125.934022 -0.147638 0.989042 0.000000 -5.571404 0.000000 0.000000 1.000000 0.000000
0.988335 0.152294 0.000000 126.407161 -0.152294 0.988335 0.000000 -5.659567 0.000000 0.000000 1.000000 0.000000
0.988097 0.153831 0.000000 126.859785 -0.153831 0.988097 0.000000 -5.745422 0.000000 0.000000 1.000000 0.000000
0.987740 0.156109 0.000000 127.345820 -0.156109 0.987740 0.000000 -5.833298 0.000000 0.000000 1.000000 0.000000
0.987467 0.157825 0.000000 127.832105 -0.157825 0.987467 0.000000 -5.925610 0.000000 0.000000 1.000000 0.000000
0.987321 0.158739 0.000000 128.632172 -0.158739 0.987321 0.000000 -6.073856 0.000000 0.000000 1.000000 0.000000
0.987752 0.156032 0.000000 129.127174 -0.156032 0.987752 0.000000 -6.174126 0.000000 0.000000 1.000000 0.000000
0.989208 0.146521 0.000000 130.113633 -0.146521 0.989208 0.000000 -6.376734 0.000000 0.000000 1.000000 0.000000
0.989745 0.142848 0.000000 130.609843 -0.142848 0.989745 0.000000 -6.477681 0.000000 0.000000 1.000000 0.000000
0.989926 0.141587 0.000000 131.104404 -0.141587 0.989926 0.000000 -6.572128 0.000000 0.000000 1.000000 0.000000
0.990135 0.140119 0.000000 131.612542 -0.140119 0.990135 0.000000 -6.664064 0.000000 0.000000 1.000000 0.000000
0.990035 0.140823 0.000000 132.115302 -0.140823 0.990035 0.000000 -6.746732 0.000000 0.000000 1.000000 0.000000
0.988816 0.149139 0.000000 132.610986 -0.149139 0.988816 0.000000 -6.832088 0.000000 0.000000 1.000000 0.000000
0.989083 0.147360 0.000000 133.143427 -0.147360 0.989083 0.000000 -6.917419 0.000000 0.000000 1.000000 0.000000
0.988737 0.149666 0.000000 133.631011 -0.149666 0.988737 0.000000 -6.998740 0.000000 0.000000 1.000000 0.000000
0.988543 0.150943 0.000000 134.142196 -0.150943 0.988543 0.000000 -7.084201 0.000000 0.000000 1.000000 0.000000
0.988530 0.151023 0.000000 134.662771 -0.151023 0.988530 0.000000 -7.175094 0.000000 0.000000 1.000000 0.000000
0.988554 0.150867 0.000000 135.144482 -0.150867 0.988554 0.000000 -7.255224 0.000000 0.000000 1.000000 0.000000
0.988642 0.150293 0.000000 135.659326 -0.150293 0.988642 0.000000 -7.349350 0.000000 0.000000 1.000000 0.000000
0.988508 0.151167 0.000000 136.185010 -0.151167 0.988508 0.000000 -7.436802 0.000000 0.000000 1.000000 0.000000
0.988617 0.150451 0.000000 136.670384 -0.150451 0.988617 0.000000 -7.513517 0.000000 0.000000 1.000000 0.000000
0.988753 0.149559 0.000000 137.191747 -0.149559 0.988753 0.000000 -7.595740 0.000000 0.000000 1.000000 0.000000
0.988313 0.152441 0.000000 137.726287 -0.152441 0.988313 0.000000 -7.682968 0.000000 0.000000 1.000000 0.000000
0.987921 0.154961 0.000000 138.352961 -0.154961 0.987921 0.000000 -7.783707 0.000000 0.000000 1.000000 0.000000
0.987221 0.159355 0.000000 138.919164 -0.159355 0.987221 0.000000 -7.877516 0.000000 0.000000 1.000000 0.000000
0.986555 0.163432 0.000000 139.414946 -0.163432 0.986555 0.000000 -7.976631 0.000000 0.000000 1.000000 0.000000
0.986097 0.166173 0.000000 139.944461 -0.166173 0.986097 0.000000 -8.075297 0.000000 0.000000 1.000000 0.000000
0.985502 0.169662 0.000000 140.472266 -0.169662 0.985502 0.000000 -8.181581 0.000000 0.000000 1.000000 0.000000
0.985293 0.170871 0.000000 141.000368 -0.170871 0.985293 0.000000 -8.293237 0.000000 0.000000 1.000000 0.000000
0.984598 0.174834 0.000000 144.861415 -0.174834 0.984598 0.000000 -9.059822 0.000000 0.000000 1.000000 0.000000
0.985155 0.171668 0.000000 145.373564 -0.171668 0.985155 0.000000 -9.167515 0.000000 0.000000 1.000000 0.000000
0.985674 0.168663 0.000000 146.530012 -0.168663 0.985674 0.000000 -9.401196 0.000000 0.000000 1.000000 0.000000
0.984987 0.172627 0.000000 147.659432 -0.172627 0.984987 0.000000 -9.634257 0.000000 0.000000 1.000000 0.000000
0.984728 0.174098 0.000000 148.221557 -0.174098 0.984728 0.000000 -9.754772 0.000000 0.000000 1.000000 0.000000
0.984644 0.174576 0.000000 148.785255 -0.174576 0.984644 0.000000 -9.876948 0.000000 0.000000 1.000000 0.000000
0.984711 0.174194 0.000000 149.342698 -0.174194 0.984711 0.000000 -10.007060 0.000000 0.000000 1.000000 0.000000
0.985165 0.171607 0.000000 149.903585 -0.171607 0.985165 0.000000 -10.142989 0.000000 0.000000 1.000000 0.000000
0.985120 0.171869 0.000000 150.476860 -0.171869 0.985120 0.000000 -10.263969 0.000000 0.000000 1.000000 0.000000
0.984696 0.174281 0.000000 151.049178 -0.174281 0.984696 0.000000 -10.387206 0.000000 0.000000 1.000000 0.000000
0.984769 0.173868 0.000000 151.627111 -0.173868 0.984769 0.000000 -10.518641 0.000000 0.000000 1.000000 0.000000
0.984817 0.173594 0.000000 152.203673 -0.173594 0.984817 0.000000 -10.649207 0.000000 0.000000 1.000000 0.000000
0.983935 0.178529 0.000000 153.118782 -0.178529 0.983935 0.000000 -10.842027 0.000000 0.000000 1.000000 0.000000
0.983680 0.179927 0.000000 153.694105 -0.179927 0.983680 0.000000 -10.976188 0.000000 0.000000 1.000000 0.000000
0.983434 0.181264 0.000000 154.259392 -0.181264 0.983434 0.000000 -11.103000 0.000000 0.000000 1.000000 0.000000
0.982715 0.185123 0.000000 154.832375 -0.185123 0.982715 0.000000 -11.224585 0.000000 0.000000 1.000000 0.000000
0.981965 0.189061 0.000000 155.441012 -0.189061 0.981965 0.000000 -11.358991 0.000000 0.000000 1.000000 0.000000
0.981613 0.190884 0.000000 155.972912 -0.190884 0.981613 0.000000 -11.480939 0.000000 0.000000 1.000000 0.000000
0.981481 0.191559 0.000000 156.585193 -0.191559 0.981481 0.000000 -11.628998 0.000000 0.000000 1.000000 0.000000
0.981437 0.191787 0.000000 157.156724 -0.191787 0.981437 0.000000 -11.763185 0.000000 0.000000 1.000000 0.000000
0.981207 0.192957 0.000000 157.737067 -0.192957 0.981207 0.000000 -11.886333 0.000000 0.000000 1.000000 0.000000
0.980848 0.194777 0.000000 158.309766 -0.194777 0.980848 0.000000 -12.005040 0.000000 0.000000 1.000000 0.000000
0.980853 0.194750 0.000000 158.878351 -0.194750 0.980853 0.000000 -12.135286 0.000000 0.000000 1.000000 0.000000
0.980939 0.194316 0.000000 159.445695 -0.194316 0.980939 0.000000 -12.260752 0.000000 0.000000 1.000000 0.000000
0.980765 0.195192 0.000000 160.017914 -0.195192 0.980765 0.000000 -12.382939 0.000000 0.000000 1.000000 0.000000
0.980754 0.195245 0.000000 160.581442 -0.195245 0.980754 0.000000 -12.507215 0.000000 0.000000 1.000000 0.000000
0.980435 0.196845 0.000000 161.159717 -0.196845 0.980435 0.000000 -12.632093 0.000000 0.000000 1.000000 0.000000
0.979981 0.199093 0.000000 161.730609 -0.199093 0.979981 0.000000 -12.754188 0.000000 0.000000 1.000000 0.000000
0.979382 0.202019 0.000000 162.866225 -0.202019 0.979382 0.000000 -13.009524 0.000000 0.000000 1.000000 0.000000
0.979512 0.201386 0.000000 163.432655 -0.201386 0.979512 0.000000 -13.144905 0.000000 0.000000 1.000000 0.000000
0.979171 0.203036 0.000000 163.963118 -0.203036 0.979171 0.000000 -13.271137 0.000000 0.000000 1.000000 0.000000
0.978401 0.206715 0.000000 164.550724 -0.206715 0.978401 0.000000 -13.401731 0.000000 0.000000 1.000000 0.000000
0.978351 0.206951 0.000000 165.113793 -0.206951 0.978351 0.000000 -13.530003 0.000000 0.000000 1.000000 0.000000
0.978532 0.206093 0.000000 166.222206 -0.206093 0.978532 0.000000 -13.788700 0.000000 0.000000 1.000000 0.000000
0.978485 0.206318 0.000000 166.785948 -0.206318 0.978485 0.000000 -13.922034 0.000000 0.000000 1.000000 0.000000
0.978294 0.207224 0.000000 167.327960 -0.207224 0.978294 0.000000 -14.052163 0.000000 0.000000 1.000000 0.000000
0.978322 0.207092 0.000000 167.895697 -0.207092 0.978322 0.000000 -14.183133 0.000000 0.000000 1.000000 0.000000
0.978056 0.208342 0.000000 168.465002 -0.208342 0.978056 0.000000 -14.312308 0.000000 0.000000 1.000000 0.000000
0.977397 0.211411 0.000000 169.003603 -0.211411 0.977397 0.000000 -14.422921 0.000000 0.000000 1.000000 0.000000
0.976556 0.215265 0.000000 169.759175 -0.215265 0.976556 0.000000 -14.589410 0.000000 0.000000 1.000000 0.000000
0.976054 0.217527 0.000000 170.328251 -0.217527 0.976054 0.000000 -14.715900 0.000000 0.000000 1.000000 0.000000
0.975099 0.221771 0.000000 170.896296 -0.221771 0.975099 0.000000 -14.841334 0.000000 0.000000 1.000000 0.000000
0.974652 0.223727 0.000000 171.503121 -0.223727 0.974652 0.000000 -14.989395 0.000000 0.000000 1.000000 0.000000
0.974997 0.222218 0.000000 172.035871 -0.222218 0.974997 0.000000 -15.128877 0.000000 0.000000 1.000000 0.000000
0.974686 0.223576 0.000000 172.644762 -0.223576 0.974686 0.000000 -15.282762 0.000000 0.000000 1.000000 0.000000
0.974459 0.224567 0.000000 173.212323 -0.224567 0.974459 0.000000 -15.427815 0.000000 0.000000 1.000000 0.000000
0.973954 0.226744 0.000000 173.787266 -0.226744 0.973954 0.000000 -15.568963 0.000000 0.000000 1.000000 0.000000
0.973768 0.227542 0.000000 174.370090 -0.227542 0.973768 0.000000 -15.720535 0.000000 0.000000 1.000000 0.000000
0.974316 0.225186 0.000000 174.934432 -0.225186 0.974316 0.000000 -15.868036 0.000000 0.000000 1.000000 0.000000
0.974332 0.225115 0.000000 175.507467 -0.225115 0.974332 0.000000 -16.016868 0.000000 0.000000 1.000000 0.000000
0.974662 0.223682 0.000000 176.072502 -0.223682 0.974662 0.000000 -16.170192 0.000000 0.000000 1.000000 0.000000
0.975747 0.218900 0.000000 176.642454 -0.218900 0.975747 0.000000 -16.323435 0.000000 0.000000 1.000000 0.000000
0.976560 0.215247 0.000000 177.212722 -0.215247 0.976560 0.000000 -16.468508 0.000000 0.000000 1.000000 0.000000
0.976523 0.215412 0.000000 177.786600 -0.215412 0.976523 0.000000 -16.597278 0.000000 0.000000 1.000000 0.000000
0.976631 0.214922 0.000000 178.360777 -0.214922 0.976631 0.000000 -16.740199 0.000000 0.000000 1.000000 0.000000
0.976380 0.216061 0.000000 178.938576 -0.216061 0.976380 0.000000 -16.878286 0.000000 0.000000 1.000000 0.000000
0.976001 0.217764 0.000000 179.474729 -0.217764 0.976001 0.000000 -17.009092 0.000000 0.000000 1.000000 0.000000
0.976020 0.217681 0.000000 180.086270 -0.217681 0.976020 0.000000 -17.154119 0.000000 0.000000 1.000000 0.000000
0.976053 0.217533 0.000000 180.619999 -0.217533 0.976053 0.000000 -17.287188 0.000000 0.000000 1.000000 0.000000
0.975782 0.218746 0.000000 181.198791 -0.218746 0.975782 0.000000 -17.428983 0.000000 0.000000 1.000000 0.000000
0.975210 0.221283 0.000000 181.781604 -0.221283 0.975210 0.000000 -17.568030 0.000000 0.000000 1.000000 0.000000
0.973966 0.226696 0.000000 182.364567 -0.226696 0.973966 0.000000 -17.711647 0.000000 0.000000 1.000000 0.000000
0.973089 0.230428 0.000000 182.941436 -0.230428 0.973089 0.000000 -17.860300 0.000000 0.000000 1.000000 0.000000
0.973060 0.230553 0.000000 183.515467 -0.230553 0.973060 0.000000 -18.009006 0.000000 0.000000 1.000000 0.000000
0.973028 0.230687 0.000000 184.089296 -0.230687 0.973028 0.000000 -18.158601 0.000000 0.000000 1.000000 0.000000
0.972805 0.231624 0.000000 184.668805 -0.231624 0.972805 0.000000 -18.301687 0.000000 0.000000 1.000000 0.000000
0.972310 0.233697 0.000000 185.250450 -0.233697 0.972310 0.000000 -18.447542 0.000000 0.000000 1.000000 0.000000
0.972256 0.233920 0.000000 185.830706 -0.233920 0.972256 0.000000 -18.604123 0.000000 0.000000 1.000000 0.000000
0.972509 0.232867 0.000000 186.401591 -0.232867 0.972509 0.000000 -18.756024 0.000000 0.000000 1.000000 0.000000
0.972217 0.234082 0.000000 186.992408 -0.234082 0.972217 0.000000 -18.903173 0.000000 0.000000 1.000000 0.000000
0.971687 0.236273 0.000000 187.581077 -0.236273 0.971687 0.000000 -19.045708 0.000000 0.000000 1.000000 0.000000
0.971568 0.236762 0.000000 188.128581 -0.236762 0.971568 0.000000 -19.187082 0.000000 0.000000 1.000000 0.000000
0.971024 0.238980 0.000000 188.693918 -0.238980 0.971024 0.000000 -19.338692 0.000000 0.000000 1.000000 0.000000
0.970467 0.241236 0.000000 189.273427 -0.241236 0.970467 0.000000 -19.485881 0.000000 0.000000 1.000000 0.000000
0.970781 0.239968 0.000000 189.828031 -0.239968 0.970781 0.000000 -19.636322 0.000000 0.000000 1.000000 0.000000
0.970667 0.240426 0.000000 190.402144 -0.240426 0.970667 0.000000 -19.791230 0.000000 0.000000 1.000000 0.000000
0.970746 0.240111 0.000000 190.982482 -0.240111 0.970746 0.000000 -19.955908 0.000000 0.000000 1.000000 0.000000
0.971068 0.238804 0.000000 191.524012 -0.238804 0.971068 0.000000 -20.106022 0.000000 0.000000 1.000000 0.000000
0.970463 0.241249 0.000000 192.092097 -0.241249 0.970463 0.000000 -20.258289 0.000000 0.000000 1.000000 0.000000
0.969958 0.243271 0.000000 192.662799 -0.243271 0.969958 0.000000 -20.405310 0.000000 0.000000 1.000000 0.000000
0.969702 0.244290 0.000000 193.202322 -0.244290 0.969702 0.000000 -20.539644 0.000000 0.000000 1.000000 0.000000
0.969263 0.246029 0.000000 193.775049 -0.246029 0.969263 0.000000 -20.690912 0.000000 0.000000 1.000000 0.000000
0.968812 0.247798 0.000000 194.340685 -0.247798 0.968812 0.000000 -20.845526 0.000000 0.000000 1.000000 0.000000
0.967968 0.251072 0.000000 195.156426 -0.251072 0.967968 0.000000 -21.076628 0.000000 0.000000 1.000000 0.000000
0.967297 0.253646 0.000000 195.716774 -0.253646 0.967297 0.000000 -21.231567 0.000000 0.000000 1.000000 0.000000
0.967198 0.254022 0.000000 196.282644 -0.254022 0.967198 0.000000 -21.386270 0.000000 0.000000 1.000000 0.000000
0.967128 0.254291 0.000000 196.839452 -0.254291 0.967128 0.000000 -21.547726 0.000000 0.000000 1.000000 0.000000
0.967234 0.253888 0.000000 197.402668 -0.253888 0.967234 0.000000 -21.706861 0.000000 0.000000 1.000000 0.000000
0.967892 0.251367 0.000000 197.966101 -0.251367 0.967892 0.000000 -21.866199 0.000000 0.000000 1.000000 0.000000
0.968080 0.250640 0.000000 198.526106 -0.250640 0.968080 0.000000 -22.021420 0.000000 0.000000 1.000000 0.000000
0.967997 0.250961 0.000000 199.101448 -0.250961 0.967997 0.000000 -22.186794 0.000000 0.000000 1.000000 0.000000
0.967854 0.251513 0.000000 199.593694 -0.251513 0.967854 0.000000 -22.325269 0.000000 0.000000 1.000000 0.000000
0.967560 0.252643 0.000000 200.571550 -0.252643 0.967560 0.000000 -22.598497 0.000000 0.000000 1.000000 0.000000
0.967339 0.253488 0.000000 201.140912 -0.253488 0.967339 0.000000 -22.761058 0.000000 0.000000 1.000000 0.000000
0.966985 0.254832 0.000000 201.853602 -0.254832 0.966985 0.000000 -22.964928 0.000000 0.000000 1.000000 0.000000
0.966496 0.256680 0.000000 202.564375 -0.256680 0.966496 0.000000 -23.167261 0.000000 0.000000 1.000000 0.000000
0.966251 0.257603 0.000000 203.519442 -0.257603 0.966251 0.000000 -23.437622 0.000000 0.000000 1.000000 0.000000
0.966444 0.256878 0.000000 204.074397 -0.256878 0.966444 0.000000 -23.595608 0.000000 0.000000 1.000000 0.000000
0.966426 0.256947 0.000000 204.643256 -0.256947 0.966426 0.000000 -23.762197 0.000000 0.000000 1.000000 0.000000
0.966165 0.257927 0.000000 205.194090 -0.257927 0.966165 0.000000 -23.924688 0.000000 0.000000 1.000000 0.000000
0.966549 0.256481 0.000000 205.712039 -0.256481 0.966549 0.000000 -24.082699 0.000000 0.000000 1.000000 0.000000
0.966609 0.256257 0.000000 206.268947 -0.256257 0.966609 0.000000 -24.239408 0.000000 0.000000 1.000000 0.000000
0.966263 0.257558 0.000000 206.820707 -0.257558 0.966263 0.000000 -24.405292 0.000000 0.000000 1.000000 0.000000
0.966555 0.256461 0.000000 207.617674 -0.256461 0.966555 0.000000 -24.645461 0.000000 0.000000 1.000000 0.000000
0.966817 0.255470 0.000000 208.180647 -0.255470 0.966817 0.000000 -24.804992 0.000000 0.000000 1.000000 0.000000
0.966799 0.255537 0.000000 208.738524 -0.255537 0.966799 0.000000 -24.963368 0.000000 0.000000 1.000000 0.000000
0.967369 0.253370 0.000000 209.288409 -0.253370 0.967369 0.000000 -25.127404 0.000000 0.000000 1.000000 0.000000
0.967863 0.251477 0.000000 209.873935 -0.251477 0.967863 0.000000 -25.288917 0.000000 0.000000 1.000000 0.000000
0.967836 0.251583 0.000000 210.393070 -0.251583 0.967836 0.000000 -25.436828 0.000000 0.000000 1.000000 0.000000
0.968169 0.250296 0.000000 210.979600 -0.250296 0.968169 0.000000 -25.601409 0.000000 0.000000 1.000000 0.000000
0.968400 0.249404 0.000000 211.490493 -0.249404 0.968400 0.000000 -25.741547 0.000000 0.000000 1.000000 0.000000
