0.999986 0.005342 0.000000 1.174742 -0.005342 0.999986 0.000000 -0.015138 0.000000 0.000000 1.000000 0.000000
0.999973 0.007385 0.000000 1.728260 -0.007385 0.999973 0.000000 -0.034506 0.000000 0.000000 1.000000 0.000000
0.999942 0.010733 0.000000 2.883479 -0.010733 0.999942 0.000000 -0.071904 0.000000 0.000000 1.000000 0.000000
0.999916 0.012976 0.000000 3.476315 -0.012976 0.999916 0.000000 -0.079558 0.000000 0.000000 1.000000 0.000000
0.999888 0.014994 0.000000 4.025936 -0.014994 0.999888 0.000000 -0.088607 0.000000 0.000000 1.000000 0.000000
0.999872 0.016003 0.000000 4.624905 -0.016003 0.999872 0.000000 -0.100735 0.000000 0.000000 1.000000 0.000000
0.999832 0.018308 0.000000 5.428274 -0.018308 0.999832 0.000000 -0.117924 0.000000 0.000000 1.000000 0.000000
0.999800 0.020007 0.000000 6.004348 -0.020007 0.999800 0.000000 -0.134405 0.000000 0.000000 1.000000 0.000000
0.999764 0.021707 0.000000 6.561504 -0.021707 0.999764 0.000000 -0.141404 0.000000 0.000000 1.000000 0.000000
0.999653 0.026354 0.000000 7.151535 -0.026354 0.999653 0.000000 -0.149010 0.000000 0.000000 1.000000 0.000000
0.999481 0.032208 0.000000 7.693027 -0.032208 0.999481 0.000000 -0.164032 0.000000 0.000000 1.000000 0.000000
0.999256 0.038555 0.000000 8.273563 -0.038555 0.999256 0.000000 -0.189464 0.000000 0.000000 1.000000 0.000000
0.999000 0.044712 0.000000 8.811267 -0.044712 0.999000 0.000000 -0.215003 0.000000 0.000000 1.000000 0.000000
0.998674 0.051474 0.000000 9.530131 -0.051474 0.998674 0.000000 -0.263364 0.000000 0.000000 1.000000 0.000000
0.998460 0.055475 0.000000 10.100441 -0.055475 0.998460 0.000000 -0.305032 0.000000 0.000000 1.000000 0.000000
0.998208 0.059844 0.000000 10.677672 -0.059844 0.998208 0.000000 -0.341166 0.000000 0.000000 1.000000 0.000000
0.997843 0.065642 0.000000 11.247992 -0.065642 0.997843 0.000000 -0.372614 0.000000 0.000000 1.000000 0.000000
0.997129 0.075728 0.000000 12.398819 -0.075728 0.997129 0.000000 -0.438280 0.000000 0.000000 1.000000 0.000000
0.996702 0.081149 0.000000 12.934978 -0.081149 0.996702 0.000000 -0.466451 0.000000 0.000000 1.000000 0.000000
0.996035 0.088966 0.000000 13.501238 -0.088966 0.996035 0.000000 -0.515804 0.000000 0.000000 1.000000 0.000000
0.995343 0.096400 0.000000 14.036671 -0.096400 0.995343 0.000000 -0.561115 0.000000 0.000000 1.000000 0.000000
0.994636 0.103435 0.000000 14.599682 -0.103435 0.994636 0.000000 -0.610123 0.000000 0.000000 1.000000 0.000000
0.994060 0.108837 0.000000 15.128595 -0.108837 0.994060 0.000000 -0.670878 0.000000 0.000000 1.000000 0.000000
0.993414 0.114581 0.000000 15.702496 -0.114581 0.993414 0.000000 -0.742431 0.000000 0.000000 1.000000 0.000000
0.992643 0.121079 0.000000 16.235300 -0.121079 0.992643 0.000000 -0.805433 0.000000 0.000000 1.000000 0.000000
0.991128 0.132910 0.000000 16.980134 -0.132910 0.991128 0.000000 -0.895931 0.000000 0.000000 1.000000 0.000000
0.989983 0.141187 0.000000 17.547004 -0.141187 0.989983 0.000000 -0.973632 0.000000 0.000000 1.000000 0.000000
0.989215 0.146473 0.000000 18.098918 -0.146473 0.989215 0.000000 -1.053707 0.000000 0.000000 1.000000 0.000000
0.988518 0.151106 0.000000 18.653322 -0.151106 0.988518 0.000000 -1.141309 0.000000 0.000000 1.000000 0.000000
0.987606 0.156950 0.000000 19.224461 -0.156950 0.987606 0.000000 -1.230412 0.000000 0.000000 1.000000 0.000000
0.986550 0.163459 0.000000 19.759694 -0.163459 0.986550 0.000000 -1.315600 0.000000 0.000000 1.000000 0.000000
0.985482 0.169781 0.000000 20.282769 -0.169781 0.985482 0.000000 -1.400889 0.000000 0.000000 1.000000 0.000000
0.984009 0.178118 0.000000 20.844776 -0.178118 0.984009 0.000000 -1.499695 0.000000 0.000000 1.000000 0.000000
0.982276 0.187439 0.000000 21.360736 -0.187439 0.982276 0.000000 -1.597774 0.000000 0.000000 1.000000 0.000000
0.980744 0.195296 0.000000 21.916775 -0.195296 0.980744 0.000000 -1.714336 0.000000 0.000000 1.000000 0.000000
0.979298 0.202425 0.000000 22.637673 -0.202425 0.979298 0.000000 -1.874558 0.000000 0.000000 1.000000 0.000000
0.977948 0.208847 0.000000 23.188031 -0.208847 0.977948 0.000000 -1.994458 0.000000 0.000000 1.000000 0.000000
0.976173 0.216992 0.000000 23.769229 -0.216992 0.976173 0.000000 -2.120046 0.000000 0.000000 1.000000 0.000000
0.974465 0.224538 0.000000 24.310952 -0.224538 0.974465 0.000000 -2.239834 0.000000 0.000000 1.000000 0.000000
0.972817 0.231577 0.000000 24.855873 -0.231577 0.972817 0.000000 -2.367175 0.000000 0.000000 1.000000 0.000000
0.971391 0.237488 0.000000 25.360871 -0.237488 0.971391 0.000000 -2.488679 0.000000 0.000000 1.000000 0.000000
0.970312 0.241858 0.000000 25.903654 -0.241858 0.970312 0.000000 -2.620028 0.000000 0.000000 1.000000 0.000000
0.969730 0.244181 0.000000 26.409775 -0.244181 0.969730 0.000000 -2.735634 0.000000 0.000000 1.000000 0.000000
0.968258 0.249952 0.000000 26.945441 -0.249952 0.968258 0.000000 -2.865132 0.000000 0.000000 1.000000 0.000000
0.965660 0.259811 0.000000 27.960267 -0.259811 0.965660 0.000000 -3.135177 0.000000 0.000000 1.000000 0.000000
0.964199 0.265181 0.000000 28.437921 -0.265181 0.964199 0.000000 -3.262155 0.000000 0.000000 1.000000 0.000000
0.962628 0.270828 0.000000 28.957253 -0.270828 0.962628 0.000000 -3.403540 0.000000 0.000000 1.000000 0.000000
0.960707 0.277566 0.000000 29.625404 -0.277566 0.960707 0.000000 -3.595979 0.000000 0.000000 1.000000 0.000000
0.959263 0.282514 0.000000 30.106801 -0.282514 0.959263 0.000000 -3.736209 0.000000 0.000000 1.000000 0.000000
0.957477 0.288511 0.000000 30.584765 -0.288511 0.957477 0.000000 -3.879665 0.000000 0.000000 1.000000 0.000000
0.955935 0.293578 0.000000 31.089371 -0.293578 0.955935 0.000000 -4.038845 0.000000 0.000000 1.000000 0.000000
0.954529 0.298117 0.000000 31.566583 -0.298117 0.954529 0.000000 -4.182332 0.000000 0.000000 1.000000 0.000000
0.952086 0.305830 0.000000 32.236708 -0.305830 0.952086 0.000000 -4.396012 0.000000 0.000000 1.000000 0.000000
0.950796 0.309818 0.000000 32.749319 -0.309818 0.950796 0.000000 -4.569066 0.000000 0.000000 1.000000 0.000000
0.949387 0.314108 0.000000 33.259966 -0.314108 0.949387 0.000000 -4.746840 0.000000 0.000000 1.000000 0.000000
0.947662 0.319275 0.000000 33.751040 -0.319275 0.947662 0.000000 -4.919167 0.000000 0.000000 1.000000 0.000000
0.946780 0.321881 0.000000 34.263206 -0.321881 0.946780 0.000000 -5.109104 0.000000 0.000000 1.000000 0.000000
0.945778 0.324815 0.000000 34.764479 -0.324815 0.945778 0.000000 -5.278679 0.000000 0.000000 1.000000 0.000000
0.943914 0.330190 0.000000 35.228652 -0.330190 0.943914 0.000000 -5.445171 0.000000 0.000000 1.000000 0.000000
0.942292 0.334793 0.000000 35.731438 -0.334793 0.942292 0.000000 -5.630240 0.000000 0.000000 1.000000 0.000000
0.940272 0.340424 0.000000 36.200752 -0.340424 0.940272 0.000000 -5.797699 0.000000 0.000000 1.000000 0.000000
0.938037 0.346534 0.000000 36.691758 -0.346534 0.938037 0.000000 -5.973742 0.000000 0.000000 1.000000 0.000000
0.935793 0.352549 0.000000 37.163102 -0.352549 0.935793 0.000000 -6.156280 0.000000 0.000000 1.000000 0.000000
0.933076 0.359679 0.000000 37.665138 -0.359679 0.933076 0.000000 -6.342339 0.000000 0.000000 1.000000 0.000000
0.930747 0.365663 0.000000 38.140752 -0.365663 0.930747 0.000000 -6.519006 0.000000 0.000000 1.000000 0.000000
0.929112 0.369799 0.000000 38.645739 -0.369799 0.929112 0.000000 -6.716354 0.000000 0.000000 1.000000 0.000000
0.927409 0.374049 0.000000 39.104611 -0.374049 0.927409 0.000000 -6.899059 0.000000 0.000000 1.000000 0.000000
0.923820 0.382826 0.000000 39.789665 -0.382826 0.923820 0.000000 -7.177598 0.000000 0.000000 1.000000 0.000000
0.919515 0.393054 0.000000 40.490926 -0.393054 0.919515 0.000000 -7.471808 0.000000 0.000000 1.000000 0.000000
0.916335 0.400413 0.000000 40.974667 -0.400413 0.916335 0.000000 -7.672978 0.000000 0.000000 1.000000 0.000000
0.911501 0.411297 0.000000 41.809135 -0.411297 0.911501 0.000000 -8.046856 0.000000 0.000000 1.000000 0.000000
0.909354 0.416024 0.000000 42.286979 -0.416024 0.909354 0.000000 -8.276101 0.000000 0.000000 1.000000 0.000000
0.908285 0.418352 0.000000 42.766105 -0.418352 0.908285 0.000000 -8.502428 0.000000 0.000000 1.000000 0.000000
0.906278 0.422681 0.000000 43.245218 -0.422681 0.906278 0.000000 -8.706888 0.000000 0.000000 1.000000 0.000000
0.903881 0.427783 0.000000 43.703917 -0.427783 0.903881 0.000000 -8.931506 0.000000 0.000000 1.000000 0.000000
0.902036 0.431662 0.000000 44.207930 -0.431662 0.902036 0.000000 -9.168485 0.000000 0.000000 1.000000 0.000000
0.899614 0.436686 0.000000 44.632461 -0.436686 0.899614 0.000000 -9.374563 0.000000 0.000000 1.000000 0.000000
0.897488 0.441040 0.000000 45.084133 -0.441040 0.897488 0.000000 -9.606850 0.000000 0.000000 1.000000 0.000000
0.896413 0.443220 0.000000 45.530649 -0.443220 0.896413 0.000000 -9.840675 0.000000 0.000000 1.000000 0.000000
0.894872 0.446322 0.000000 45.986461 -0.446322 0.894872 0.000000 -10.058054 0.000000 0.000000 1.000000 0.000000
0.893032 0.449992 0.000000 46.416727 -0.449992 0.893032 0.000000 -10.274153 0.000000 0.000000 1.000000 0.000000
0.891197 0.453617 0.000000 46.849224 -0.453617 0.891197 0.000000 -10.502807 0.000000 0.000000 1.000000 0.000000
0.890408 0.455164 0.000000 47.252130 -0.455164 0.890408 0.000000 -10.710075 0.000000 0.000000 1.000000 0.000000
0.888775 0.458344 0.000000 47.680278 -0.458344 0.888775 0.000000 -10.925078 0.000000 0.000000 1.000000 0.000000
0.887142 0.461496 0.000000 48.081227 -0.461496 0.887142 0.000000 -11.129175 0.000000 0.000000 1.000000 0.000000
0.886653 0.462436 0.000000 48.512167 -0.462436 0.886653 0.000000 -11.348601 0.000000 0.000000 1.000000 0.000000
0.885933 0.463814 0.000000 48.915838 -0.463814 0.885933 0.000000 -11.557478 0.000000 0.000000 1.000000 0.000000
0.885428 0.464777 0.000000 49.309673 -0.464777 0.885428 0.000000 -11.756795 0.000000 0.000000 1.000000 0.000000
0.883110 0.469166 0.000000 49.708317 -0.469166 0.883110 0.000000 -11.953246 0.000000 0.000000 1.000000 0.000000
0.879729 0.475475 0.000000 50.097682 -0.475475 0.879729 0.000000 -12.148259 0.000000 0.000000 1.000000 0.000000
0.877532 0.479517 0.000000 50.474353 -0.479517 0.877532 0.000000 -12.354262 0.000000 0.000000 1.000000 0.000000
0.874777 0.484526 0.000000 50.839310 -0.484526 0.874777 0.000000 -12.551919 0.000000 0.000000 1.000000 0.000000
0.871615 0.490190 0.000000 51.215355 -0.490190 0.871615 0.000000 -12.771665 0.000000 0.000000 1.000000 0.000000
0.866768 0.498712 0.000000 51.756092 -0.498712 0.866768 0.000000 -13.096759 0.000000 0.000000 1.000000 0.000000
0.861815 0.507223 0.000000 52.138441 -0.507223 0.861815 0.000000 -13.330954 0.000000 0.000000 1.000000 0.000000
0.858112 0.513462 0.000000 52.502204 -0.513462 0.858112 0.000000 -13.550118 0.000000 0.000000 1.000000 0.000000
0.855545 0.517729 0.000000 52.849156 -0.517729 0.855545 0.000000 -13.765952 0.000000 0.000000 1.000000 0.000000
0.852100 0.523379 0.000000 53.175708 -0.523379 0.852100 0.000000 -13.975835 0.000000 0.000000 1.000000 0.000000
0.848832 0.528662 0.000000 53.501616 -0.528662 0.848832 0.000000 -14.184129 0.000000 0.000000 1.000000 0.000000
0.845956 0.533252 0.000000 53.823584 -0.533252 0.845956 0.000000 -14.391197 0.000000 0.000000 1.000000 0.000000
0.842397 0.538857 0.000000 54.154168 -0.538857 0.842397 0.000000 -14.602190 0.000000 0.000000 1.000000 0.000000
0.840020 0.542555 0.000000 54.475002 -0.542555 0.840020 0.000000 -14.814086 0.000000 0.000000 1.000000 0.000000
0.838088 0.545535 0.000000 54.796049 -0.545535 0.838088 0.000000 -15.028899 0.000000 0.000000 1.000000 0.000000
0.836436 0.548064 0.000000 55.108731 -0.548064 0.836436 0.000000 -15.239621 0.000000 0.000000 1.000000 0.000000
0.835208 0.549935 0.000000 55.721243 -0.549935 0.835208 0.000000 -15.644345 0.000000 0.000000 1.000000 0.000000
0.834420 0.551128 0.000000 56.018459 -0.551128 0.834420 0.000000 -15.835675 0.000000 0.000000 1.000000 0.000000
0.833735 0.552166 0.000000 56.299070 -0.552166 0.833735 0.000000 -16.016777 0.000000 0.000000 1.000000 0.000000
0.834764 0.550608 0.000000 56.564151 -0.550608 0.834764 0.000000 -16.191380 0.000000 0.000000 1.000000 0.000000
0.834660 0.550766 0.000000 56.867536 -0.550766 0.834660 0.000000 -16.377285 0.000000 0.000000 1.000000 0.000000
0.833145 0.553054 0.000000 57.134637 -0.553054 0.833145 0.000000 -16.533858 0.000000 0.000000 1.000000 0.000000
0.831919 0.554896 0.000000 57.416886 -0.554896 0.831919 0.000000 -16.711199 0.000000 0.000000 1.000000 0.000000
0.830882 0.556448 0.000000 57.681577 -0.556448 0.830882 0.000000 -16.879312 0.000000 0.000000 1.000000 0.000000
0.830542 0.556955 0.000000 57.957156 -0.556955 0.830542 0.000000 -17.059840 0.000000 0.000000 1.000000 0.000000
0.829473 0.558547 0.000000 58.206764 -0.558547 0.829473 0.000000 -17.224231 0.000000 0.000000 1.000000 0.000000
0.827896 0.560882 0.000000 58.449259 -0.560882 0.827896 0.000000 -17.382820 0.000000 0.000000 1.000000 0.000000
0.825892 0.563829 0.000000 58.699679 -0.563829 0.825892 0.000000 -17.549670 0.000000 0.000000 1.000000 0.000000
0.823572 0.567211 0.000000 59.057518 -0.567211 0.823572 0.000000 -17.794150 0.000000 0.000000 1.000000 0.000000
0.820944 0.571009 0.000000 59.323188 -0.571009 0.820944 0.000000 -17.964773 0.000000 0.000000 1.000000 0.000000
0.817837 0.575449 0.000000 59.561609 -0.575449 0.817837 0.000000 -18.125763 0.000000 0.000000 1.000000 0.000000
0.814878 0.579632 0.000000 59.793471 -0.579632 0.814878 0.000000 -18.284467 0.000000 0.000000 1.000000 0.000000
0.812031 0.583615 0.000000 60.019701 -0.583615 0.812031 0.000000 -18.446623 0.000000 0.000000 1.000000 0.000000
0.810747 0.585396 0.000000 60.235033 -0.585396 0.810747 0.000000 -18.616548 0.000000 0.000000 1.000000 0.000000
0.810620 0.585572 0.000000 60.442999 -0.585572 0.810620 0.000000 -18.782178 0.000000 0.000000 1.000000 0.000000
0.811524 0.584318 0.000000 60.650842 -0.584318 0.811524 0.000000 -18.947243 0.000000 0.000000 1.000000 0.000000
0.811827 0.583898 0.000000 60.859007 -0.583898 0.811827 0.000000 -19.101335 0.000000 0.000000 1.000000 0.000000
0.810094 0.586300 0.000000 61.052020 -0.586300 0.810094 0.000000 -19.251850 0.000000 0.000000 1.000000 0.000000
0.803983 0.594652 0.000000 61.436791 -0.594652 0.803983 0.000000 -19.526801 0.000000 0.000000 1.000000 0.000000
0.801927 0.597422 0.000000 61.604953 -0.597422 0.801927 0.000000 -19.652917 0.000000 0.000000 1.000000 0.000000
0.802026 0.597289 0.000000 61.763297 -0.597289 0.802026 0.000000 -19.790802 0.000000 0.000000 1.000000 0.000000
0.802319 0.596895 0.000000 61.932438 -0.596895 0.802319 0.000000 -19.931689 0.000000 0.000000 1.000000 0.000000
0.801754 0.597654 0.000000 62.090227 -0.597654 0.801754 0.000000 -20.058127 0.000000 0.000000 1.000000 0.000000
0.801201 0.598395 0.000000 62.241060 -0.598395 0.801201 0.000000 -20.179002 0.000000 0.000000 1.000000 0.000000
0.800196 0.599739 0.000000 62.402149 -0.599739 0.800196 0.000000 -20.303638 0.000000 0.000000 1.000000 0.000000
0.798920 0.601437 0.000000 62.555169 -0.601437 0.798920 0.000000 -20.418674 0.000000 0.000000 1.000000 0.000000
0.797328 0.603547 0.000000 62.718112 -0.603547 0.797328 0.000000 -20.539053 0.000000 0.000000 1.000000 0.000000
0.794160 0.607708 0.000000 63.031716 -0.607708 0.794160 0.000000 -20.772985 0.000000 0.000000 1.000000 0.000000
0.793203 0.608958 0.000000 63.181904 -0.608958 0.793203 0.000000 -20.888522 0.000000 0.000000 1.000000 0.000000
0.792339 0.610081 0.000000 63.334692 -0.610081 0.792339 0.000000 -21.000076 0.000000 0.000000 1.000000 0.000000
0.790668 0.612245 0.000000 63.583841 -0.612245 0.790668 0.000000 -21.195764 0.000000 0.000000 1.000000 0.000000
0.788933 0.614479 0.000000 63.739652 -0.614479 0.788933 0.000000 -21.319102 0.000000 0.000000 1.000000 0.000000
0.786780 0.617233 0.000000 63.891803 -0.617233 0.786780 0.000000 -21.441211 0.000000 0.000000 1.000000 0.000000
0.786070 0.618137 0.000000 64.049422 -0.618137 0.786070 0.000000 -21.569888 0.000000 0.000000 1.000000 0.000000
0.785651 0.618669 0.000000 64.203146 -0.618669 0.785651 0.000000 -21.694411 0.000000 0.000000 1.000000 0.000000
0.784524 0.620099 0.000000 64.359204 -0.620099 0.784524 0.000000 -21.817826 0.000000 0.000000 1.000000 0.000000
0.783070 0.621934 0.000000 64.518387 -0.621934 0.783070 0.000000 -21.941547 0.000000 0.000000 1.000000 0.000000
0.779509 0.626391 0.000000 64.839202 -0.626391 0.779509 0.000000 -22.201461 0.000000 0.000000 1.000000 0.000000
0.777669 0.628674 0.000000 65.000464 -0.628674 0.777669 0.000000 -22.332198 0.000000 0.000000 1.000000 0.000000
0.775712 0.631087 0.000000 65.165068 -0.631087 0.775712 0.000000 -22.462250 0.000000 0.000000 1.000000 0.000000
0.774206 0.632933 0.000000 65.324699 -0.632933 0.774206 0.000000 -22.596438 0.000000 0.000000 1.000000 0.000000
0.773223 0.634134 0.000000 65.495484 -0.634134 0.773223 0.000000 -22.741305 0.000000 0.000000 1.000000 0.000000
0.771747 0.635930 0.000000 65.660760 -0.635930 0.771747 0.000000 -22.879833 0.000000 0.000000 1.000000 0.000000
0.769983 0.638065 0.000000 65.819380 -0.638065 0.769983 0.000000 -23.015322 0.000000 0.000000 1.000000 0.000000
0.767363 0.641213 0.000000 65.995962 -0.641213 0.767363 0.000000 -23.162659 0.000000 0.000000 1.000000 0.000000
0.763863 0.645378 0.000000 66.168058 -0.645378 0.763863 0.000000 -23.297562 0.000000 0.000000 1.000000 0.000000
0.760133 0.649767 0.000000 66.336397 -0.649767 0.760133 0.000000 -23.434456 0.000000 0.000000 1.000000 0.000000
0.757184 0.653201 0.000000 66.513584 -0.653201 0.757184 0.000000 -23.586857 0.000000 0.000000 1.000000 0.000000
0.755133 0.655572 0.000000 66.682809 -0.655572 0.755133 0.000000 -23.726939 0.000000 0.000000 1.000000 0.000000
0.753245 0.657740 0.000000 66.870379 -0.657740 0.753245 0.000000 -23.881631 0.000000 0.000000 1.000000 0.000000
0.750792 0.660539 0.000000 67.039874 -0.660539 0.750792 0.000000 -24.040680 0.000000 0.000000 1.000000 0.000000
0.747898 0.663814 0.000000 67.225038 -0.663814 0.747898 0.000000 -24.222782 0.000000 0.000000 1.000000 0.000000
0.744926 0.667147 0.000000 67.400057 -0.667147 0.744926 0.000000 -24.389229 0.000000 0.000000 1.000000 0.000000
0.740090 0.672507 0.000000 67.677544 -0.672507 0.740090 0.000000 -24.637237 0.000000 0.000000 1.000000 0.000000
0.738002 0.674799 0.000000 67.854022 -0.674799 0.738002 0.000000 -24.806879 0.000000 0.000000 1.000000 0.000000
0.736501 0.676437 0.000000 68.049558 -0.676437 0.736501 0.000000 -24.990456 0.000000 0.000000 1.000000 0.000000
0.734839 0.678242 0.000000 68.229172 -0.678242 0.734839 0.000000 -25.165386 0.000000 0.000000 1.000000 0.000000
0.731211 0.682151 0.000000 68.612052 -0.682151 0.731211 0.000000 -25.542071 0.000000 0.000000 1.000000 0.000000
0.729307 0.684187 0.000000 68.792436 -0.684187 0.729307 0.000000 -25.722502 0.000000 0.000000 1.000000 0.000000
0.727395 0.686219 0.000000 68.971107 -0.686219 0.727395 0.000000 -25.892604 0.000000 0.000000 1.000000 0.000000
0.726150 0.687537 0.000000 69.157956 -0.687537 0.726150 0.000000 -26.076922 0.000000 0.000000 1.000000 0.000000
0.722504 0.691367 0.000000 69.429781 -0.691367 0.722504 0.000000 -26.307875 0.000000 0.000000 1.000000 0.000000
0.718351 0.695681 0.000000 69.622967 -0.695681 0.718351 0.000000 -26.485024 0.000000 0.000000 1.000000 0.000000
0.714219 0.699923 0.000000 69.796320 -0.699923 0.714219 0.000000 -26.663998 0.000000 0.000000 1.000000 0.000000
0.711052 0.703139 0.000000 69.978435 -0.703139 0.711052 0.000000 -26.856020 0.000000 0.000000 1.000000 0.000000
0.709348 0.704858 0.000000 70.150659 -0.704858 0.709348 0.000000 -27.036576 0.000000 0.000000 1.000000 0.000000
0.707027 0.707187 0.000000 70.320974 -0.707187 0.707027 0.000000 -27.215168 0.000000 0.000000 1.000000 0.000000
0.705724 0.708487 0.000000 70.499150 -0.708487 0.705724 0.000000 -27.403239 0.000000 0.000000 1.000000 0.000000
0.704588 0.709617 0.000000 70.669382 -0.709617 0.704588 0.000000 -27.582340 0.000000 0.000000 1.000000 0.000000
0.702504 0.711680 0.000000 70.839727 -0.711680 0.702504 0.000000 -27.754180 0.000000 0.000000 1.000000 0.000000
0.701214 0.712951 0.000000 71.018011 -0.712951 0.701214 0.000000 -27.945275 0.000000 0.000000 1.000000 0.000000
0.701435 0.712734 0.000000 71.182893 -0.712734 0.701435 0.000000 -28.123695 0.000000 0.000000 1.000000 0.000000
0.700985 0.713176 0.000000 71.410076 -0.713176 0.700985 0.000000 -28.371489 0.000000 0.000000 1.000000 0.000000
0.699855 0.714285 0.000000 71.594287 -0.714285 0.699855 0.000000 -28.570283 0.000000 0.000000 1.000000 0.000000
0.699511 0.714622 0.000000 71.761454 -0.714622 0.699511 0.000000 -28.759992 0.000000 0.000000 1.000000 0.000000
0.698997 0.715125 0.000000 71.927899 -0.715125 0.698997 0.000000 -28.946424 0.000000 0.000000 1.000000 0.000000
0.699553 0.714581 0.000000 72.087638 -0.714581 0.699553 0.000000 -29.139834 0.000000 0.000000 1.000000 0.000000
0.703732 0.710466 0.000000 72.245426 -0.710466 0.703732 0.000000 -29.323852 0.000000 0.000000 1.000000 0.000000
0.706185 0.708027 0.000000 72.425408 -0.708027 0.706185 0.000000 -29.496612 0.000000 0.000000 1.000000 0.000000
0.707035 0.707178 0.000000 72.602424 -0.707178 0.707035 0.000000 -29.669795 0.000000 0.000000 1.000000 0.000000
0.708614 0.705596 0.000000 72.770735 -0.705596 0.708614 0.000000 -29.841874 0.000000 0.000000 1.000000 0.000000
0.708865 0.705345 0.000000 72.921502 -0.705345 0.708865 0.000000 -29.993663 0.000000 0.000000 1.000000 0.000000
0.709309 0.704897 0.000000 73.239551 -0.704897 0.709309 0.000000 -30.315231 0.000000 0.000000 1.000000 0.000000
0.710978 0.703214 0.000000 73.395411 -0.703214 0.710978 0.000000 -30.482053 0.000000 0.000000 1.000000 0.000000
0.712644 0.701526 0.000000 73.547263 -0.701526 0.712644 0.000000 -30.643648 0.000000 0.000000 1.000000 0.000000
0.714235 0.699906 0.000000 73.686509 -0.699906 0.714235 0.000000 -30.789961 0.000000 0.000000 1.000000 0.000000
0.715849 0.698255 0.000000 73.840109 -0.698255 0.715849 0.000000 -30.945639 0.000000 0.000000 1.000000 0.000000
0.716129 0.697968 0.000000 73.987847 -0.697968 0.716129 0.000000 -31.093255 0.000000 0.000000 1.000000 0.000000
0.716334 0.697758 0.000000 74.139523 -0.697758 0.716334 0.000000 -31.244884 0.000000 0.000000 1.000000 0.000000
0.718661 0.695361 0.000000 74.390473 -0.695361 0.718661 0.000000 -31.502440 0.000000 0.000000 1.000000 0.000000
0.720988 0.692947 0.000000 74.534065 -0.692947 0.720988 0.000000 -31.654820 0.000000 0.000000 1.000000 0.000000
0.723095 0.690748 0.000000 74.679890 -0.690748 0.723095 0.000000 -31.804786 0.000000 0.000000 1.000000 0.000000
0.725267 0.688467 0.000000 74.825529 -0.688467 0.725267 0.000000 -31.952151 0.000000 0.000000 1.000000 0.000000
0.727788 0.685802 0.000000 74.966607 -0.685802 0.727788 0.000000 -32.094336 0.000000 0.000000 1.000000 0.000000
0.730898 0.682486 0.000000 75.103787 -0.682486 0.730898 0.000000 -32.240728 0.000000 0.000000 1.000000 0.000000
0.737839 0.674977 0.000000 75.379911 -0.674977 0.737839 0.000000 -32.505830 0.000000 0.000000 1.000000 0.000000
0.740855 0.671665 0.000000 75.513353 -0.671665 0.740855 0.000000 -32.619392 0.000000 0.000000 1.000000 0.000000
0.744091 0.668079 0.000000 75.644544 -0.668079 0.744091 0.000000 -32.733712 0.000000 0.000000 1.000000 0.000000
0.748688 0.662923 0.000000 75.878317 -0.662923 0.748688 0.000000 -32.927292 0.000000 0.000000 1.000000 0.000000
0.755193 0.655502 0.000000 76.174217 -0.655502 0.755193 0.000000 -33.190583 0.000000 0.000000 1.000000 0.000000
0.760461 0.649384 0.000000 76.347787 -0.649384 0.760461 0.000000 -33.338619 0.000000 0.000000 1.000000 0.000000
0.764283 0.644880 0.000000 76.458857 -0.644880 0.764283 0.000000 -33.429840 0.000000 0.000000 1.000000 0.000000
0.772383 0.635157 0.000000 76.676779 -0.635157 0.772383 0.000000 -33.619874 0.000000 0.000000 1.000000 0.000000
0.776181 0.630510 0.000000 76.783451 -0.630510 0.776181 0.000000 -33.708481 0.000000 0.000000 1.000000 0.000000
0.779048 0.626965 0.000000 76.883290 -0.626965 0.779048 0.000000 -33.785645 0.000000 0.000000 1.000000 0.000000
0.782155 0.623084 0.000000 76.986963 -0.623084 0.782155 0.000000 -33.865826 0.000000 0.000000 1.000000 0.000000
0.786823 0.617179 0.000000 77.144500 -0.617179 0.786823 0.000000 -33.988734 0.000000 0.000000 1.000000 0.000000
0.793329 0.608793 0.000000 77.331788 -0.608793 0.793329 0.000000 -34.137994 0.000000 0.000000 1.000000 0.000000
0.796944 0.604053 0.000000 77.426835 -0.604053 0.796944 0.000000 -34.207601 0.000000 0.000000 1.000000 0.000000
0.800503 0.599329 0.000000 77.517835 -0.599329 0.800503 0.000000 -34.277607 0.000000 0.000000 1.000000 0.000000
0.803800 0.594899 0.000000 77.603909 -0.594899 0.803800 0.000000 -34.342015 0.000000 0.000000 1.000000 0.000000
0.806834 0.590779 0.000000 77.691998 -0.590779 0.806834 0.000000 -34.404037 0.000000 0.000000 1.000000 0.000000
0.809813 0.586688 0.000000 77.772114 -0.586688 0.809813 0.000000 -34.460543 0.000000 0.000000 1.000000 0.000000
0.815668 0.578520 0.000000 77.921218 -0.578520 0.815668 0.000000 -34.574473 0.000000 0.000000 1.000000 0.000000
0.818600 0.574365 0.000000 77.989093 -0.574365 0.818600 0.000000 -34.621744 0.000000 0.000000 1.000000 0.000000
0.821196 0.570646 0.000000 78.055358 -0.570646 0.821196 0.000000 -34.667099 0.000000 0.000000 1.000000 0.000000
0.823683 0.567051 0.000000 78.111682 -0.567051 0.823683 0.000000 -34.708094 0.000000 0.000000 1.000000 0.000000
0.826042 0.563609 0.000000 78.164257 -0.563609 0.826042 0.000000 -34.742197 0.000000 0.000000 1.000000 0.000000
0.827312 0.561743 0.000000 78.205608 -0.561743 0.827312 0.000000 -34.771442 0.000000 0.000000 1.000000 0.000000
0.828274 0.560324 0.000000 78.246150 -0.560324 0.828274 0.000000 -34.797838 0.000000 0.000000 1.000000 0.000000
0.830056 0.557680 0.000000 78.313010 -0.557680 0.830056 0.000000 -34.841023 0.000000 0.000000 1.000000 0.000000
0.830978 0.556305 0.000000 78.343365 -0.556305 0.830978 0.000000 -34.863409 0.000000 0.000000 1.000000 0.000000
0.831537 0.555470 0.000000 78.374050 -0.555470 0.831537 0.000000 -34.882952 0.000000 0.000000 1.000000 0.000000
0.832355 0.554243 0.000000 78.399884 -0.554243 0.832355 0.000000 -34.896869 0.000000 0.000000 1.000000 0.000000
0.833657 0.552283 0.000000 78.422226 -0.552283 0.833657 0.000000 -34.911745 0.000000 0.000000 1.000000 0.000000
0.834156 0.551528 0.000000 78.441833 -0.551528 0.834156 0.000000 -34.924044 0.000000 0.000000 1.000000 0.000000
0.834304 0.551305 0.000000 78.455792 -0.551305 0.834304 0.000000 -34.935069 0.000000 0.000000 1.000000 0.000000
0.835030 0.550205 0.000000 78.465936 -0.550205 0.835030 0.000000 -34.946713 0.000000 0.000000 1.000000 0.000000
0.835588 0.549356 0.000000 78.478355 -0.549356 0.835588 0.000000 -34.956538 0.000000 0.000000 1.000000 0.000000
0.835491 0.549505 0.000000 78.482692 -0.549505 0.835491 0.000000 -34.954702 0.000000 0.000000 1.000000 0.000000
0.835942 0.548817 0.000000 78.485136 -0.548817 0.835942 0.000000 -34.953355 0.000000 0.000000 1.000000 0.000000
0.835544 0.549424 0.000000 78.485210 -0.549424 0.835544 0.000000 -34.949714 0.000000 0.000000 1.000000 0.000000
0.835188 0.549964 0.000000 78.484631 -0.549964 0.835188 0.000000 -34.948519 0.000000 0.000000 1.000000 0.000000
0.835088 0.550117 0.000000 78.482690 -0.550117 0.835088 0.000000 -34.948780 0.000000 0.000000 1.000000 0.000000
0.835353 0.549714 0.000000 78.477803 -0.549714 0.835353 0.000000 -34.953144 0.000000 0.000000 1.000000 0.000000
0.835975 0.548767 0.000000 78.475968 -0.548767 0.835975 0.000000 -34.956085 0.000000 0.000000 1.000000 0.000000
0.835718 0.549158 0.000000 78.475729 -0.549158 0.835718 0.000000 -34.956507 0.000000 0.000000 1.000000 0.000000
0.835227 0.549906 0.000000 78.476550 -0.549906 0.835227 0.000000 -34.955116 0.000000 0.000000 1.000000 0.000000
0.835207 0.549936 0.000000 78.476949 -0.549936 0.835207 0.000000 -34.953988 0.000000 0.000000 1.000000 0.000000
0.835164 0.550001 0.000000 78.476843 -0.550001 0.835164 0.000000 -34.953552 0.000000 0.000000 1.000000 0.000000
0.835121 0.550067 0.000000 78.476755 -0.550067 0.835121 0.000000 -34.952520 0.000000 0.000000 1.000000 0.000000
0.835020 0.550219 0.000000 78.477599 -0.550219 0.835020 0.000000 -34.949600 0.000000 0.000000 1.000000 0.000000
0.834921 0.550369 0.000000 78.478880 -0.550369 0.834921 0.000000 -34.946803 0.000000 0.000000 1.000000 0.000000
0.834940 0.550342 0.000000 78.479254 -0.550342 0.834940 0.000000 -34.944723 0.000000 0.000000 1.000000 0.000000
0.834977 0.550284 0.000000 78.479157 -0.550284 0.834977 0.000000 -34.944679 0.000000 0.000000 1.000000 0.000000
0.835002 0.550247 0.000000 78.479680 -0.550247 0.835002 0.000000 -34.944698 0.000000 0.000000 1.000000 0.000000
0.834970 0.550295 0.000000 78.479844 -0.550295 0.834970 0.000000 -34.944456 0.000000 0.000000 1.000000 0.000000
0.834961 0.550309 0.000000 78.480137 -0.550309 0.834961 0.000000 -34.944620 0.000000 0.000000 1.000000 0.000000
0.834972 0.550293 0.000000 78.479962 -0.550293 0.834972 0.000000 -34.945186 0.000000 0.000000 1.000000 0.000000
0.834962 0.550308 0.000000 78.480150 -0.550308 0.834962 0.000000 -34.945552 0.000000 0.000000 1.000000 0.000000
0.834943 0.550336 0.000000 78.479989 -0.550336 0.834943 0.000000 -34.946020 0.000000 0.000000 1.000000 0.000000
0.834898 0.550404 0.000000 78.479930 -0.550404 0.834898 0.000000 -34.947760 0.000000 0.000000 1.000000 0.000000
0.834711 0.550689 0.000000 78.479561 -0.550689 0.834711 0.000000 -34.949050 0.000000 0.000000 1.000000 0.000000
0.834650 0.550781 0.000000 78.479722 -0.550781 0.834650 0.000000 -34.948719 0.000000 0.000000 1.000000 0.000000
0.834670 0.550751 0.000000 78.479765 -0.550751 0.834670 0.000000 -34.948529 0.000000 0.000000 1.000000 0.000000
0.834710 0.550690 0.000000 78.479610 -0.550690 0.834710 0.000000 -34.948707 0.000000 0.000000 1.000000 0.000000
0.834729 0.550661 0.000000 78.479339 -0.550661 0.834729 0.000000 -34.948498 0.000000 0.000000 1.000000 0.000000
0.834711 0.550688 0.000000 78.479442 -0.550688 0.834711 0.000000 -34.948427 0.000000 0.000000 1.000000 0.000000
0.834669 0.550751 0.000000 78.479446 -0.550751 0.834669 0.000000 -34.948343 0.000000 0.000000 1.000000 0.000000
0.834650 0.550781 0.000000 78.479251 -0.550781 0.834650 0.000000 -34.948546 0.000000 0.000000 1.000000 0.000000
0.834598 0.550860 0.000000 78.478572 -0.550860 0.834598 0.000000 -34.948558 0.000000 0.000000 1.000000 0.000000
0.834604 0.550850 0.000000 78.478316 -0.550850 0.834604 0.000000 -34.948292 0.000000 0.000000 1.000000 0.000000
0.834605 0.550849 0.000000 78.478316 -0.550849 0.834605 0.000000 -34.948287 0.000000 0.000000 1.000000 0.000000
0.834593 0.550868 0.000000 78.478279 -0.550868 0.834593 0.000000 -34.948101 0.000000 0.000000 1.000000 0.000000
0.834573 0.550897 0.000000 78.478316 -0.550897 0.834573 0.000000 -34.947958 0.000000 0.000000 1.000000 0.000000
0.834609 0.550842 0.000000 78.478124 -0.550842 0.834609 0.000000 -34.947503 0.000000 0.000000 1.000000 0.000000
0.834768 0.550602 0.000000 78.477519 -0.550602 0.834768 0.000000 -34.947256 0.000000 0.000000 1.000000 0.000000
0.834903 0.550398 0.000000 78.475999 -0.550398 0.834903 0.000000 -34.947077 0.000000 0.000000 1.000000 0.000000
0.834861 0.550461 0.000000 78.475890 -0.550461 0.834861 0.000000 -34.946706 0.000000 0.000000 1.000000 0.000000
0.834816 0.550529 0.000000 78.475650 -0.550529 0.834816 0.000000 -34.945839 0.000000 0.000000 1.000000 0.000000
0.834820 0.550523 0.000000 78.474711 -0.550523 0.834820 0.000000 -34.944647 0.000000 0.000000 1.000000 0.000000
0.834957 0.550315 0.000000 78.472515 -0.550315 0.834957 0.000000 -34.943212 0.000000 0.000000 1.000000 0.000000
0.835065 0.550151 0.000000 78.471685 -0.550151 0.835065 0.000000 -34.942804 0.000000 0.000000 1.000000 0.000000
0.834983 0.550276 0.000000 78.471032 -0.550276 0.834983 0.000000 -34.941827 0.000000 0.000000 1.000000 0.000000
0.834739 0.550646 0.000000 78.468604 -0.550646 0.834739 0.000000 -34.942935 0.000000 0.000000 1.000000 0.000000
0.834199 0.551463 0.000000 78.469915 -0.551463 0.834199 0.000000 -34.942682 0.000000 0.000000 1.000000 0.000000
0.833729 0.552175 0.000000 78.471565 -0.552175 0.833729 0.000000 -34.943162 0.000000 0.000000 1.000000 0.000000
0.833141 0.553060 0.000000 78.472581 -0.553060 0.833141 0.000000 -34.945315 0.000000 0.000000 1.000000 0.000000
0.833302 0.552818 0.000000 78.471716 -0.552818 0.833302 0.000000 -34.948467 0.000000 0.000000 1.000000 0.000000
0.833473 0.552560 0.000000 78.470837 -0.552560 0.833473 0.000000 -34.952957 0.000000 0.000000 1.000000 0.000000
0.834012 0.551747 0.000000 78.468524 -0.551747 0.834012 0.000000 -34.960411 0.000000 0.000000 1.000000 0.000000
0.835375 0.549681 0.000000 78.461435 -0.549681 0.835375 0.000000 -34.965650 0.000000 0.000000 1.000000 0.000000
0.835845 0.548965 0.000000 78.458618 -0.548965 0.835845 0.000000 -34.965867 0.000000 0.000000 1.000000 0.000000
0.836118 0.548550 0.000000 78.457937 -0.548550 0.836118 0.000000 -34.965925 0.000000 0.000000 1.000000 0.000000
0.836252 0.548345 0.000000 78.456940 -0.548345 0.836252 0.000000 -34.966578 0.000000 0.000000 1.000000 0.000000
0.836314 0.548251 0.000000 78.458034 -0.548251 0.836314 0.000000 -34.968124 0.000000 0.000000 1.000000 0.000000
0.836322 0.548238 0.000000 78.457694 -0.548238 0.836322 0.000000 -34.968183 0.000000 0.000000 1.000000 0.000000
0.836341 0.548209 0.000000 78.457367 -0.548209 0.836341 0.000000 -34.967804 0.000000 0.000000 1.000000 0.000000
0.836441 0.548057 0.000000 78.456130 -0.548057 0.836441 0.000000 -34.967347 0.000000 0.000000 1.000000 0.000000
0.836493 0.547978 0.000000 78.454330 -0.547978 0.836493 0.000000 -34.967139 0.000000 0.000000 1.000000 0.000000
0.836553 0.547885 0.000000 78.452336 -0.547885 0.836553 0.000000 -34.966302 0.000000 0.000000 1.000000 0.000000
0.836683 0.547688 0.000000 78.451474 -0.547688 0.836683 0.000000 -34.965495 0.000000 0.000000 1.000000 0.000000
0.836720 0.547631 0.000000 78.450652 -0.547631 0.836720 0.000000 -34.965102 0.000000 0.000000 1.000000 0.000000
0.836981 0.547233 0.000000 78.449336 -0.547233 0.836981 0.000000 -34.966325 0.000000 0.000000 1.000000 0.000000
0.837373 0.546632 0.000000 78.448133 -0.546632 0.837373 0.000000 -34.967786 0.000000 0.000000 1.000000 0.000000
0.837920 0.545794 0.000000 78.446839 -0.545794 0.837920 0.000000 -34.968182 0.000000 0.000000 1.000000 0.000000
0.838520 0.544871 0.000000 78.445782 -0.544871 0.838520 0.000000 -34.970430 0.000000 0.000000 1.000000 0.000000
0.838790 0.544456 0.000000 78.443858 -0.544456 0.838790 0.000000 -34.970446 0.000000 0.000000 1.000000 0.000000
0.838678 0.544628 0.000000 78.443706 -0.544628 0.838678 0.000000 -34.968899 0.000000 0.000000 1.000000 0.000000
0.837931 0.545776 0.000000 78.448745 -0.545776 0.837931 0.000000 -34.967405 0.000000 0.000000 1.000000 0.000000
0.836497 0.547972 0.000000 78.460051 -0.547972 0.836497 0.000000 -34.967026 0.000000 0.000000 1.000000 0.000000
0.835691 0.549200 0.000000 78.465631 -0.549200 0.835691 0.000000 -34.966594 0.000000 0.000000 1.000000 0.000000
0.834940 0.550341 0.000000 78.470948 -0.550341 0.834940 0.000000 -34.966902 0.000000 0.000000 1.000000 0.000000
0.834095 0.551620 0.000000 78.476231 -0.551620 0.834095 0.000000 -34.966610 0.000000 0.000000 1.000000 0.000000
0.832957 0.553337 0.000000 78.480987 -0.553337 0.832957 0.000000 -34.965603 0.000000 0.000000 1.000000 0.000000
0.832009 0.554762 0.000000 78.486089 -0.554762 0.832009 0.000000 -34.967238 0.000000 0.000000 1.000000 0.000000
0.831539 0.555467 0.000000 78.491723 -0.555467 0.831539 0.000000 -34.972562 0.000000 0.000000 1.000000 0.000000
0.831620 0.555346 0.000000 78.495862 -0.555346 0.831620 0.000000 -34.980506 0.000000 0.000000 1.000000 0.000000
0.832053 0.554696 0.000000 78.501146 -0.554696 0.832053 0.000000 -34.989169 0.000000 0.000000 1.000000 0.000000
0.832714 0.553704 0.000000 78.508557 -0.553704 0.832714 0.000000 -34.997667 0.000000 0.000000 1.000000 0.000000
0.833579 0.552400 0.000000 78.513121 -0.552400 0.833579 0.000000 -35.002975 0.000000 0.000000 1.000000 0.000000
0.834280 0.551341 0.000000 78.520323 -0.551341 0.834280 0.000000 -35.011341 0.000000 0.000000 1.000000 0.000000
0.834547 0.550936 0.000000 78.530645 -0.550936 0.834547 0.000000 -35.019515 0.000000 0.000000 1.000000 0.000000
0.834504 0.551001 0.000000 78.542916 -0.551001 0.834504 0.000000 -35.027087 0.000000 0.000000 1.000000 0.000000
0.834145 0.551545 0.000000 78.560313 -0.551545 0.834145 0.000000 -35.034250 0.000000 0.000000 1.000000 0.000000
0.833752 0.552139 0.000000 78.573317 -0.552139 0.833752 0.000000 -35.039298 0.000000 0.000000 1.000000 0.000000
0.833498 0.552523 0.000000 78.589217 -0.552523 0.833498 0.000000 -35.045879 0.000000 0.000000 1.000000 0.000000
0.833937 0.551859 0.000000 78.613182 -0.551859 0.833937 0.000000 -35.062265 0.000000 0.000000 1.000000 0.000000
0.834285 0.551333 0.000000 78.621466 -0.551333 0.834285 0.000000 -35.071244 0.000000 0.000000 1.000000 0.000000
0.834703 0.550701 0.000000 78.627272 -0.550701 0.834703 0.000000 -35.078109 0.000000 0.000000 1.000000 0.000000
0.835415 0.549620 0.000000 78.636430 -0.549620 0.835415 0.000000 -35.088520 0.000000 0.000000 1.000000 0.000000
0.836524 0.547930 0.000000 78.642699 -0.547930 0.836524 0.000000 -35.100260 0.000000 0.000000 1.000000 0.000000
0.837637 0.546227 0.000000 78.649802 -0.546227 0.837637 0.000000 -35.111491 0.000000 0.000000 1.000000 0.000000
0.838192 0.545376 0.000000 78.656512 -0.545376 0.838192 0.000000 -35.119669 0.000000 0.000000 1.000000 0.000000
0.838475 0.544941 0.000000 78.662257 -0.544941 0.838475 0.000000 -35.125759 0.000000 0.000000 1.000000 0.000000
0.838247 0.545291 0.000000 78.668815 -0.545291 0.838247 0.000000 -35.124032 0.000000 0.000000 1.000000 0.000000
0.837876 0.545861 0.000000 78.673440 -0.545861 0.837876 0.000000 -35.123408 0.000000 0.000000 1.000000 0.000000
0.837159 0.546960 0.000000 78.679553 -0.546960 0.837159 0.000000 -35.121607 0.000000 0.000000 1.000000 0.000000
0.836875 0.547395 0.000000 78.683265 -0.547395 0.836875 0.000000 -35.121147 0.000000 0.000000 1.000000 0.000000
0.836745 0.547593 0.000000 78.685287 -0.547593 0.836745 0.000000 -35.119908 0.000000 0.000000 1.000000 0.000000
0.836686 0.547683 0.000000 78.684267 -0.547683 0.836686 0.000000 -35.120719 0.000000 0.000000 1.000000 0.000000
0.837046 0.547133 0.000000 78.682246 -0.547133 0.837046 0.000000 -35.122923 0.000000 0.000000 1.000000 0.000000
0.837548 0.546364 0.000000 78.678418 -0.546364 0.837548 0.000000 -35.122855 0.000000 0.000000 1.000000 0.000000
0.837821 0.545944 0.000000 78.675771 -0.545944 0.837821 0.000000 -35.122345 0.000000 0.000000 1.000000 0.000000
0.837844 0.545909 0.000000 78.674755 -0.545909 0.837844 0.000000 -35.120753 0.000000 0.000000 1.000000 0.000000
0.838036 0.545615 0.000000 78.675649 -0.545615 0.838036 0.000000 -35.119201 0.000000 0.000000 1.000000 0.000000
0.838314 0.545188 0.000000 78.675387 -0.545188 0.838314 0.000000 -35.118145 0.000000 0.000000 1.000000 0.000000
0.838672 0.544637 0.000000 78.675556 -0.544637 0.838672 0.000000 -35.118576 0.000000 0.000000 1.000000 0.000000
0.839319 0.543639 0.000000 78.674904 -0.543639 0.839319 0.000000 -35.120910 0.000000 0.000000 1.000000 0.000000
0.839562 0.543264 0.000000 78.675500 -0.543264 0.839562 0.000000 -35.121615 0.000000 0.000000 1.000000 0.000000
0.840049 0.542511 0.000000 78.674355 -0.542511 0.840049 0.000000 -35.121830 0.000000 0.000000 1.000000 0.000000
0.840428 0.541923 0.000000 78.673844 -0.541923 0.840428 0.000000 -35.121663 0.000000 0.000000 1.000000 0.000000
0.840715 0.541477 0.000000 78.674002 -0.541477 0.840715 0.000000 -35.122031 0.000000 0.000000 1.000000 0.000000
0.840991 0.541049 0.000000 78.674603 -0.541049 0.840991 0.000000 -35.122005 0.000000 0.000000 1.000000 0.000000
0.841092 0.540892 0.000000 78.675448 -0.540892 0.841092 0.000000 -35.121325 0.000000 0.000000 1.000000 0.000000
0.841319 0.540538 0.000000 78.675943 -0.540538 0.841319 0.000000 -35.122106 0.000000 0.000000 1.000000 0.000000
0.841482 0.540285 0.000000 78.676225 -0.540285 0.841482 0.000000 -35.121975 0.000000 0.000000 1.000000 0.000000
0.841731 0.539897 0.000000 78.676620 -0.539897 0.841731 0.000000 -35.122885 0.000000 0.000000 1.000000 0.000000
0.842422 0.538819 0.000000 78.676686 -0.538819 0.842422 0.000000 -35.125668 0.000000 0.000000 1.000000 0.000000
