0.999999 0.001670 0.000000 0.581134 -0.001670 0.999999 0.000000 -0.010387 0.000000 0.000000 1.000000 0.000000
0.999996 0.002665 0.000000 1.127903 -0.002665 0.999996 0.000000 -0.019459 0.000000 0.000000 1.000000 0.000000
0.999997 0.002337 0.000000 1.712465 -0.002337 0.999997 0.000000 -0.034641 0.000000 0.000000 1.000000 0.000000
0.999991 0.004216 0.000000 2.300792 -0.004216 0.999991 0.000000 -0.029833 0.000000 0.000000 1.000000 0.000000
0.999955 0.009462 0.000000 2.842240 -0.009462 0.999955 0.000000 -0.029720 0.000000 0.000000 1.000000 0.000000
0.999908 0.013534 0.000000 3.429897 -0.013534 0.999908 0.000000 -0.027639 0.000000 0.000000 1.000000 0.000000
0.999852 0.017208 0.000000 4.573775 -0.017208 0.999852 0.000000 -0.053582 0.000000 0.000000 1.000000 0.000000
0.999825 0.018703 0.000000 5.162432 -0.018703 0.999825 0.000000 -0.067278 0.000000 0.000000 1.000000 0.000000
0.999801 0.019960 0.000000 5.970733 -0.019960 0.999801 0.000000 -0.091500 0.000000 0.000000 1.000000 0.000000
0.999787 0.020661 0.000000 6.547581 -0.020661 0.999787 0.000000 -0.106256 0.000000 0.000000 1.000000 0.000000
0.999768 0.021529 0.000000 7.135384 -0.021529 0.999768 0.000000 -0.126251 0.000000 0.000000 1.000000 0.000000
0.999748 0.022446 0.000000 7.720545 -0.022446 0.999748 0.000000 -0.140948 0.000000 0.000000 1.000000 0.000000
0.999726 0.023388 0.000000 8.267006 -0.023388 0.999726 0.000000 -0.160621 0.000000 0.000000 1.000000 0.000000
0.999694 0.024745 0.000000 8.851406 -0.024745 0.999694 0.000000 -0.182614 0.000000 0.000000 1.000000 0.000000
0.999667 0.025794 0.000000 9.400721 -0.025794 0.999667 0.000000 -0.193453 0.000000 0.000000 1.000000 0.000000
0.999632 0.027133 0.000000 9.979377 -0.027133 0.999632 0.000000 -0.196653 0.000000 0.000000 1.000000 0.000000
0.999612 0.027849 0.000000 10.542073 -0.027849 0.999612 0.000000 -0.209043 0.000000 0.000000 1.000000 0.000000
0.999584 0.028828 0.000000 11.109410 -0.028828 0.999584 0.000000 -0.231506 0.000000 0.000000 1.000000 0.000000
0.999526 0.030780 0.000000 11.688954 -0.030780 0.999526 0.000000 -0.246291 0.000000 0.000000 1.000000 0.000000
0.999466 0.032689 0.000000 12.443731 -0.032689 0.999466 0.000000 -0.274007 0.000000 0.000000 1.000000 0.000000
0.999430 0.033753 0.000000 13.062667 -0.033753 0.999430 0.000000 -0.295590 0.000000 0.000000 1.000000 0.000000
0.999379 0.035222 0.000000 13.602392 -0.035222 0.999379 0.000000 -0.307885 0.000000 0.000000 1.000000 0.000000
0.999303 0.037325 0.000000 14.218677 -0.037325 0.999303 0.000000 -0.314490 0.000000 0.000000 1.000000 0.000000
0.999263 0.038378 0.000000 14.793947 -0.038378 0.999263 0.000000 -0.334962 0.000000 0.000000 1.000000 0.000000
0.999171 0.040719 0.000000 15.372037 -0.040719 0.999171 0.000000 -0.359402 0.000000 0.000000 1.000000 0.000000
0.999079 0.042915 0.000000 15.951819 -0.042915 0.999079 0.000000 -0.392053 0.000000 0.000000 1.000000 0.000000
0.998985 0.045052 0.000000 16.529831 -0.045052 0.998985 0.000000 -0.422652 0.000000 0.000000 1.000000 0.000000
0.998921 0.046448 0.000000 17.108221 -0.046448 0.998921 0.000000 -0.457832 0.000000 0.000000 1.000000 0.000000
0.998826 0.048434 0.000000 17.686676 -0.048434 0.998826 0.000000 -0.492359 0.000000 0.000000 1.000000 0.000000
0.998696 0.051052 0.000000 18.256729 -0.051052 0.998696 0.000000 -0.525497 0.000000 0.000000 1.000000 0.000000
0.998632 0.052296 0.000000 18.826862 -0.052296 0.998632 0.000000 -0.565956 0.000000 0.000000 1.000000 0.000000
0.998494 0.054854 0.000000 19.368124 -0.054854 0.998494 0.000000 -0.600195 0.000000 0.000000 1.000000 0.000000
0.998356 0.057312 0.000000 19.939922 -0.057312 0.998356 0.000000 -0.643807 0.000000 0.000000 1.000000 0.000000
0.998351 0.057405 0.000000 21.034019 -0.057405 0.998351 0.000000 -0.717548 0.000000 0.000000 1.000000 0.000000
0.998464 0.055401 0.000000 21.965829 -0.055401 0.998464 0.000000 -0.793642 0.000000 0.000000 1.000000 0.000000
0.998440 0.055829 0.000000 22.530221 -0.055829 0.998440 0.000000 -0.835476 0.000000 0.000000 1.000000 0.000000
0.998323 0.057894 0.000000 23.094577 -0.057894 0.998323 0.000000 -0.875083 0.000000 0.000000 1.000000 0.000000
0.998367 0.057122 0.000000 23.654042 -0.057122 0.998367 0.000000 -0.922133 0.000000 0.000000 1.000000 0.000000
0.998499 0.054762 0.000000 24.210871 -0.054762 0.998499 0.000000 -0.968495 0.000000 0.000000 1.000000 0.000000
0.998234 0.059399 0.000000 24.805483 -0.059399 0.998234 0.000000 -1.005597 0.000000 0.000000 1.000000 0.000000
0.997717 0.067540 0.000000 25.372566 -0.067540 0.997717 0.000000 -1.044420 0.000000 0.000000 1.000000 0.000000
0.997247 0.074146 0.000000 26.484250 -0.074146 0.997247 0.000000 -1.155498 0.000000 0.000000 1.000000 0.000000
0.997232 0.074353 0.000000 27.041412 -0.074353 0.997232 0.000000 -1.215345 0.000000 0.000000 1.000000 0.000000
0.997223 0.074473 0.000000 27.596543 -0.074473 0.997223 0.000000 -1.275956 0.000000 0.000000 1.000000 0.000000
0.997333 0.072982 0.000000 28.120265 -0.072982 0.997333 0.000000 -1.332650 0.000000 0.000000 1.000000 0.000000
0.997255 0.074043 0.000000 28.681021 -0.074043 0.997255 0.000000 -1.381093 0.000000 0.000000 1.000000 0.000000
0.997035 0.076953 0.000000 29.578986 -0.076953 0.997035 0.000000 -1.461193 0.000000 0.000000 1.000000 0.000000
0.996981 0.077646 0.000000 30.179847 -0.077646 0.996981 0.000000 -1.508570 0.000000 0.000000 1.000000 0.000000
0.996970 0.077790 0.000000 30.738260 -0.077790 0.996970 0.000000 -1.556500 0.000000 0.000000 1.000000 0.000000
0.996919 0.078437 0.000000 31.301261 -0.078437 0.996919 0.000000 -1.603324 0.000000 0.000000 1.000000 0.000000
0.996877 0.078970 0.000000 31.864633 -0.078970 0.996877 0.000000 -1.654839 0.000000 0.000000 1.000000 0.000000
0.996751 0.080547 0.000000 32.424525 -0.080547 0.996751 0.000000 -1.701721 0.000000 0.000000 1.000000 0.000000
0.996751 0.080547 0.000000 32.984091 -0.080547 0.996751 0.000000 -1.756869 0.000000 0.000000 1.000000 0.000000
0.996707 0.081083 0.000000 33.549453 -0.081083 0.996707 0.000000 -1.800727 0.000000 0.000000 1.000000 0.000000
0.996564 0.082824 0.000000 34.104176 -0.082824 0.996564 0.000000 -1.849172 0.000000 0.000000 1.000000 0.000000
0.996439 0.084314 0.000000 34.622331 -0.084314 0.996439 0.000000 -1.897276 0.000000 0.000000 1.000000 0.000000
0.995976 0.089623 0.000000 35.556410 -0.089623 0.995976 0.000000 -1.987714 0.000000 0.000000 1.000000 0.000000
0.995705 0.092582 0.000000 36.114592 -0.092582 0.995705 0.000000 -2.044280 0.000000 0.000000 1.000000 0.000000
0.995596 0.093748 0.000000 36.673925 -0.093748 0.995596 0.000000 -2.097413 0.000000 0.000000 1.000000 0.000000
0.995415 0.095649 0.000000 37.231402 -0.095649 0.995415 0.000000 -2.146665 0.000000 0.000000 1.000000 0.000000
0.995274 0.097101 0.000000 37.787053 -0.097101 0.995274 0.000000 -2.202516 0.000000 0.000000 1.000000 0.000000
0.995172 0.098142 0.000000 38.348786 -0.098142 0.995172 0.000000 -2.261634 0.000000 0.000000 1.000000 0.000000
0.995119 0.098685 0.000000 38.942179 -0.098685 0.995119 0.000000 -2.319193 0.000000 0.000000 1.000000 0.000000
0.995141 0.098460 0.000000 39.466510 -0.098460 0.995141 0.000000 -2.371085 0.000000 0.000000 1.000000 0.000000
0.995213 0.097733 0.000000 40.011118 -0.097733 0.995213 0.000000 -2.426860 0.000000 0.000000 1.000000 0.000000
0.995044 0.099440 0.000000 40.561445 -0.099440 0.995044 0.000000 -2.475586 0.000000 0.000000 1.000000 0.000000
0.994802 0.101832 0.000000 41.116921 -0.101832 0.994802 0.000000 -2.533225 0.000000 0.000000 1.000000 0.000000
0.994667 0.103139 0.000000 41.632297 -0.103139 0.994667 0.000000 -2.588356 0.000000 0.000000 1.000000 0.000000
0.994679 0.103027 0.000000 42.182937 -0.103027 0.994679 0.000000 -2.653995 0.000000 0.000000 1.000000 0.000000
0.994767 0.102171 0.000000 42.705597 -0.102171 0.994767 0.000000 -2.711465 0.000000 0.000000 1.000000 0.000000
0.994795 0.101897 0.000000 43.654914 -0.101897 0.994795 0.000000 -2.820524 0.000000 0.000000 1.000000 0.000000
0.994603 0.103752 0.000000 44.202137 -0.103752 0.994603 0.000000 -2.872055 0.000000 0.000000 1.000000 0.000000
0.994542 0.104340 0.000000 44.758924 -0.104340 0.994542 0.000000 -2.931080 0.000000 0.000000 1.000000 0.000000
0.993984 0.109521 0.000000 45.847408 -0.109521 0.993984 0.000000 -3.033760 0.000000 0.000000 1.000000 0.000000
0.993629 0.112699 0.000000 46.413837 -0.112699 0.993629 0.000000 -3.100931 0.000000 0.000000 1.000000 0.000000
0.993602 0.112936 0.000000 46.905210 -0.112936 0.993602 0.000000 -3.156856 0.000000 0.000000 1.000000 0.000000
0.993529 0.113579 0.000000 47.932170 -0.113579 0.993529 0.000000 -3.277036 0.000000 0.000000 1.000000 0.000000
0.993522 0.113639 0.000000 48.451119 -0.113639 0.993522 0.000000 -3.338214 0.000000 0.000000 1.000000 0.000000
0.993594 0.113005 0.000000 48.961181 -0.113005 0.993594 0.000000 -3.396639 0.000000 0.000000 1.000000 0.000000
0.993486 0.113957 0.000000 49.445454 -0.113957 0.993486 0.000000 -3.455417 0.000000 0.000000 1.000000 0.000000
0.993508 0.113765 0.000000 50.332482 -0.113765 0.993508 0.000000 -3.576512 0.000000 0.000000 1.000000 0.000000
0.993299 0.115570 0.000000 50.832940 -0.115570 0.993299 0.000000 -3.633546 0.000000 0.000000 1.000000 0.000000
0.992709 0.120539 0.000000 51.326610 -0.120539 0.992709 0.000000 -3.683028 0.000000 0.000000 1.000000 0.000000
0.992393 0.123108 0.000000 51.817370 -0.123108 0.992393 0.000000 -3.744843 0.000000 0.000000 1.000000 0.000000
0.992307 0.123802 0.000000 52.299804 -0.123802 0.992307 0.000000 -3.798947 0.000000 0.000000 1.000000 0.000000
0.992075 0.125648 0.000000 52.769181 -0.125648 0.992075 0.000000 -3.847799 0.000000 0.000000 1.000000 0.000000
0.991750 0.128189 0.000000 53.238401 -0.128189 0.991750 0.000000 -3.904417 0.000000 0.000000 1.000000 0.000000
0.991568 0.129588 0.000000 53.941929 -0.129588 0.991568 0.000000 -4.009456 0.000000 0.000000 1.000000 0.000000
0.991646 0.128992 0.000000 54.365506 -0.128992 0.991646 0.000000 -4.068810 0.000000 0.000000 1.000000 0.000000
0.991786 0.127911 0.000000 54.819381 -0.127911 0.991786 0.000000 -4.130420 0.000000 0.000000 1.000000 0.000000
0.991788 0.127896 0.000000 55.259973 -0.127896 0.991788 0.000000 -4.184571 0.000000 0.000000 1.000000 0.000000
0.991945 0.126667 0.000000 55.677290 -0.126667 0.991945 0.000000 -4.235900 0.000000 0.000000 1.000000 0.000000
0.992166 0.124928 0.000000 56.101131 -0.124928 0.992166 0.000000 -4.288899 0.000000 0.000000 1.000000 0.000000
0.992061 0.125754 0.000000 56.822214 -0.125754 0.992061 0.000000 -4.375745 0.000000 0.000000 1.000000 0.000000
0.991874 0.127221 0.000000 57.200101 -0.127221 0.991874 0.000000 -4.419295 0.000000 0.000000 1.000000 0.000000
0.991747 0.128211 0.000000 57.629095 -0.128211 0.991747 0.000000 -4.464331 0.000000 0.000000 1.000000 0.000000
0.991614 0.129234 0.000000 58.015729 -0.129234 0.991614 0.000000 -4.508951 0.000000 0.000000 1.000000 0.000000
0.991472 0.130317 0.000000 58.405350 -0.130317 0.991472 0.000000 -4.561977 0.000000 0.000000 1.000000 0.000000
0.991297 0.131647 0.000000 58.785786 -0.131647 0.991297 0.000000 -4.614176 0.000000 0.000000 1.000000 0.000000
0.991303 0.131596 0.000000 59.154385 -0.131596 0.991303 0.000000 -4.674537 0.000000 0.000000 1.000000 0.000000
0.991287 0.131719 0.000000 59.523155 -0.131719 0.991287 0.000000 -4.728754 0.000000 0.000000 1.000000 0.000000
0.991047 0.133512 0.000000 59.884082 -0.133512 0.991047 0.000000 -4.771027 0.000000 0.000000 1.000000 0.000000
0.990723 0.135896 0.000000 60.242782 -0.135896 0.990723 0.000000 -4.819585 0.000000 0.000000 1.000000 0.000000
0.990526 0.137328 0.000000 60.917945 -0.137328 0.990526 0.000000 -4.925933 0.000000 0.000000 1.000000 0.000000
0.990595 0.136830 0.000000 61.256909 -0.136830 0.990595 0.000000 -4.977831 0.000000 0.000000 1.000000 0.000000
0.990660 0.136358 0.000000 61.571104 -0.136358 0.990660 0.000000 -5.031667 0.000000 0.000000 1.000000 0.000000
0.990567 0.137026 0.000000 61.904487 -0.137026 0.990567 0.000000 -5.080779 0.000000 0.000000 1.000000 0.000000
0.990307 0.138897 0.000000 62.229038 -0.138897 0.990307 0.000000 -5.121029 0.000000 0.000000 1.000000 0.000000
0.989708 0.143101 0.000000 62.522659 -0.143101 0.989708 0.000000 -5.149512 0.000000 0.000000 1.000000 0.000000
0.989053 0.147560 0.000000 62.842121 -0.147560 0.989053 0.000000 -5.192419 0.000000 0.000000 1.000000 0.000000
0.989077 0.147401 0.000000 63.159258 -0.147401 0.989077 0.000000 -5.250985 0.000000 0.000000 1.000000 0.000000
0.989267 0.146121 0.000000 63.667580 -0.146121 0.989267 0.000000 -5.337971 0.000000 0.000000 1.000000 0.000000
0.989142 0.146964 0.000000 63.975665 -0.146964 0.989142 0.000000 -5.381044 0.000000 0.000000 1.000000 0.000000
0.988780 0.149379 0.000000 64.270843 -0.149379 0.988780 0.000000 -5.425090 0.000000 0.000000 1.000000 0.000000
0.988559 0.150833 0.000000 64.585321 -0.150833 0.988559 0.000000 -5.476481 0.000000 0.000000 1.000000 0.000000
0.988332 0.152312 0.000000 64.873459 -0.152312 0.988332 0.000000 -5.524247 0.000000 0.000000 1.000000 0.000000
0.988176 0.153326 0.000000 65.145615 -0.153326 0.988176 0.000000 -5.568748 0.000000 0.000000 1.000000 0.000000
0.988001 0.154446 0.000000 65.445187 -0.154446 0.988001 0.000000 -5.616270 0.000000 0.000000 1.000000 0.000000
0.987842 0.155459 0.000000 65.717480 -0.155459 0.987842 0.000000 -5.661352 0.000000 0.000000 1.000000 0.000000
0.987622 0.156852 0.000000 65.984432 -0.156852 0.987622 0.000000 -5.709304 0.000000 0.000000 1.000000 0.000000
0.987414 0.158154 0.000000 66.434163 -0.158154 0.987414 0.000000 -5.789067 0.000000 0.000000 1.000000 0.000000
0.987302 0.158857 0.000000 66.677512 -0.158857 0.987302 0.000000 -5.830563 0.000000 0.000000 1.000000 0.000000
0.987180 0.159614 0.000000 66.957152 -0.159614 0.987180 0.000000 -5.877659 0.000000 0.000000 1.000000 0.000000
0.987104 0.160081 0.000000 67.218142 -0.160081 0.987104 0.000000 -5.922753 0.000000 0.000000 1.000000 0.000000
0.987013 0.160639 0.000000 67.480918 -0.160639 0.987013 0.000000 -5.968390 0.000000 0.000000 1.000000 0.000000
0.986901 0.161327 0.000000 67.742744 -0.161327 0.986901 0.000000 -6.016510 0.000000 0.000000 1.000000 0.000000
0.986840 0.161701 0.000000 67.998777 -0.161701 0.986840 0.000000 -6.059902 0.000000 0.000000 1.000000 0.000000
0.986558 0.163411 0.000000 68.264641 -0.163411 0.986558 0.000000 -6.103779 0.000000 0.000000 1.000000 0.000000
0.986278 0.165095 0.000000 68.508042 -0.165095 0.986278 0.000000 -6.145662 0.000000 0.000000 1.000000 0.000000
0.986111 0.166087 0.000000 68.777040 -0.166087 0.986111 0.000000 -6.187926 0.000000 0.000000 1.000000 0.000000
0.985998 0.166757 0.000000 69.021894 -0.166757 0.985998 0.000000 -6.229945 0.000000 0.000000 1.000000 0.000000
0.985828 0.167759 0.000000 69.276195 -0.167759 0.985828 0.000000 -6.274496 0.000000 0.000000 1.000000 0.000000
0.985526 0.169527 0.000000 69.708067 -0.169527 0.985526 0.000000 -6.354204 0.000000 0.000000 1.000000 0.000000
0.985435 0.170051 0.000000 69.974860 -0.170051 0.985435 0.000000 -6.402080 0.000000 0.000000 1.000000 0.000000
0.985286 0.170912 0.000000 70.247124 -0.170912 0.985286 0.000000 -6.450905 0.000000 0.000000 1.000000 0.000000
0.985145 0.171724 0.000000 70.517673 -0.171724 0.985145 0.000000 -6.501735 0.000000 0.000000 1.000000 0.000000
0.985017 0.172457 0.000000 70.793371 -0.172457 0.985017 0.000000 -6.552974 0.000000 0.000000 1.000000 0.000000
0.984893 0.173162 0.000000 71.083927 -0.173162 0.984893 0.000000 -6.610501 0.000000 0.000000 1.000000 0.000000
0.984900 0.173124 0.000000 71.340221 -0.173124 0.984900 0.000000 -6.667383 0.000000 0.000000 1.000000 0.000000
0.984642 0.174584 0.000000 71.629469 -0.174584 0.984642 0.000000 -6.718529 0.000000 0.000000 1.000000 0.000000
0.984340 0.176280 0.000000 71.906397 -0.176280 0.984340 0.000000 -6.770951 0.000000 0.000000 1.000000 0.000000
0.984251 0.176778 0.000000 72.164052 -0.176778 0.984251 0.000000 -6.825045 0.000000 0.000000 1.000000 0.000000
0.983920 0.178612 0.000000 72.444808 -0.178612 0.983920 0.000000 -6.874712 0.000000 0.000000 1.000000 0.000000
0.983674 0.179959 0.000000 72.711025 -0.179959 0.983674 0.000000 -6.925514 0.000000 0.000000 1.000000 0.000000
0.982824 0.184544 0.000000 73.492636 -0.184544 0.982824 0.000000 -7.045478 0.000000 0.000000 1.000000 0.000000
0.982251 0.187571 0.000000 73.784262 -0.187571 0.982251 0.000000 -7.095172 0.000000 0.000000 1.000000 0.000000
0.981881 0.189496 0.000000 74.072505 -0.189496 0.981881 0.000000 -7.147384 0.000000 0.000000 1.000000 0.000000
0.981973 0.189019 0.000000 74.361026 -0.189019 0.981973 0.000000 -7.206807 0.000000 0.000000 1.000000 0.000000
0.981990 0.188931 0.000000 74.649352 -0.188931 0.981990 0.000000 -7.257019 0.000000 0.000000 1.000000 0.000000
0.981339 0.192286 0.000000 75.236241 -0.192286 0.981339 0.000000 -7.379161 0.000000 0.000000 1.000000 0.000000
0.981178 0.193106 0.000000 75.530609 -0.193106 0.981178 0.000000 -7.436953 0.000000 0.000000 1.000000 0.000000
0.981086 0.193570 0.000000 75.815562 -0.193570 0.981086 0.000000 -7.495665 0.000000 0.000000 1.000000 0.000000
0.980383 0.197100 0.000000 76.281865 -0.197100 0.980383 0.000000 -7.590102 0.000000 0.000000 1.000000 0.000000
0.979410 0.201883 0.000000 76.598145 -0.201883 0.979410 0.000000 -7.650573 0.000000 0.000000 1.000000 0.000000
0.978338 0.207013 0.000000 77.129391 -0.207013 0.978338 0.000000 -7.762120 0.000000 0.000000 1.000000 0.000000
0.978256 0.207399 0.000000 77.460484 -0.207399 0.978256 0.000000 -7.832681 0.000000 0.000000 1.000000 0.000000
0.977610 0.210427 0.000000 77.795611 -0.210427 0.977610 0.000000 -7.887947 0.000000 0.000000 1.000000 0.000000
0.977112 0.212727 0.000000 78.115321 -0.212727 0.977112 0.000000 -7.961566 0.000000 0.000000 1.000000 0.000000
0.976975 0.213356 0.000000 78.465657 -0.213356 0.976975 0.000000 -8.037810 0.000000 0.000000 1.000000 0.000000
0.977154 0.212534 0.000000 79.034260 -0.212534 0.977154 0.000000 -8.178359 0.000000 0.000000 1.000000 0.000000
0.977461 0.211118 0.000000 79.382262 -0.211118 0.977461 0.000000 -8.258754 0.000000 0.000000 1.000000 0.000000
0.977322 0.211760 0.000000 79.760725 -0.211760 0.977322 0.000000 -8.343349 0.000000 0.000000 1.000000 0.000000
0.977189 0.212371 0.000000 80.114025 -0.212371 0.977189 0.000000 -8.429648 0.000000 0.000000 1.000000 0.000000
0.977067 0.212932 0.000000 80.762304 -0.212932 0.977067 0.000000 -8.576181 0.000000 0.000000 1.000000 0.000000
0.977529 0.210800 0.000000 81.421381 -0.210800 0.977529 0.000000 -8.736221 0.000000 0.000000 1.000000 0.000000
0.977875 0.209191 0.000000 81.807564 -0.209191 0.977875 0.000000 -8.827496 0.000000 0.000000 1.000000 0.000000
0.977616 0.210396 0.000000 82.228788 -0.210396 0.977616 0.000000 -8.912764 0.000000 0.000000 1.000000 0.000000
0.977238 0.212145 0.000000 82.623462 -0.212145 0.977238 0.000000 -9.007432 0.000000 0.000000 1.000000 0.000000
0.976903 0.213682 0.000000 83.054311 -0.213682 0.976903 0.000000 -9.107828 0.000000 0.000000 1.000000 0.000000
0.976878 0.213795 0.000000 83.460539 -0.213795 0.976878 0.000000 -9.201112 0.000000 0.000000 1.000000 0.000000
0.977510 0.210888 0.000000 83.911528 -0.210888 0.977510 0.000000 -9.301068 0.000000 0.000000 1.000000 0.000000
0.977937 0.208900 0.000000 84.598016 -0.208900 0.977937 0.000000 -9.433137 0.000000 0.000000 1.000000 0.000000
0.978125 0.208019 0.000000 85.408804 -0.208019 0.978125 0.000000 -9.616979 0.000000 0.000000 1.000000 0.000000
0.977782 0.209626 0.000000 85.878431 -0.209626 0.977782 0.000000 -9.715474 0.000000 0.000000 1.000000 0.000000
0.977087 0.212839 0.000000 86.348878 -0.212839 0.977087 0.000000 -9.823106 0.000000 0.000000 1.000000 0.000000
0.976112 0.217268 0.000000 86.813730 -0.217268 0.976112 0.000000 -9.916004 0.000000 0.000000 1.000000 0.000000
0.975637 0.219392 0.000000 87.324285 -0.219392 0.975637 0.000000 -10.024504 0.000000 0.000000 1.000000 0.000000
0.975117 0.221691 0.000000 87.775589 -0.221691 0.975117 0.000000 -10.116162 0.000000 0.000000 1.000000 0.000000
0.974222 0.225593 0.000000 88.277405 -0.225593 0.974222 0.000000 -10.223214 0.000000 0.000000 1.000000 0.000000
0.973607 0.228229 0.000000 88.790904 -0.228229 0.973607 0.000000 -10.336621 0.000000 0.000000 1.000000 0.000000
0.973036 0.230653 0.000000 89.307069 -0.230653 0.973036 0.000000 -10.452511 0.000000 0.000000 1.000000 0.000000
0.972663 0.232223 0.000000 89.788663 -0.232223 0.972663 0.000000 -10.573162 0.000000 0.000000 1.000000 0.000000
0.972174 0.234258 0.000000 90.314187 -0.234258 0.972174 0.000000 -10.702662 0.000000 0.000000 1.000000 0.000000
0.971709 0.236179 0.000000 91.257077 -0.236179 0.971709 0.000000 -10.941273 0.000000 0.000000 1.000000 0.000000
0.971718 0.236144 0.000000 91.796249 -0.236144 0.971718 0.000000 -11.078316 0.000000 0.000000 1.000000 0.000000
0.971075 0.238776 0.000000 92.340130 -0.238776 0.971075 0.000000 -11.200854 0.000000 0.000000 1.000000 0.000000
0.969951 0.243300 0.000000 92.881553 -0.243300 0.969951 0.000000 -11.334428 0.000000 0.000000 1.000000 0.000000
0.969514 0.245037 0.000000 93.429143 -0.245037 0.969514 0.000000 -11.481069 0.000000 0.000000 1.000000 0.000000
0.969117 0.246601 0.000000 94.273184 -0.246601 0.969117 0.000000 -11.698908 0.000000 0.000000 1.000000 0.000000
0.968167 0.250304 0.000000 94.799466 -0.250304 0.968167 0.000000 -11.834824 0.000000 0.000000 1.000000 0.000000
0.966083 0.258233 0.000000 95.903554 -0.258233 0.966083 0.000000 -12.131784 0.000000 0.000000 1.000000 0.000000
0.964971 0.262355 0.000000 96.633146 -0.262355 0.964971 0.000000 -12.324667 0.000000 0.000000 1.000000 0.000000
0.963910 0.266229 0.000000 97.210662 -0.266229 0.963910 0.000000 -12.478635 0.000000 0.000000 1.000000 0.000000
0.962661 0.270710 0.000000 97.787704 -0.270710 0.962661 0.000000 -12.646393 0.000000 0.000000 1.000000 0.000000
0.961968 0.273161 0.000000 98.370020 -0.273161 0.961968 0.000000 -12.813514 0.000000 0.000000 1.000000 0.000000
0.961750 0.273929 0.000000 98.960964 -0.273929 0.961750 0.000000 -12.978514 0.000000 0.000000 1.000000 0.000000
0.961265 0.275624 0.000000 99.580670 -0.275624 0.961265 0.000000 -13.157854 0.000000 0.000000 1.000000 0.000000
0.960487 0.278325 0.000000 100.143478 -0.278325 0.960487 0.000000 -13.322514 0.000000 0.000000 1.000000 0.000000
0.959886 0.280389 0.000000 100.722893 -0.280389 0.959886 0.000000 -13.500619 0.000000 0.000000 1.000000 0.000000
0.960236 0.279191 0.000000 101.315320 -0.279191 0.960236 0.000000 -13.687813 0.000000 0.000000 1.000000 0.000000
0.961030 0.276445 0.000000 101.868702 -0.276445 0.961030 0.000000 -13.860706 0.000000 0.000000 1.000000 0.000000
0.961251 0.275673 0.000000 102.470060 -0.275673 0.961251 0.000000 -14.039061 0.000000 0.000000 1.000000 0.000000
0.960949 0.276724 0.000000 103.068703 -0.276724 0.960949 0.000000 -14.218675 0.000000 0.000000 1.000000 0.000000
0.960665 0.277711 0.000000 103.624606 -0.277711 0.960665 0.000000 -14.384756 0.000000 0.000000 1.000000 0.000000
0.960267 0.279082 0.000000 104.696744 -0.279082 0.960267 0.000000 -14.703186 0.000000 0.000000 1.000000 0.000000
0.959987 0.280044 0.000000 105.342213 -0.280044 0.959987 0.000000 -14.906453 0.000000 0.000000 1.000000 0.000000
0.959485 0.281760 0.000000 105.949503 -0.281760 0.959485 0.000000 -15.090814 0.000000 0.000000 1.000000 0.000000
0.958637 0.284631 0.000000 106.562003 -0.284631 0.958637 0.000000 -15.273704 0.000000 0.000000 1.000000 0.000000
0.958528 0.284998 0.000000 107.153846 -0.284998 0.958528 0.000000 -15.460589 0.000000 0.000000 1.000000 0.000000
0.958701 0.284417 0.000000 107.769154 -0.284417 0.958701 0.000000 -15.648119 0.000000 0.000000 1.000000 0.000000
0.958661 0.284552 0.000000 108.347764 -0.284552 0.958661 0.000000 -15.821651 0.000000 0.000000 1.000000 0.000000
0.958630 0.284656 0.000000 108.965630 -0.284656 0.958630 0.000000 -16.010712 0.000000 0.000000 1.000000 0.000000
0.958231 0.285994 0.000000 109.547067 -0.285994 0.958231 0.000000 -16.191085 0.000000 0.000000 1.000000 0.000000
0.957495 0.288450 0.000000 110.169816 -0.288450 0.957495 0.000000 -16.390963 0.000000 0.000000 1.000000 0.000000
0.956969 0.290190 0.000000 110.787000 -0.290190 0.956969 0.000000 -16.586916 0.000000 0.000000 1.000000 0.000000
0.957023 0.290011 0.000000 111.416309 -0.290011 0.957023 0.000000 -16.786631 0.000000 0.000000 1.000000 0.000000
0.957109 0.289727 0.000000 112.207788 -0.289727 0.957109 0.000000 -17.034395 0.000000 0.000000 1.000000 0.000000
0.956159 0.292848 0.000000 112.806902 -0.292848 0.956159 0.000000 -17.212923 0.000000 0.000000 1.000000 0.000000
0.955590 0.294698 0.000000 113.445335 -0.294698 0.955590 0.000000 -17.432724 0.000000 0.000000 1.000000 0.000000
0.955931 0.293593 0.000000 114.450331 -0.293593 0.955931 0.000000 -17.751435 0.000000 0.000000 1.000000 0.000000
0.955764 0.294134 0.000000 115.084859 -0.294134 0.955764 0.000000 -17.954566 0.000000 0.000000 1.000000 0.000000
0.955172 0.296051 0.000000 115.728063 -0.296051 0.955172 0.000000 -18.155546 0.000000 0.000000 1.000000 0.000000
0.954632 0.297788 0.000000 116.371664 -0.297788 0.954632 0.000000 -18.370033 0.000000 0.000000 1.000000 0.000000
0.954397 0.298540 0.000000 117.001149 -0.298540 0.954397 0.000000 -18.583948 0.000000 0.000000 1.000000 0.000000
0.954604 0.297876 0.000000 117.645018 -0.297876 0.954604 0.000000 -18.804823 0.000000 0.000000 1.000000 0.000000
0.954761 0.297376 0.000000 118.245495 -0.297376 0.954761 0.000000 -19.004253 0.000000 0.000000 1.000000 0.000000
0.955635 0.294554 0.000000 119.374037 -0.294554 0.955635 0.000000 -19.381563 0.000000 0.000000 1.000000 0.000000
0.956129 0.292946 0.000000 120.015286 -0.292946 0.956129 0.000000 -19.595440 0.000000 0.000000 1.000000 0.000000
0.956277 0.292464 0.000000 120.655246 -0.292464 0.956277 0.000000 -19.808231 0.000000 0.000000 1.000000 0.000000
0.956062 0.293164 0.000000 121.294128 -0.293164 0.956062 0.000000 -20.011782 0.000000 0.000000 1.000000 0.000000
0.956463 0.291854 0.000000 122.597845 -0.291854 0.956463 0.000000 -20.436890 0.000000 0.000000 1.000000 0.000000
0.956142 0.292904 0.000000 123.187873 -0.292904 0.956142 0.000000 -20.621894 0.000000 0.000000 1.000000 0.000000
0.956177 0.292789 0.000000 123.828820 -0.292789 0.956177 0.000000 -20.837853 0.000000 0.000000 1.000000 0.000000
0.956140 0.292910 0.000000 124.426244 -0.292910 0.956140 0.000000 -21.027840 0.000000 0.000000 1.000000 0.000000
0.955412 0.295275 0.000000 125.023766 -0.295275 0.955412 0.000000 -21.212464 0.000000 0.000000 1.000000 0.000000
0.951801 0.306717 0.000000 129.743129 -0.306717 0.951801 0.000000 -22.467465 0.000000 0.000000 1.000000 0.000000
0.951972 0.306185 0.000000 130.382779 -0.306185 0.951972 0.000000 -22.675685 0.000000 0.000000 1.000000 0.000000
0.952600 0.304227 0.000000 130.984550 -0.304227 0.952600 0.000000 -22.875978 0.000000 0.000000 1.000000 0.000000
0.952972 0.303059 0.000000 131.595856 -0.303059 0.952972 0.000000 -23.087744 0.000000 0.000000 1.000000 0.000000
0.953498 0.301401 0.000000 132.187598 -0.301401 0.953498 0.000000 -23.294256 0.000000 0.000000 1.000000 0.000000
0.953517 0.301338 0.000000 132.795301 -0.301338 0.953517 0.000000 -23.494833 0.000000 0.000000 1.000000 0.000000
0.953262 0.302146 0.000000 133.416711 -0.302146 0.953262 0.000000 -23.710511 0.000000 0.000000 1.000000 0.000000
0.953219 0.302280 0.000000 134.214543 -0.302280 0.953219 0.000000 -23.978761 0.000000 0.000000 1.000000 0.000000
0.952374 0.304933 0.000000 134.833145 -0.304933 0.952374 0.000000 -24.176693 0.000000 0.000000 1.000000 0.000000
0.951646 0.307197 0.000000 135.450131 -0.307197 0.951646 0.000000 -24.373030 0.000000 0.000000 1.000000 0.000000
0.951667 0.307131 0.000000 136.346482 -0.307131 0.951667 0.000000 -24.674288 0.000000 0.000000 1.000000 0.000000
0.951788 0.306756 0.000000 136.961891 -0.306756 0.951788 0.000000 -24.880980 0.000000 0.000000 1.000000 0.000000
0.951940 0.306284 0.000000 137.580063 -0.306284 0.951940 0.000000 -25.089163 0.000000 0.000000 1.000000 0.000000
0.952157 0.305609 0.000000 138.189761 -0.305609 0.952157 0.000000 -25.296604 0.000000 0.000000 1.000000 0.000000
0.952055 0.305926 0.000000 138.800183 -0.305926 0.952055 0.000000 -25.504481 0.000000 0.000000 1.000000 0.000000
0.951742 0.306898 0.000000 139.696937 -0.306898 0.951742 0.000000 -25.812409 0.000000 0.000000 1.000000 0.000000
0.951362 0.308075 0.000000 140.285657 -0.308075 0.951362 0.000000 -26.012352 0.000000 0.000000 1.000000 0.000000
0.950796 0.309817 0.000000 140.886624 -0.309817 0.950796 0.000000 -26.216526 0.000000 0.000000 1.000000 0.000000
0.950037 0.312138 0.000000 141.446580 -0.312138 0.950037 0.000000 -26.411758 0.000000 0.000000 1.000000 0.000000
0.949340 0.314250 0.000000 142.221853 -0.314250 0.949340 0.000000 -26.688660 0.000000 0.000000 1.000000 0.000000
0.949331 0.314279 0.000000 142.814698 -0.314279 0.949331 0.000000 -26.897397 0.000000 0.000000 1.000000 0.000000
0.949576 0.313538 0.000000 143.407716 -0.313538 0.949576 0.000000 -27.107574 0.000000 0.000000 1.000000 0.000000
0.950241 0.311517 0.000000 143.999657 -0.311517 0.950241 0.000000 -27.313677 0.000000 0.000000 1.000000 0.000000
0.950513 0.310686 0.000000 144.590962 -0.310686 0.950513 0.000000 -27.516346 0.000000 0.000000 1.000000 0.000000
0.951382 0.308014 0.000000 145.727426 -0.308014 0.951382 0.000000 -27.913175 0.000000 0.000000 1.000000 0.000000
0.950970 0.309282 0.000000 146.276815 -0.309282 0.950970 0.000000 -28.086971 0.000000 0.000000 1.000000 0.000000
0.950681 0.310171 0.000000 146.851776 -0.310171 0.950681 0.000000 -28.276685 0.000000 0.000000 1.000000 0.000000
0.950624 0.310345 0.000000 147.424644 -0.310345 0.950624 0.000000 -28.468848 0.000000 0.000000 1.000000 0.000000
0.950591 0.310445 0.000000 147.967212 -0.310445 0.950591 0.000000 -28.655900 0.000000 0.000000 1.000000 0.000000
0.951468 0.307748 0.000000 148.542420 -0.307748 0.951468 0.000000 -28.860307 0.000000 0.000000 1.000000 0.000000
0.952259 0.305292 0.000000 149.245282 -0.305292 0.952259 0.000000 -29.104717 0.000000 0.000000 1.000000 0.000000
0.952348 0.305013 0.000000 149.811403 -0.305013 0.952348 0.000000 -29.305685 0.000000 0.000000 1.000000 0.000000
0.952326 0.305083 0.000000 150.338579 -0.305083 0.952326 0.000000 -29.488146 0.000000 0.000000 1.000000 0.000000
0.951890 0.306440 0.000000 150.911405 -0.306440 0.951890 0.000000 -29.681878 0.000000 0.000000 1.000000 0.000000
0.951410 0.307926 0.000000 151.475365 -0.307926 0.951410 0.000000 -29.878013 0.000000 0.000000 1.000000 0.000000
0.951156 0.308712 0.000000 152.000984 -0.308712 0.951156 0.000000 -30.058127 0.000000 0.000000 1.000000 0.000000
0.951661 0.307149 0.000000 152.564932 -0.307149 0.951661 0.000000 -30.251176 0.000000 0.000000 1.000000 0.000000
0.951862 0.306526 0.000000 153.096247 -0.306526 0.951862 0.000000 -30.429822 0.000000 0.000000 1.000000 0.000000
0.951261 0.308386 0.000000 153.656424 -0.308386 0.951261 0.000000 -30.616227 0.000000 0.000000 1.000000 0.000000
0.950463 0.310836 0.000000 154.216677 -0.310836 0.950463 0.000000 -30.801502 0.000000 0.000000 1.000000 0.000000
0.949276 0.314443 0.000000 154.934609 -0.314443 0.949276 0.000000 -31.044007 0.000000 0.000000 1.000000 0.000000
0.948645 0.316342 0.000000 155.458842 -0.316342 0.948645 0.000000 -31.220578 0.000000 0.000000 1.000000 0.000000
0.948160 0.317794 0.000000 156.014127 -0.317794 0.948160 0.000000 -31.414118 0.000000 0.000000 1.000000 0.000000
0.947887 0.318607 0.000000 156.532866 -0.318607 0.947887 0.000000 -31.597492 0.000000 0.000000 1.000000 0.000000
0.948192 0.317697 0.000000 157.079817 -0.317697 0.948192 0.000000 -31.787465 0.000000 0.000000 1.000000 0.000000
0.948369 0.317168 0.000000 157.602000 -0.317168 0.948369 0.000000 -31.963701 0.000000 0.000000 1.000000 0.000000
0.948230 0.317583 0.000000 158.314464 -0.317583 0.948230 0.000000 -32.208555 0.000000 0.000000 1.000000 0.000000
0.947281 0.320404 0.000000 158.827821 -0.320404 0.947281 0.000000 -32.376055 0.000000 0.000000 1.000000 0.000000
0.946049 0.324025 0.000000 159.365933 -0.324025 0.946049 0.000000 -32.574867 0.000000 0.000000 1.000000 0.000000
0.946655 0.322249 0.000000 159.873783 -0.322249 0.946655 0.000000 -32.755557 0.000000 0.000000 1.000000 0.000000
0.947120 0.320880 0.000000 160.423528 -0.320880 0.947120 0.000000 -32.942941 0.000000 0.000000 1.000000 0.000000
0.946975 0.321306 0.000000 160.939465 -0.321306 0.946975 0.000000 -33.116295 0.000000 0.000000 1.000000 0.000000
0.946309 0.323264 0.000000 161.679612 -0.323264 0.946309 0.000000 -33.369629 0.000000 0.000000 1.000000 0.000000
0.946503 0.322696 0.000000 162.228288 -0.322696 0.946503 0.000000 -33.562168 0.000000 0.000000 1.000000 0.000000
0.947584 0.319507 0.000000 162.773221 -0.319507 0.947584 0.000000 -33.752135 0.000000 0.000000 1.000000 0.000000
0.948411 0.317043 0.000000 163.313223 -0.317043 0.948411 0.000000 -33.941581 0.000000 0.000000 1.000000 0.000000
0.948204 0.317663 0.000000 163.848873 -0.317663 0.948204 0.000000 -34.131546 0.000000 0.000000 1.000000 0.000000
0.947946 0.318431 0.000000 164.384539 -0.318431 0.947946 0.000000 -34.328347 0.000000 0.000000 1.000000 0.000000
0.948636 0.316370 0.000000 164.928651 -0.316370 0.948636 0.000000 -34.528723 0.000000 0.000000 1.000000 0.000000
0.949783 0.312910 0.000000 165.446965 -0.312910 0.949783 0.000000 -34.715819 0.000000 0.000000 1.000000 0.000000
0.950367 0.311130 0.000000 165.983170 -0.311130 0.950367 0.000000 -34.909785 0.000000 0.000000 1.000000 0.000000
0.950772 0.309892 0.000000 166.533640 -0.309892 0.950772 0.000000 -35.106767 0.000000 0.000000 1.000000 0.000000
0.950983 0.309244 0.000000 167.042464 -0.309244 0.950983 0.000000 -35.285899 0.000000 0.000000 1.000000 0.000000
0.951646 0.307195 0.000000 167.586742 -0.307195 0.951646 0.000000 -35.479350 0.000000 0.000000 1.000000 0.000000
0.952048 0.305949 0.000000 168.098408 -0.305949 0.952048 0.000000 -35.656073 0.000000 0.000000 1.000000 0.000000
0.952808 0.303574 0.000000 168.642949 -0.303574 0.952808 0.000000 -35.852668 0.000000 0.000000 1.000000 0.000000
0.954341 0.298718 0.000000 169.176342 -0.298718 0.954341 0.000000 -36.044079 0.000000 0.000000 1.000000 0.000000
0.955633 0.294560 0.000000 169.727883 -0.294560 0.955633 0.000000 -36.234895 0.000000 0.000000 1.000000 0.000000
0.956686 0.291120 0.000000 170.232123 -0.291120 0.956686 0.000000 -36.410496 0.000000 0.000000 1.000000 0.000000
0.957975 0.286853 0.000000 170.773727 -0.286853 0.957975 0.000000 -36.596058 0.000000 0.000000 1.000000 0.000000
0.959425 0.281965 0.000000 171.272877 -0.281965 0.959425 0.000000 -36.764816 0.000000 0.000000 1.000000 0.000000
0.960709 0.277556 0.000000 171.824167 -0.277556 0.960709 0.000000 -36.944421 0.000000 0.000000 1.000000 0.000000
0.961590 0.274491 0.000000 172.543080 -0.274491 0.961590 0.000000 -37.161214 0.000000 0.000000 1.000000 0.000000
0.962242 0.272197 0.000000 173.088290 -0.272197 0.962242 0.000000 -37.324365 0.000000 0.000000 1.000000 0.000000
0.962350 0.271814 0.000000 173.587174 -0.271814 0.962350 0.000000 -37.482893 0.000000 0.000000 1.000000 0.000000
0.962425 0.271547 0.000000 174.137247 -0.271547 0.962425 0.000000 -37.654119 0.000000 0.000000 1.000000 0.000000
0.963092 0.269174 0.000000 174.822746 -0.269174 0.963092 0.000000 -37.856867 0.000000 0.000000 1.000000 0.000000
0.964529 0.263976 0.000000 175.901262 -0.263976 0.964529 0.000000 -38.179970 0.000000 0.000000 1.000000 0.000000
0.965283 0.261206 0.000000 176.436906 -0.261206 0.965283 0.000000 -38.331975 0.000000 0.000000 1.000000 0.000000
0.965475 0.260495 0.000000 176.982938 -0.260495 0.965475 0.000000 -38.475075 0.000000 0.000000 1.000000 0.000000
0.965838 0.259146 0.000000 177.524898 -0.259146 0.965838 0.000000 -38.632551 0.000000 0.000000 1.000000 0.000000
0.966416 0.256982 0.000000 178.068301 -0.256982 0.966416 0.000000 -38.783436 0.000000 0.000000 1.000000 0.000000
0.966434 0.256916 0.000000 178.601922 -0.256916 0.966434 0.000000 -38.923384 0.000000 0.000000 1.000000 0.000000
0.966352 0.257225 0.000000 179.163217 -0.257225 0.966352 0.000000 -39.076232 0.000000 0.000000 1.000000 0.000000
0.966283 0.257481 0.000000 179.700640 -0.257481 0.966283 0.000000 -39.217965 0.000000 0.000000 1.000000 0.000000
0.965903 0.258903 0.000000 180.196012 -0.258903 0.965903 0.000000 -39.357700 0.000000 0.000000 1.000000 0.000000
0.965780 0.259361 0.000000 180.688829 -0.259361 0.965780 0.000000 -39.497087 0.000000 0.000000 1.000000 0.000000
0.966104 0.258154 0.000000 181.223646 -0.258154 0.966104 0.000000 -39.638309 0.000000 0.000000 1.000000 0.000000
0.966564 0.256426 0.000000 181.722630 -0.256426 0.966564 0.000000 -39.769128 0.000000 0.000000 1.000000 0.000000
0.967085 0.254453 0.000000 182.251046 -0.254453 0.967085 0.000000 -39.903694 0.000000 0.000000 1.000000 0.000000
0.967158 0.254177 0.000000 182.751443 -0.254177 0.967158 0.000000 -40.033844 0.000000 0.000000 1.000000 0.000000
0.967160 0.254169 0.000000 183.278812 -0.254169 0.967160 0.000000 -40.175244 0.000000 0.000000 1.000000 0.000000
0.967717 0.252038 0.000000 183.766025 -0.252038 0.967717 0.000000 -40.306134 0.000000 0.000000 1.000000 0.000000
0.968447 0.249221 0.000000 184.284933 -0.249221 0.968447 0.000000 -40.442430 0.000000 0.000000 1.000000 0.000000
0.968689 0.248276 0.000000 184.767601 -0.248276 0.968689 0.000000 -40.563894 0.000000 0.000000 1.000000 0.000000
0.968644 0.248451 0.000000 185.292962 -0.248451 0.968644 0.000000 -40.696128 0.000000 0.000000 1.000000 0.000000
0.968404 0.249387 0.000000 185.780895 -0.249387 0.968404 0.000000 -40.814645 0.000000 0.000000 1.000000 0.000000
0.968391 0.249437 0.000000 186.299081 -0.249437 0.968391 0.000000 -40.951854 0.000000 0.000000 1.000000 0.000000
0.969317 0.245814 0.000000 186.933493 -0.245814 0.969317 0.000000 -41.132444 0.000000 0.000000 1.000000 0.000000
0.970487 0.241153 0.000000 187.445806 -0.241153 0.970487 0.000000 -41.268987 0.000000 0.000000 1.000000 0.000000
0.971104 0.238657 0.000000 187.946927 -0.238657 0.971104 0.000000 -41.399410 0.000000 0.000000 1.000000 0.000000
0.971858 0.235566 0.000000 188.429951 -0.235566 0.971858 0.000000 -41.525406 0.000000 0.000000 1.000000 0.000000
0.973123 0.230288 0.000000 189.131304 -0.230288 0.973123 0.000000 -41.701965 0.000000 0.000000 1.000000 0.000000
0.973760 0.227578 0.000000 189.642921 -0.227578 0.973760 0.000000 -41.831040 0.000000 0.000000 1.000000 0.000000
0.974012 0.226497 0.000000 190.155753 -0.226497 0.974012 0.000000 -41.959693 0.000000 0.000000 1.000000 0.000000
0.974899 0.222646 0.000000 190.657908 -0.222646 0.974899 0.000000 -42.086092 0.000000 0.000000 1.000000 0.000000
0.976306 0.216394 0.000000 191.161535 -0.216394 0.976306 0.000000 -42.204656 0.000000 0.000000 1.000000 0.000000
0.978257 0.207396 0.000000 192.166618 -0.207396 0.978257 0.000000 -42.414776 0.000000 0.000000 1.000000 0.000000
0.979538 0.201257 0.000000 192.651649 -0.201257 0.979538 0.000000 -42.513187 0.000000 0.000000 1.000000 0.000000
0.981299 0.192491 0.000000 193.140726 -0.192491 0.981299 0.000000 -42.618673 0.000000 0.000000 1.000000 0.000000
0.982695 0.185232 0.000000 193.601701 -0.185232 0.982695 0.000000 -42.710635 0.000000 0.000000 1.000000 0.000000
0.984282 0.176602 0.000000 194.091694 -0.176602 0.984282 0.000000 -42.802847 0.000000 0.000000 1.000000 0.000000
0.985927 0.167178 0.000000 194.554291 -0.167178 0.985927 0.000000 -42.890339 0.000000 0.000000 1.000000 0.000000
0.988847 0.148932 0.000000 195.490629 -0.148932 0.988847 0.000000 -43.055602 0.000000 0.000000 1.000000 0.000000
0.990407 0.138184 0.000000 195.974000 -0.138184 0.990407 0.000000 -43.134071 0.000000 0.000000 1.000000 0.000000
0.991640 0.129038 0.000000 196.427355 -0.129038 0.991640 0.000000 -43.197485 0.000000 0.000000 1.000000 0.000000
0.993419 0.114539 0.000000 197.105475 -0.114539 0.993419 0.000000 -43.287178 0.000000 0.000000 1.000000 0.000000
0.994626 0.103538 0.000000 197.576343 -0.103538 0.994626 0.000000 -43.350466 0.000000 0.000000 1.000000 0.000000
0.995715 0.092475 0.000000 198.049814 -0.092475 0.995715 0.000000 -43.412126 0.000000 0.000000 1.000000 0.000000
0.996513 0.083436 0.000000 198.489502 -0.083436 0.996513 0.000000 -43.462848 0.000000 0.000000 1.000000 0.000000
0.997462 0.071197 0.000000 198.956509 -0.071197 0.997462 0.000000 -43.515809 0.000000 0.000000 1.000000 0.000000
0.998263 0.058916 0.000000 199.424722 -0.058916 0.998263 0.000000 -43.565013 0.000000 0.000000 1.000000 0.000000
