1.000000 0.000780 0.000000 0.595076 -0.000780 1.000000 0.000000 -0.005437 0.000000 0.000000 1.000000 0.000000
0.999996 0.002700 0.000000 1.414245 -0.002700 0.999996 0.000000 -0.017733 0.000000 0.000000 1.000000 0.000000
0.999993 0.003775 0.000000 2.000732 -0.003775 0.999993 0.000000 -0.028630 0.000000 0.000000 1.000000 0.000000
0.999988 0.004978 0.000000 2.557215 -0.004978 0.999988 0.000000 -0.033066 0.000000 0.000000 1.000000 0.000000
0.999957 0.009244 0.000000 3.135157 -0.009244 0.999957 0.000000 -0.028936 0.000000 0.000000 1.000000 0.000000
0.999888 0.014992 0.000000 3.674276 -0.014992 0.999888 0.000000 -0.037276 0.000000 0.000000 1.000000 0.000000
0.999769 0.021498 0.000000 4.238136 -0.021498 0.999769 0.000000 -0.052515 0.000000 0.000000 1.000000 0.000000
0.999616 0.027711 0.000000 4.772372 -0.027711 0.999616 0.000000 -0.072517 0.000000 0.000000 1.000000 0.000000
0.999409 0.034363 0.000000 5.488254 -0.034363 0.999409 0.000000 -0.110055 0.000000 0.000000 1.000000 0.000000
0.999264 0.038354 0.000000 6.063841 -0.038354 0.999264 0.000000 -0.144222 0.000000 0.000000 1.000000 0.000000
0.999083 0.042804 0.000000 6.639240 -0.042804 0.999083 0.000000 -0.171622 0.000000 0.000000 1.000000 0.000000
0.998812 0.048722 0.000000 7.210118 -0.048722 0.998812 0.000000 -0.195355 0.000000 0.000000 1.000000 0.000000
0.998292 0.058418 0.000000 8.352591 -0.058418 0.998292 0.000000 -0.248105 0.000000 0.000000 1.000000 0.000000
0.997977 0.063582 0.000000 8.890589 -0.063582 0.997977 0.000000 -0.268950 0.000000 0.000000 1.000000 0.000000
0.997471 0.071076 0.000000 9.462720 -0.071076 0.997471 0.000000 -0.302127 0.000000 0.000000 1.000000 0.000000
0.996918 0.078455 0.000000 9.996046 -0.078455 0.996918 0.000000 -0.337258 0.000000 0.000000 1.000000 0.000000
0.996329 0.085610 0.000000 10.552390 -0.085610 0.996329 0.000000 -0.379271 0.000000 0.000000 1.000000 0.000000
0.995853 0.090976 0.000000 11.082851 -0.090976 0.995853 0.000000 -0.428040 0.000000 0.000000 1.000000 0.000000
0.995284 0.097008 0.000000 11.662111 -0.097008 0.995284 0.000000 -0.489297 0.000000 0.000000 1.000000 0.000000
0.994593 0.103854 0.000000 12.192090 -0.103854 0.994593 0.000000 -0.545978 0.000000 0.000000 1.000000 0.000000
0.993205 0.116380 0.000000 12.941737 -0.116380 0.993205 0.000000 -0.627521 0.000000 0.000000 1.000000 0.000000
0.992163 0.124950 0.000000 13.509605 -0.124950 0.992163 0.000000 -0.694632 0.000000 0.000000 1.000000 0.000000
0.991438 0.130576 0.000000 14.060836 -0.130576 0.991438 0.000000 -0.767827 0.000000 0.000000 1.000000 0.000000
0.990796 0.135361 0.000000 14.614636 -0.135361 0.990796 0.000000 -0.843365 0.000000 0.000000 1.000000 0.000000
0.989967 0.141299 0.000000 15.177221 -0.141299 0.989967 0.000000 -0.926972 0.000000 0.000000 1.000000 0.000000
0.989027 0.147733 0.000000 15.701270 -0.147733 0.989027 0.000000 -1.007096 0.000000 0.000000 1.000000 0.000000
0.988102 0.153801 0.000000 16.220169 -0.153801 0.988102 0.000000 -1.087423 0.000000 0.000000 1.000000 0.000000
0.986776 0.162090 0.000000 16.780725 -0.162090 0.986776 0.000000 -1.180283 0.000000 0.000000 1.000000 0.000000
0.985198 0.171422 0.000000 17.293761 -0.171422 0.985198 0.000000 -1.269703 0.000000 0.000000 1.000000 0.000000
0.983792 0.179315 0.000000 17.845394 -0.179315 0.983792 0.000000 -1.367990 0.000000 0.000000 1.000000 0.000000
0.982455 0.186499 0.000000 18.573905 -0.186499 0.982455 0.000000 -1.515785 0.000000 0.000000 1.000000 0.000000
0.981156 0.193220 0.000000 19.122261 -0.193220 0.981156 0.000000 -1.628115 0.000000 0.000000 1.000000 0.000000
0.979467 0.201602 0.000000 19.706462 -0.201602 0.979467 0.000000 -1.744442 0.000000 0.000000 1.000000 0.000000
0.977873 0.209200 0.000000 20.252477 -0.209200 0.977873 0.000000 -1.858638 0.000000 0.000000 1.000000 0.000000
0.976362 0.216141 0.000000 20.798887 -0.216141 0.976362 0.000000 -1.980302 0.000000 0.000000 1.000000 0.000000
0.975031 0.222067 0.000000 21.305384 -0.222067 0.975031 0.000000 -2.093738 0.000000 0.000000 1.000000 0.000000
0.974394 0.224849 0.000000 21.844565 -0.224849 0.974394 0.000000 -2.210092 0.000000 0.000000 1.000000 0.000000
0.973945 0.226786 0.000000 22.344827 -0.226786 0.973945 0.000000 -2.321249 0.000000 0.000000 1.000000 0.000000
0.972663 0.232222 0.000000 22.871913 -0.232222 0.972663 0.000000 -2.443321 0.000000 0.000000 1.000000 0.000000
0.970340 0.241745 0.000000 23.892199 -0.241745 0.970340 0.000000 -2.694741 0.000000 0.000000 1.000000 0.000000
0.969016 0.247000 0.000000 24.377496 -0.247000 0.969016 0.000000 -2.811001 0.000000 0.000000 1.000000 0.000000
0.967533 0.252745 0.000000 24.904066 -0.252745 0.967533 0.000000 -2.937932 0.000000 0.000000 1.000000 0.000000
0.965697 0.259670 0.000000 25.574253 -0.259670 0.965697 0.000000 -3.113744 0.000000 0.000000 1.000000 0.000000
0.964317 0.264749 0.000000 26.054909 -0.264749 0.964317 0.000000 -3.236144 0.000000 0.000000 1.000000 0.000000
0.962576 0.271012 0.000000 26.532960 -0.271012 0.962576 0.000000 -3.363906 0.000000 0.000000 1.000000 0.000000
0.961151 0.276024 0.000000 27.045615 -0.276024 0.961151 0.000000 -3.509137 0.000000 0.000000 1.000000 0.000000
0.959690 0.281061 0.000000 27.529698 -0.281061 0.959690 0.000000 -3.645691 0.000000 0.000000 1.000000 0.000000
0.957309 0.289066 0.000000 28.203669 -0.289066 0.957309 0.000000 -3.848862 0.000000 0.000000 1.000000 0.000000
0.956010 0.293333 0.000000 28.717434 -0.293333 0.956010 0.000000 -4.010463 0.000000 0.000000 1.000000 0.000000
0.954619 0.297830 0.000000 29.229727 -0.297830 0.954619 0.000000 -4.180438 0.000000 0.000000 1.000000 0.000000
0.952978 0.303040 0.000000 29.726999 -0.303040 0.952978 0.000000 -4.341666 0.000000 0.000000 1.000000 0.000000
0.952353 0.304997 0.000000 30.243730 -0.304997 0.952353 0.000000 -4.511642 0.000000 0.000000 1.000000 0.000000
0.951459 0.307775 0.000000 30.765428 -0.307775 0.951459 0.000000 -4.678404 0.000000 0.000000 1.000000 0.000000
0.949874 0.312634 0.000000 31.238304 -0.312634 0.949874 0.000000 -4.836211 0.000000 0.000000 1.000000 0.000000
0.948414 0.317035 0.000000 31.745313 -0.317035 0.948414 0.000000 -5.014797 0.000000 0.000000 1.000000 0.000000
0.946503 0.322695 0.000000 32.223084 -0.322695 0.946503 0.000000 -5.180455 0.000000 0.000000 1.000000 0.000000
0.944375 0.328870 0.000000 32.726687 -0.328870 0.944375 0.000000 -5.350503 0.000000 0.000000 1.000000 0.000000
0.942203 0.335043 0.000000 33.202678 -0.335043 0.942203 0.000000 -5.520994 0.000000 0.000000 1.000000 0.000000
0.939626 0.342203 0.000000 33.703679 -0.342203 0.939626 0.000000 -5.700475 0.000000 0.000000 1.000000 0.000000
0.937407 0.348236 0.000000 34.182586 -0.348236 0.937407 0.000000 -5.867204 0.000000 0.000000 1.000000 0.000000
0.935834 0.352441 0.000000 34.688394 -0.352441 0.935834 0.000000 -6.053459 0.000000 0.000000 1.000000 0.000000
0.934116 0.356970 0.000000 35.145269 -0.356970 0.934116 0.000000 -6.226073 0.000000 0.000000 1.000000 0.000000
0.930594 0.366054 0.000000 35.833970 -0.366054 0.930594 0.000000 -6.495209 0.000000 0.000000 1.000000 0.000000
0.926373 0.376608 0.000000 36.539685 -0.376608 0.926373 0.000000 -6.775559 0.000000 0.000000 1.000000 0.000000
0.923266 0.384162 0.000000 37.023377 -0.384162 0.923266 0.000000 -6.967895 0.000000 0.000000 1.000000 0.000000
0.918506 0.395407 0.000000 37.860251 -0.395407 0.918506 0.000000 -7.328858 0.000000 0.000000 1.000000 0.000000
0.916277 0.400545 0.000000 38.343180 -0.400545 0.916277 0.000000 -7.547089 0.000000 0.000000 1.000000 0.000000
0.915155 0.403103 0.000000 38.822849 -0.403103 0.915155 0.000000 -7.759222 0.000000 0.000000 1.000000 0.000000
0.912797 0.408412 0.000000 39.301864 -0.408412 0.912797 0.000000 -7.971375 0.000000 0.000000 1.000000 0.000000
0.910524 0.413455 0.000000 39.761727 -0.413455 0.910524 0.000000 -8.182164 0.000000 0.000000 1.000000 0.000000
0.908864 0.417093 0.000000 40.255867 -0.417093 0.908864 0.000000 -8.415717 0.000000 0.000000 1.000000 0.000000
0.906695 0.421787 0.000000 40.687682 -0.421787 0.906695 0.000000 -8.619334 0.000000 0.000000 1.000000 0.000000
0.904776 0.425887 0.000000 41.144990 -0.425887 0.904776 0.000000 -8.837257 0.000000 0.000000 1.000000 0.000000
0.903932 0.427676 0.000000 41.598270 -0.427676 0.903932 0.000000 -9.054591 0.000000 0.000000 1.000000 0.000000
0.902533 0.430620 0.000000 42.054609 -0.430620 0.902533 0.000000 -9.267834 0.000000 0.000000 1.000000 0.000000
0.900749 0.434339 0.000000 42.488321 -0.434339 0.900749 0.000000 -9.476277 0.000000 0.000000 1.000000 0.000000
0.898994 0.437960 0.000000 42.925840 -0.437960 0.898994 0.000000 -9.695892 0.000000 0.000000 1.000000 0.000000
0.898309 0.439365 0.000000 43.324951 -0.439365 0.898309 0.000000 -9.904123 0.000000 0.000000 1.000000 0.000000
0.896799 0.442438 0.000000 43.751090 -0.442438 0.896799 0.000000 -10.122008 0.000000 0.000000 1.000000 0.000000
0.895315 0.445433 0.000000 44.152942 -0.445433 0.895315 0.000000 -10.316944 0.000000 0.000000 1.000000 0.000000
0.894927 0.446212 0.000000 44.580060 -0.446212 0.894927 0.000000 -10.530519 0.000000 0.000000 1.000000 0.000000
0.894357 0.447353 0.000000 44.986339 -0.447353 0.894357 0.000000 -10.732896 0.000000 0.000000 1.000000 0.000000
0.894082 0.447903 0.000000 45.383959 -0.447903 0.894082 0.000000 -10.923987 0.000000 0.000000 1.000000 0.000000
0.891652 0.452722 0.000000 45.785723 -0.452722 0.891652 0.000000 -11.107271 0.000000 0.000000 1.000000 0.000000
0.888443 0.458986 0.000000 46.182416 -0.458986 0.888443 0.000000 -11.292344 0.000000 0.000000 1.000000 0.000000
0.886346 0.463023 0.000000 46.568586 -0.463023 0.886346 0.000000 -11.481460 0.000000 0.000000 1.000000 0.000000
0.883321 0.468769 0.000000 46.947028 -0.468769 0.883321 0.000000 -11.674494 0.000000 0.000000 1.000000 0.000000
0.880155 0.474687 0.000000 47.329378 -0.474687 0.880155 0.000000 -11.882875 0.000000 0.000000 1.000000 0.000000
0.875106 0.483931 0.000000 47.873418 -0.483931 0.875106 0.000000 -12.191493 0.000000 0.000000 1.000000 0.000000
0.870035 0.492991 0.000000 48.261372 -0.492991 0.870035 0.000000 -12.413789 0.000000 0.000000 1.000000 0.000000
0.866247 0.499616 0.000000 48.617812 -0.499616 0.866247 0.000000 -12.618926 0.000000 0.000000 1.000000 0.000000
0.863574 0.504223 0.000000 48.973401 -0.504223 0.863574 0.000000 -12.827025 0.000000 0.000000 1.000000 0.000000
0.860125 0.510083 0.000000 49.323833 -0.510083 0.860125 0.000000 -13.034876 0.000000 0.000000 1.000000 0.000000
0.857023 0.515278 0.000000 49.668786 -0.515278 0.857023 0.000000 -13.237881 0.000000 0.000000 1.000000 0.000000
0.854133 0.520055 0.000000 50.000368 -0.520055 0.854133 0.000000 -13.443047 0.000000 0.000000 1.000000 0.000000
0.850726 0.525610 0.000000 50.327173 -0.525610 0.850726 0.000000 -13.653814 0.000000 0.000000 1.000000 0.000000
0.848356 0.529426 0.000000 50.646438 -0.529426 0.848356 0.000000 -13.864707 0.000000 0.000000 1.000000 0.000000
0.846383 0.532575 0.000000 50.962667 -0.532575 0.846383 0.000000 -14.078825 0.000000 0.000000 1.000000 0.000000
0.844826 0.535041 0.000000 51.275390 -0.535041 0.844826 0.000000 -14.285707 0.000000 0.000000 1.000000 0.000000
0.843822 0.536623 0.000000 51.893444 -0.536623 0.843822 0.000000 -14.685020 0.000000 0.000000 1.000000 0.000000
0.843263 0.537501 0.000000 52.191879 -0.537501 0.843263 0.000000 -14.873802 0.000000 0.000000 1.000000 0.000000
0.842931 0.538021 0.000000 52.476469 -0.538021 0.842931 0.000000 -15.048954 0.000000 0.000000 1.000000 0.000000
0.844498 0.535559 0.000000 52.747568 -0.535559 0.844498 0.000000 -15.217027 0.000000 0.000000 1.000000 0.000000
0.844537 0.535497 0.000000 53.031523 -0.535497 0.844537 0.000000 -15.403537 0.000000 0.000000 1.000000 0.000000
0.843212 0.537581 0.000000 53.298942 -0.537581 0.843212 0.000000 -15.561636 0.000000 0.000000 1.000000 0.000000
0.842134 0.539269 0.000000 53.581296 -0.539269 0.842134 0.000000 -15.735821 0.000000 0.000000 1.000000 0.000000
0.841125 0.540840 0.000000 53.840928 -0.540840 0.841125 0.000000 -15.893455 0.000000 0.000000 1.000000 0.000000
0.840920 0.541159 0.000000 54.113674 -0.541159 0.840920 0.000000 -16.066330 0.000000 0.000000 1.000000 0.000000
0.839749 0.542975 0.000000 54.366779 -0.542975 0.839749 0.000000 -16.221906 0.000000 0.000000 1.000000 0.000000
0.838202 0.545360 0.000000 54.615544 -0.545360 0.838202 0.000000 -16.371840 0.000000 0.000000 1.000000 0.000000
0.836152 0.548498 0.000000 54.870782 -0.548498 0.836152 0.000000 -16.532798 0.000000 0.000000 1.000000 0.000000
0.833939 0.551856 0.000000 55.225757 -0.551856 0.833939 0.000000 -16.761230 0.000000 0.000000 1.000000 0.000000
0.830873 0.556462 0.000000 55.484792 -0.556462 0.830873 0.000000 -16.924325 0.000000 0.000000 1.000000 0.000000
0.827616 0.561295 0.000000 55.722139 -0.561295 0.827616 0.000000 -17.076520 0.000000 0.000000 1.000000 0.000000
0.824408 0.565996 0.000000 55.957148 -0.565996 0.824408 0.000000 -17.230727 0.000000 0.000000 1.000000 0.000000
0.821339 0.570440 0.000000 56.189720 -0.570440 0.821339 0.000000 -17.383466 0.000000 0.000000 1.000000 0.000000
0.819922 0.572475 0.000000 56.413945 -0.572475 0.819922 0.000000 -17.542937 0.000000 0.000000 1.000000 0.000000
0.819630 0.572893 0.000000 56.630382 -0.572893 0.819630 0.000000 -17.702599 0.000000 0.000000 1.000000 0.000000
0.820701 0.571358 0.000000 56.841984 -0.571358 0.820701 0.000000 -17.859673 0.000000 0.000000 1.000000 0.000000
0.821096 0.570790 0.000000 57.044011 -0.570790 0.821096 0.000000 -18.014590 0.000000 0.000000 1.000000 0.000000
0.819599 0.572937 0.000000 57.238452 -0.572937 0.819599 0.000000 -18.164449 0.000000 0.000000 1.000000 0.000000
0.813867 0.581051 0.000000 57.630695 -0.581051 0.813867 0.000000 -18.431597 0.000000 0.000000 1.000000 0.000000
0.812064 0.583568 0.000000 57.802917 -0.583568 0.812064 0.000000 -18.558664 0.000000 0.000000 1.000000 0.000000
0.812127 0.583480 0.000000 57.969680 -0.583480 0.812127 0.000000 -18.691478 0.000000 0.000000 1.000000 0.000000
0.812292 0.583251 0.000000 58.147413 -0.583251 0.812292 0.000000 -18.827756 0.000000 0.000000 1.000000 0.000000
0.811593 0.584223 0.000000 58.310999 -0.584223 0.811593 0.000000 -18.947452 0.000000 0.000000 1.000000 0.000000
0.811105 0.584901 0.000000 58.467062 -0.584901 0.811105 0.000000 -19.063970 0.000000 0.000000 1.000000 0.000000
0.810008 0.586419 0.000000 58.634207 -0.586419 0.810008 0.000000 -19.188728 0.000000 0.000000 1.000000 0.000000
0.808759 0.588140 0.000000 58.789151 -0.588140 0.808759 0.000000 -19.304763 0.000000 0.000000 1.000000 0.000000
0.807227 0.590242 0.000000 58.951410 -0.590242 0.807227 0.000000 -19.426018 0.000000 0.000000 1.000000 0.000000
0.804124 0.594461 0.000000 59.268609 -0.594461 0.804124 0.000000 -19.655457 0.000000 0.000000 1.000000 0.000000
0.803208 0.595699 0.000000 59.419091 -0.595699 0.803208 0.000000 -19.765430 0.000000 0.000000 1.000000 0.000000
0.802289 0.596935 0.000000 59.572341 -0.596935 0.802289 0.000000 -19.871125 0.000000 0.000000 1.000000 0.000000
0.800587 0.599217 0.000000 59.821284 -0.599217 0.800587 0.000000 -20.057881 0.000000 0.000000 1.000000 0.000000
0.798767 0.601640 0.000000 59.977841 -0.601640 0.798767 0.000000 -20.177919 0.000000 0.000000 1.000000 0.000000
0.796625 0.604474 0.000000 60.133472 -0.604474 0.796625 0.000000 -20.296511 0.000000 0.000000 1.000000 0.000000
0.796058 0.605221 0.000000 60.287237 -0.605221 0.796058 0.000000 -20.413277 0.000000 0.000000 1.000000 0.000000
0.795525 0.605921 0.000000 60.440264 -0.605921 0.795525 0.000000 -20.530867 0.000000 0.000000 1.000000 0.000000
0.794402 0.607393 0.000000 60.599662 -0.607393 0.794402 0.000000 -20.650901 0.000000 0.000000 1.000000 0.000000
0.793098 0.609094 0.000000 60.760742 -0.609094 0.793098 0.000000 -20.773022 0.000000 0.000000 1.000000 0.000000
0.789620 0.613596 0.000000 61.086243 -0.613596 0.789620 0.000000 -21.029065 0.000000 0.000000 1.000000 0.000000
0.787921 0.615777 0.000000 61.251957 -0.615777 0.787921 0.000000 -21.157690 0.000000 0.000000 1.000000 0.000000
0.785992 0.618237 0.000000 61.422917 -0.618237 0.785992 0.000000 -21.286270 0.000000 0.000000 1.000000 0.000000
0.784446 0.620197 0.000000 61.585480 -0.620197 0.784446 0.000000 -21.417152 0.000000 0.000000 1.000000 0.000000
0.783353 0.621577 0.000000 61.757889 -0.621577 0.783353 0.000000 -21.555071 0.000000 0.000000 1.000000 0.000000
0.781834 0.623487 0.000000 61.925304 -0.623487 0.781834 0.000000 -21.685042 0.000000 0.000000 1.000000 0.000000
0.780068 0.625694 0.000000 62.088201 -0.625694 0.780068 0.000000 -21.812029 0.000000 0.000000 1.000000 0.000000
0.777545 0.628828 0.000000 62.267392 -0.628828 0.777545 0.000000 -21.952440 0.000000 0.000000 1.000000 0.000000
0.774049 0.633126 0.000000 62.441629 -0.633126 0.774049 0.000000 -22.082839 0.000000 0.000000 1.000000 0.000000
0.770452 0.637499 0.000000 62.615582 -0.637499 0.770452 0.000000 -22.215830 0.000000 0.000000 1.000000 0.000000
0.767567 0.640968 0.000000 62.796505 -0.640968 0.767567 0.000000 -22.364295 0.000000 0.000000 1.000000 0.000000
0.765562 0.643362 0.000000 62.964897 -0.643362 0.765562 0.000000 -22.501559 0.000000 0.000000 1.000000 0.000000
0.763687 0.645586 0.000000 63.151727 -0.645586 0.763687 0.000000 -22.659851 0.000000 0.000000 1.000000 0.000000
0.761053 0.648690 0.000000 63.328945 -0.648690 0.761053 0.000000 -22.808004 0.000000 0.000000 1.000000 0.000000
0.758149 0.652082 0.000000 63.523286 -0.652082 0.758149 0.000000 -22.976140 0.000000 0.000000 1.000000 0.000000
0.755153 0.655548 0.000000 63.707453 -0.655548 0.755153 0.000000 -23.133098 0.000000 0.000000 1.000000 0.000000
0.750311 0.661085 0.000000 63.993851 -0.661085 0.750311 0.000000 -23.373011 0.000000 0.000000 1.000000 0.000000
0.748292 0.663370 0.000000 64.176115 -0.663370 0.748292 0.000000 -23.536556 0.000000 0.000000 1.000000 0.000000
0.746893 0.664944 0.000000 64.371563 -0.664944 0.746893 0.000000 -23.716063 0.000000 0.000000 1.000000 0.000000
0.745303 0.666726 0.000000 64.552473 -0.666726 0.745303 0.000000 -23.890249 0.000000 0.000000 1.000000 0.000000
0.741908 0.670501 0.000000 64.939558 -0.670501 0.741908 0.000000 -24.260995 0.000000 0.000000 1.000000 0.000000
0.740222 0.672362 0.000000 65.123201 -0.672362 0.740222 0.000000 -24.440929 0.000000 0.000000 1.000000 0.000000
0.738533 0.674217 0.000000 65.298055 -0.674217 0.738533 0.000000 -24.611141 0.000000 0.000000 1.000000 0.000000
0.737461 0.675390 0.000000 65.492100 -0.675390 0.737461 0.000000 -24.794502 0.000000 0.000000 1.000000 0.000000
0.733602 0.679579 0.000000 65.759330 -0.679579 0.733602 0.000000 -25.037120 0.000000 0.000000 1.000000 0.000000
0.729553 0.683924 0.000000 65.952518 -0.683924 0.729553 0.000000 -25.211950 0.000000 0.000000 1.000000 0.000000
0.725411 0.688316 0.000000 66.133829 -0.688316 0.725411 0.000000 -25.384058 0.000000 0.000000 1.000000 0.000000
0.722354 0.691523 0.000000 66.323809 -0.691523 0.722354 0.000000 -25.566677 0.000000 0.000000 1.000000 0.000000
0.720525 0.693429 0.000000 66.498336 -0.693429 0.720525 0.000000 -25.740288 0.000000 0.000000 1.000000 0.000000
0.718122 0.695917 0.000000 66.672077 -0.695917 0.718122 0.000000 -25.912334 0.000000 0.000000 1.000000 0.000000
0.716798 0.697281 0.000000 66.855714 -0.697281 0.716798 0.000000 -26.096259 0.000000 0.000000 1.000000 0.000000
0.715539 0.698572 0.000000 67.026789 -0.698572 0.715539 0.000000 -26.273596 0.000000 0.000000 1.000000 0.000000
0.713454 0.700702 0.000000 67.199773 -0.700702 0.713454 0.000000 -26.446072 0.000000 0.000000 1.000000 0.000000
0.712407 0.701766 0.000000 67.381435 -0.701766 0.712407 0.000000 -26.629682 0.000000 0.000000 1.000000 0.000000
0.712692 0.701477 0.000000 67.545424 -0.701477 0.712692 0.000000 -26.805370 0.000000 0.000000 1.000000 0.000000
0.712299 0.701876 0.000000 67.780243 -0.701876 0.712299 0.000000 -27.049959 0.000000 0.000000 1.000000 0.000000
0.711224 0.702965 0.000000 67.968225 -0.702965 0.711224 0.000000 -27.241745 0.000000 0.000000 1.000000 0.000000
0.711071 0.703120 0.000000 68.140655 -0.703120 0.711071 0.000000 -27.425494 0.000000 0.000000 1.000000 0.000000
0.710563 0.703634 0.000000 68.311594 -0.703634 0.710563 0.000000 -27.608781 0.000000 0.000000 1.000000 0.000000
0.711640 0.702544 0.000000 68.480919 -0.702544 0.711640 0.000000 -27.790915 0.000000 0.000000 1.000000 0.000000
0.715786 0.698320 0.000000 68.644043 -0.698320 0.715786 0.000000 -27.973749 0.000000 0.000000 1.000000 0.000000
0.717958 0.696086 0.000000 68.812518 -0.696086 0.717958 0.000000 -28.149087 0.000000 0.000000 1.000000 0.000000
0.718934 0.695078 0.000000 68.984115 -0.695078 0.718934 0.000000 -28.315388 0.000000 0.000000 1.000000 0.000000
0.720551 0.693402 0.000000 69.152557 -0.693402 0.720551 0.000000 -28.483694 0.000000 0.000000 1.000000 0.000000
0.720791 0.693153 0.000000 69.308818 -0.693153 0.720791 0.000000 -28.635978 0.000000 0.000000 1.000000 0.000000
0.721311 0.692611 0.000000 69.629207 -0.692611 0.721311 0.000000 -28.950789 0.000000 0.000000 1.000000 0.000000
0.722965 0.690885 0.000000 69.787366 -0.690885 0.722965 0.000000 -29.113150 0.000000 0.000000 1.000000 0.000000
0.724622 0.689147 0.000000 69.945918 -0.689147 0.724622 0.000000 -29.273869 0.000000 0.000000 1.000000 0.000000
0.726123 0.687565 0.000000 70.090339 -0.687565 0.726123 0.000000 -29.418454 0.000000 0.000000 1.000000 0.000000
0.727593 0.686009 0.000000 70.245328 -0.686009 0.727593 0.000000 -29.567114 0.000000 0.000000 1.000000 0.000000
0.727701 0.685895 0.000000 70.393264 -0.685895 0.727701 0.000000 -29.703076 0.000000 0.000000 1.000000 0.000000
0.727899 0.685685 0.000000 70.548427 -0.685685 0.727899 0.000000 -29.847454 0.000000 0.000000 1.000000 0.000000
0.730024 0.683421 0.000000 70.807982 -0.683421 0.730024 0.000000 -30.095543 0.000000 0.000000 1.000000 0.000000
0.732275 0.681009 0.000000 70.956676 -0.681009 0.732275 0.000000 -30.238700 0.000000 0.000000 1.000000 0.000000
0.734290 0.678836 0.000000 71.103276 -0.678836 0.734290 0.000000 -30.384207 0.000000 0.000000 1.000000 0.000000
0.736299 0.676656 0.000000 71.249187 -0.676656 0.736299 0.000000 -30.525935 0.000000 0.000000 1.000000 0.000000
0.738669 0.674068 0.000000 71.392439 -0.674068 0.738669 0.000000 -30.665197 0.000000 0.000000 1.000000 0.000000
0.741783 0.670640 0.000000 71.532334 -0.670640 0.741783 0.000000 -30.807328 0.000000 0.000000 1.000000 0.000000
0.748636 0.662982 0.000000 71.806759 -0.662982 0.748636 0.000000 -31.070228 0.000000 0.000000 1.000000 0.000000
0.751533 0.659696 0.000000 71.935501 -0.659696 0.751533 0.000000 -31.183875 0.000000 0.000000 1.000000 0.000000
0.754763 0.655997 0.000000 72.064052 -0.655997 0.754763 0.000000 -31.295674 0.000000 0.000000 1.000000 0.000000
0.759011 0.651078 0.000000 72.294358 -0.651078 0.759011 0.000000 -31.488882 0.000000 0.000000 1.000000 0.000000
0.765906 0.642952 0.000000 72.582511 -0.642952 0.765906 0.000000 -31.737335 0.000000 0.000000 1.000000 0.000000
0.770860 0.637004 0.000000 72.758779 -0.637004 0.770860 0.000000 -31.879528 0.000000 0.000000 1.000000 0.000000
0.774538 0.632528 0.000000 72.874072 -0.632528 0.774538 0.000000 -31.967874 0.000000 0.000000 1.000000 0.000000
0.782431 0.622737 0.000000 73.095545 -0.622737 0.782431 0.000000 -32.148022 0.000000 0.000000 1.000000 0.000000
0.786071 0.618136 0.000000 73.208532 -0.618136 0.786071 0.000000 -32.235523 0.000000 0.000000 1.000000 0.000000
0.788883 0.614544 0.000000 73.310284 -0.614544 0.788883 0.000000 -32.311605 0.000000 0.000000 1.000000 0.000000
0.792047 0.610461 0.000000 73.414986 -0.610461 0.792047 0.000000 -32.388369 0.000000 0.000000 1.000000 0.000000
0.796721 0.604348 0.000000 73.575320 -0.604348 0.796721 0.000000 -32.506791 0.000000 0.000000 1.000000 0.000000
0.803198 0.595712 0.000000 73.769038 -0.595712 0.803198 0.000000 -32.646410 0.000000 0.000000 1.000000 0.000000
0.806812 0.590808 0.000000 73.862931 -0.590808 0.806812 0.000000 -32.710874 0.000000 0.000000 1.000000 0.000000
0.810297 0.586020 0.000000 73.954404 -0.586020 0.810297 0.000000 -32.773093 0.000000 0.000000 1.000000 0.000000
0.813494 0.581574 0.000000 74.042021 -0.581574 0.813494 0.000000 -32.831452 0.000000 0.000000 1.000000 0.000000
0.816317 0.577605 0.000000 74.135073 -0.577605 0.816317 0.000000 -32.891983 0.000000 0.000000 1.000000 0.000000
0.819306 0.573357 0.000000 74.215114 -0.573357 0.819306 0.000000 -32.945179 0.000000 0.000000 1.000000 0.000000
0.825074 0.565025 0.000000 74.366073 -0.565025 0.825074 0.000000 -33.052615 0.000000 0.000000 1.000000 0.000000
0.827968 0.560775 0.000000 74.433893 -0.560775 0.827968 0.000000 -33.098678 0.000000 0.000000 1.000000 0.000000
0.830442 0.557106 0.000000 74.502253 -0.557106 0.830442 0.000000 -33.140900 0.000000 0.000000 1.000000 0.000000
0.832969 0.553319 0.000000 74.559347 -0.553319 0.832969 0.000000 -33.179166 0.000000 0.000000 1.000000 0.000000
0.835205 0.549939 0.000000 74.614575 -0.549939 0.835205 0.000000 -33.212177 0.000000 0.000000 1.000000 0.000000
0.836404 0.548114 0.000000 74.658011 -0.548114 0.836404 0.000000 -33.239318 0.000000 0.000000 1.000000 0.000000
0.837256 0.546811 0.000000 74.702460 -0.546811 0.837256 0.000000 -33.265053 0.000000 0.000000 1.000000 0.000000
0.839035 0.544078 0.000000 74.765463 -0.544078 0.839035 0.000000 -33.305856 0.000000 0.000000 1.000000 0.000000
0.839872 0.542784 0.000000 74.793391 -0.542784 0.839872 0.000000 -33.324359 0.000000 0.000000 1.000000 0.000000
0.840348 0.542048 0.000000 74.820377 -0.542048 0.840348 0.000000 -33.340486 0.000000 0.000000 1.000000 0.000000
0.841102 0.540876 0.000000 74.840316 -0.540876 0.841102 0.000000 -33.353857 0.000000 0.000000 1.000000 0.000000
0.842279 0.539042 0.000000 74.860753 -0.539042 0.842279 0.000000 -33.366211 0.000000 0.000000 1.000000 0.000000
0.842671 0.538428 0.000000 74.876725 -0.538428 0.842671 0.000000 -33.377161 0.000000 0.000000 1.000000 0.000000
0.842827 0.538184 0.000000 74.890871 -0.538184 0.842827 0.000000 -33.386601 0.000000 0.000000 1.000000 0.000000
0.843610 0.536957 0.000000 74.902317 -0.536957 0.843610 0.000000 -33.397700 0.000000 0.000000 1.000000 0.000000
0.843963 0.536401 0.000000 74.920820 -0.536401 0.843963 0.000000 -33.409987 0.000000 0.000000 1.000000 0.000000
0.843949 0.536423 0.000000 74.925298 -0.536423 0.843949 0.000000 -33.409352 0.000000 0.000000 1.000000 0.000000
0.844396 0.535720 0.000000 74.926218 -0.535720 0.844396 0.000000 -33.410175 0.000000 0.000000 1.000000 0.000000
0.844005 0.536335 0.000000 74.925254 -0.536335 0.844005 0.000000 -33.406632 0.000000 0.000000 1.000000 0.000000
0.843652 0.536890 0.000000 74.924054 -0.536890 0.843652 0.000000 -33.404765 0.000000 0.000000 1.000000 0.000000
0.843540 0.537066 0.000000 74.923532 -0.537066 0.843540 0.000000 -33.403983 0.000000 0.000000 1.000000 0.000000
0.843972 0.536387 0.000000 74.922718 -0.536387 0.843972 0.000000 -33.406954 0.000000 0.000000 1.000000 0.000000
0.844487 0.535576 0.000000 74.921762 -0.535576 0.844487 0.000000 -33.408377 0.000000 0.000000 1.000000 0.000000
0.844152 0.536104 0.000000 74.921661 -0.536104 0.844152 0.000000 -33.409030 0.000000 0.000000 1.000000 0.000000
0.843696 0.536822 0.000000 74.922576 -0.536822 0.843696 0.000000 -33.408499 0.000000 0.000000 1.000000 0.000000
0.843662 0.536874 0.000000 74.922738 -0.536874 0.843662 0.000000 -33.408301 0.000000 0.000000 1.000000 0.000000
0.843634 0.536919 0.000000 74.922894 -0.536919 0.843634 0.000000 -33.407951 0.000000 0.000000 1.000000 0.000000
0.843597 0.536976 0.000000 74.922819 -0.536976 0.843597 0.000000 -33.407208 0.000000 0.000000 1.000000 0.000000
0.843499 0.537131 0.000000 74.923151 -0.537131 0.843499 0.000000 -33.404418 0.000000 0.000000 1.000000 0.000000
0.843413 0.537266 0.000000 74.923891 -0.537266 0.843413 0.000000 -33.401496 0.000000 0.000000 1.000000 0.000000
0.843428 0.537242 0.000000 74.924034 -0.537242 0.843428 0.000000 -33.398629 0.000000 0.000000 1.000000 0.000000
0.843462 0.537189 0.000000 74.923306 -0.537189 0.843462 0.000000 -33.398132 0.000000 0.000000 1.000000 0.000000
0.843485 0.537153 0.000000 74.923495 -0.537153 0.843485 0.000000 -33.398198 0.000000 0.000000 1.000000 0.000000
0.843476 0.537167 0.000000 74.923570 -0.537167 0.843476 0.000000 -33.398371 0.000000 0.000000 1.000000 0.000000
0.843468 0.537179 0.000000 74.923641 -0.537179 0.843468 0.000000 -33.398580 0.000000 0.000000 1.000000 0.000000
0.843482 0.537157 0.000000 74.923303 -0.537157 0.843482 0.000000 -33.400011 0.000000 0.000000 1.000000 0.000000
0.843458 0.537195 0.000000 74.923042 -0.537195 0.843458 0.000000 -33.400638 0.000000 0.000000 1.000000 0.000000
0.843440 0.537224 0.000000 74.922857 -0.537224 0.843440 0.000000 -33.401161 0.000000 0.000000 1.000000 0.000000
0.843400 0.537287 0.000000 74.923355 -0.537287 0.843400 0.000000 -33.401879 0.000000 0.000000 1.000000 0.000000
0.843226 0.537559 0.000000 74.923715 -0.537559 0.843226 0.000000 -33.402754 0.000000 0.000000 1.000000 0.000000
0.843167 0.537652 0.000000 74.923873 -0.537652 0.843167 0.000000 -33.402426 0.000000 0.000000 1.000000 0.000000
0.843179 0.537632 0.000000 74.924367 -0.537632 0.843179 0.000000 -33.402114 0.000000 0.000000 1.000000 0.000000
0.843236 0.537543 0.000000 74.925149 -0.537543 0.843236 0.000000 -33.402376 0.000000 0.000000 1.000000 0.000000
0.843270 0.537490 0.000000 74.925324 -0.537490 0.843270 0.000000 -33.402735 0.000000 0.000000 1.000000 0.000000
0.843252 0.537518 0.000000 74.925395 -0.537518 0.843252 0.000000 -33.402701 0.000000 0.000000 1.000000 0.000000
0.843236 0.537544 0.000000 74.925429 -0.537544 0.843236 0.000000 -33.403233 0.000000 0.000000 1.000000 0.000000
0.843239 0.537539 0.000000 74.925290 -0.537539 0.843239 0.000000 -33.403456 0.000000 0.000000 1.000000 0.000000
0.843206 0.537591 0.000000 74.924742 -0.537591 0.843206 0.000000 -33.404155 0.000000 0.000000 1.000000 0.000000
0.843231 0.537552 0.000000 74.924641 -0.537552 0.843231 0.000000 -33.404103 0.000000 0.000000 1.000000 0.000000
0.843245 0.537529 0.000000 74.924683 -0.537529 0.843245 0.000000 -33.403955 0.000000 0.000000 1.000000 0.000000
0.843233 0.537548 0.000000 74.924637 -0.537548 0.843233 0.000000 -33.403764 0.000000 0.000000 1.000000 0.000000
0.843224 0.537562 0.000000 74.924054 -0.537562 0.843224 0.000000 -33.403987 0.000000 0.000000 1.000000 0.000000
0.843256 0.537512 0.000000 74.923219 -0.537512 0.843256 0.000000 -33.403556 0.000000 0.000000 1.000000 0.000000
0.843438 0.537226 0.000000 74.921675 -0.537226 0.843438 0.000000 -33.403412 0.000000 0.000000 1.000000 0.000000
0.843589 0.536989 0.000000 74.920664 -0.536989 0.843589 0.000000 -33.403261 0.000000 0.000000 1.000000 0.000000
0.843536 0.537073 0.000000 74.919901 -0.537073 0.843536 0.000000 -33.402533 0.000000 0.000000 1.000000 0.000000
0.843499 0.537130 0.000000 74.919428 -0.537130 0.843499 0.000000 -33.401163 0.000000 0.000000 1.000000 0.000000
0.843498 0.537133 0.000000 74.918575 -0.537133 0.843498 0.000000 -33.400268 0.000000 0.000000 1.000000 0.000000
0.843603 0.536968 0.000000 74.917483 -0.536968 0.843603 0.000000 -33.399802 0.000000 0.000000 1.000000 0.000000
0.843697 0.536819 0.000000 74.916263 -0.536819 0.843697 0.000000 -33.399683 0.000000 0.000000 1.000000 0.000000
0.843615 0.536949 0.000000 74.915687 -0.536949 0.843615 0.000000 -33.399201 0.000000 0.000000 1.000000 0.000000
0.843371 0.537332 0.000000 74.915249 -0.537332 0.843371 0.000000 -33.398444 0.000000 0.000000 1.000000 0.000000
0.842829 0.538181 0.000000 74.915949 -0.538181 0.842829 0.000000 -33.397425 0.000000 0.000000 1.000000 0.000000
0.842317 0.538982 0.000000 74.916123 -0.538982 0.842317 0.000000 -33.396715 0.000000 0.000000 1.000000 0.000000
0.841633 0.540050 0.000000 74.917653 -0.540050 0.841633 0.000000 -33.397296 0.000000 0.000000 1.000000 0.000000
0.841728 0.539901 0.000000 74.916659 -0.539901 0.841728 0.000000 -33.399125 0.000000 0.000000 1.000000 0.000000
0.841916 0.539608 0.000000 74.915071 -0.539608 0.841916 0.000000 -33.401004 0.000000 0.000000 1.000000 0.000000
0.842443 0.538786 0.000000 74.913250 -0.538786 0.842443 0.000000 -33.405153 0.000000 0.000000 1.000000 0.000000
0.843831 0.536610 0.000000 74.907999 -0.536610 0.843831 0.000000 -33.411017 0.000000 0.000000 1.000000 0.000000
0.844407 0.535702 0.000000 74.904038 -0.535702 0.844407 0.000000 -33.414277 0.000000 0.000000 1.000000 0.000000
0.844760 0.535146 0.000000 74.901651 -0.535146 0.844760 0.000000 -33.417142 0.000000 0.000000 1.000000 0.000000
0.844951 0.534843 0.000000 74.898357 -0.534843 0.844951 0.000000 -33.419429 0.000000 0.000000 1.000000 0.000000
0.845111 0.534591 0.000000 74.897544 -0.534591 0.845111 0.000000 -33.420302 0.000000 0.000000 1.000000 0.000000
0.845197 0.534455 0.000000 74.896301 -0.534455 0.845197 0.000000 -33.420526 0.000000 0.000000 1.000000 0.000000
0.845206 0.534441 0.000000 74.896333 -0.534441 0.845206 0.000000 -33.419784 0.000000 0.000000 1.000000 0.000000
0.845347 0.534217 0.000000 74.895848 -0.534217 0.845347 0.000000 -33.419030 0.000000 0.000000 1.000000 0.000000
0.845393 0.534145 0.000000 74.894154 -0.534145 0.845393 0.000000 -33.418586 0.000000 0.000000 1.000000 0.000000
0.845453 0.534049 0.000000 74.892226 -0.534049 0.845453 0.000000 -33.417913 0.000000 0.000000 1.000000 0.000000
0.845563 0.533876 0.000000 74.891361 -0.533876 0.845563 0.000000 -33.417071 0.000000 0.000000 1.000000 0.000000
0.845594 0.533826 0.000000 74.891017 -0.533826 0.845594 0.000000 -33.416106 0.000000 0.000000 1.000000 0.000000
0.845849 0.533422 0.000000 74.889317 -0.533422 0.845849 0.000000 -33.416309 0.000000 0.000000 1.000000 0.000000
0.846198 0.532869 0.000000 74.888412 -0.532869 0.846198 0.000000 -33.417336 0.000000 0.000000 1.000000 0.000000
0.846719 0.532040 0.000000 74.887541 -0.532040 0.846719 0.000000 -33.418479 0.000000 0.000000 1.000000 0.000000
0.847304 0.531108 0.000000 74.886647 -0.531108 0.847304 0.000000 -33.419840 0.000000 0.000000 1.000000 0.000000
0.847554 0.530709 0.000000 74.886122 -0.530709 0.847554 0.000000 -33.420633 0.000000 0.000000 1.000000 0.000000
0.847414 0.530933 0.000000 74.885564 -0.530933 0.847414 0.000000 -33.419845 0.000000 0.000000 1.000000 0.000000
0.846632 0.532178 0.000000 74.888627 -0.532178 0.846632 0.000000 -33.417581 0.000000 0.000000 1.000000 0.000000
0.845162 0.534511 0.000000 74.900018 -0.534511 0.845162 0.000000 -33.415439 0.000000 0.000000 1.000000 0.000000
0.844263 0.535928 0.000000 74.906144 -0.535928 0.844263 0.000000 -33.415077 0.000000 0.000000 1.000000 0.000000
0.843428 0.537243 0.000000 74.912000 -0.537243 0.843428 0.000000 -33.414578 0.000000 0.000000 1.000000 0.000000
0.842526 0.538656 0.000000 74.917086 -0.538656 0.842526 0.000000 -33.412741 0.000000 0.000000 1.000000 0.000000
0.841328 0.540524 0.000000 74.923239 -0.540524 0.841328 0.000000 -33.410724 0.000000 0.000000 1.000000 0.000000
0.840358 0.542032 0.000000 74.932358 -0.542032 0.840358 0.000000 -33.410856 0.000000 0.000000 1.000000 0.000000
0.839823 0.542860 0.000000 74.940452 -0.542860 0.839823 0.000000 -33.415305 0.000000 0.000000 1.000000 0.000000
0.839885 0.542764 0.000000 74.947980 -0.542764 0.839885 0.000000 -33.422951 0.000000 0.000000 1.000000 0.000000
0.840274 0.542162 0.000000 74.954244 -0.542162 0.840274 0.000000 -33.432024 0.000000 0.000000 1.000000 0.000000
0.840973 0.541077 0.000000 74.962107 -0.541077 0.840973 0.000000 -33.441364 0.000000 0.000000 1.000000 0.000000
0.841814 0.539768 0.000000 74.968108 -0.539768 0.841814 0.000000 -33.449276 0.000000 0.000000 1.000000 0.000000
0.842566 0.538594 0.000000 74.976303 -0.538594 0.842566 0.000000 -33.456594 0.000000 0.000000 1.000000 0.000000
0.842854 0.538142 0.000000 74.987751 -0.538142 0.842854 0.000000 -33.464870 0.000000 0.000000 1.000000 0.000000
0.842860 0.538132 0.000000 75.001003 -0.538132 0.842860 0.000000 -33.472161 0.000000 0.000000 1.000000 0.000000
0.842571 0.538585 0.000000 75.017429 -0.538585 0.842571 0.000000 -33.478033 0.000000 0.000000 1.000000 0.000000
0.842233 0.539114 0.000000 75.032346 -0.539114 0.842233 0.000000 -33.481990 0.000000 0.000000 1.000000 0.000000
0.841980 0.539509 0.000000 75.048193 -0.539509 0.841980 0.000000 -33.487359 0.000000 0.000000 1.000000 0.000000
0.842421 0.538819 0.000000 75.075006 -0.538819 0.842421 0.000000 -33.499648 0.000000 0.000000 1.000000 0.000000
0.842696 0.538390 0.000000 75.084923 -0.538390 0.842696 0.000000 -33.505912 0.000000 0.000000 1.000000 0.000000
0.843103 0.537752 0.000000 75.095124 -0.537752 0.843103 0.000000 -33.511748 0.000000 0.000000 1.000000 0.000000
0.843835 0.536603 0.000000 75.104363 -0.536603 0.843835 0.000000 -33.520179 0.000000 0.000000 1.000000 0.000000
0.845019 0.534737 0.000000 75.111056 -0.534737 0.845019 0.000000 -33.529337 0.000000 0.000000 1.000000 0.000000
0.846183 0.532893 0.000000 75.117846 -0.532893 0.846183 0.000000 -33.541634 0.000000 0.000000 1.000000 0.000000
0.846777 0.531949 0.000000 75.121749 -0.531949 0.846777 0.000000 -33.551513 0.000000 0.000000 1.000000 0.000000
0.847085 0.531458 0.000000 75.125317 -0.531458 0.847085 0.000000 -33.557285 0.000000 0.000000 1.000000 0.000000
0.846864 0.531810 0.000000 75.128766 -0.531810 0.846864 0.000000 -33.557592 0.000000 0.000000 1.000000 0.000000
0.846493 0.532400 0.000000 75.131669 -0.532400 0.846493 0.000000 -33.557304 0.000000 0.000000 1.000000 0.000000
0.845701 0.533656 0.000000 75.137129 -0.533656 0.845701 0.000000 -33.553717 0.000000 0.000000 1.000000 0.000000
0.845357 0.534202 0.000000 75.139836 -0.534202 0.845357 0.000000 -33.553140 0.000000 0.000000 1.000000 0.000000
0.845181 0.534480 0.000000 75.142692 -0.534480 0.845181 0.000000 -33.553917 0.000000 0.000000 1.000000 0.000000
0.845050 0.534687 0.000000 75.142732 -0.534687 0.845050 0.000000 -33.554377 0.000000 0.000000 1.000000 0.000000
0.845394 0.534144 0.000000 75.140966 -0.534144 0.845394 0.000000 -33.555564 0.000000 0.000000 1.000000 0.000000
0.845902 0.533338 0.000000 75.138291 -0.533338 0.845902 0.000000 -33.556464 0.000000 0.000000 1.000000 0.000000
0.846190 0.532881 0.000000 75.136441 -0.532881 0.846190 0.000000 -33.556597 0.000000 0.000000 1.000000 0.000000
0.846269 0.532756 0.000000 75.134933 -0.532756 0.846269 0.000000 -33.554954 0.000000 0.000000 1.000000 0.000000
0.846524 0.532350 0.000000 75.134769 -0.532350 0.846524 0.000000 -33.553186 0.000000 0.000000 1.000000 0.000000
0.846843 0.531843 0.000000 75.133956 -0.531843 0.846843 0.000000 -33.552463 0.000000 0.000000 1.000000 0.000000
0.847231 0.531225 0.000000 75.132528 -0.531225 0.847231 0.000000 -33.552824 0.000000 0.000000 1.000000 0.000000
0.847917 0.530128 0.000000 75.131466 -0.530128 0.847917 0.000000 -33.553578 0.000000 0.000000 1.000000 0.000000
0.848209 0.529662 0.000000 75.131157 -0.529662 0.848209 0.000000 -33.552364 0.000000 0.000000 1.000000 0.000000
0.848740 0.528810 0.000000 75.130097 -0.528810 0.848740 0.000000 -33.552019 0.000000 0.000000 1.000000 0.000000
0.849153 0.528147 0.000000 75.129869 -0.528147 0.849153 0.000000 -33.550925 0.000000 0.000000 1.000000 0.000000
0.849439 0.527687 0.000000 75.130790 -0.527687 0.849439 0.000000 -33.550104 0.000000 0.000000 1.000000 0.000000
0.849692 0.527279 0.000000 75.131702 -0.527279 0.849692 0.000000 -33.549408 0.000000 0.000000 1.000000 0.000000
0.849776 0.527145 0.000000 75.132682 -0.527145 0.849776 0.000000 -33.548369 0.000000 0.000000 1.000000 0.000000
0.849993 0.526794 0.000000 75.132588 -0.526794 0.849993 0.000000 -33.547956 0.000000 0.000000 1.000000 0.000000
0.850113 0.526601 0.000000 75.132587 -0.526601 0.850113 0.000000 -33.547168 0.000000 0.000000 1.000000 0.000000
0.850404 0.526131 0.000000 75.132516 -0.526131 0.850404 0.000000 -33.547856 0.000000 0.000000 1.000000 0.000000
0.851052 0.525082 0.000000 75.132034 -0.525082 0.851052 0.000000 -33.550333 0.000000 0.000000 1.000000 0.000000
0.851367 0.524571 0.000000 75.131525 -0.524571 0.851367 0.000000 -33.551168 0.000000 0.000000 1.000000 0.000000
0.851827 0.523823 0.000000 75.131318 -0.523823 0.851827 0.000000 -33.551591 0.000000 0.000000 1.000000 0.000000
0.852169 0.523267 0.000000 75.131159 -0.523267 0.852169 0.000000 -33.552097 0.000000 0.000000 1.000000 0.000000
0.852285 0.523078 0.000000 75.132633 -0.523078 0.852285 0.000000 -33.551776 0.000000 0.000000 1.000000 0.000000
0.851708 0.524017 0.000000 75.137547 -0.524017 0.851708 0.000000 -33.550049 0.000000 0.000000 1.000000 0.000000
