0.999991 0.004152 0.000000 0.588595 -0.004152 0.999991 0.000000 -0.002244 0.000000 0.000000 1.000000 0.000000
0.999968 0.007949 0.000000 1.729749 -0.007949 0.999968 0.000000 -0.016980 0.000000 0.000000 1.000000 0.000000
0.999954 0.009609 0.000000 2.320003 -0.009609 0.999954 0.000000 -0.027086 0.000000 0.000000 1.000000 0.000000
0.999938 0.011170 0.000000 3.129813 -0.011170 0.999938 0.000000 -0.041198 0.000000 0.000000 1.000000 0.000000
0.999930 0.011849 0.000000 3.708635 -0.011849 0.999930 0.000000 -0.048721 0.000000 0.000000 1.000000 0.000000
0.999920 0.012622 0.000000 4.296485 -0.012622 0.999920 0.000000 -0.056159 0.000000 0.000000 1.000000 0.000000
0.999909 0.013458 0.000000 4.887999 -0.013458 0.999909 0.000000 -0.065214 0.000000 0.000000 1.000000 0.000000
0.999898 0.014268 0.000000 5.436477 -0.014268 0.999898 0.000000 -0.083287 0.000000 0.000000 1.000000 0.000000
0.999882 0.015382 0.000000 6.023114 -0.015382 0.999882 0.000000 -0.103117 0.000000 0.000000 1.000000 0.000000
0.999870 0.016127 0.000000 6.574647 -0.016127 0.999870 0.000000 -0.109996 0.000000 0.000000 1.000000 0.000000
0.999849 0.017365 0.000000 7.152423 -0.017365 0.999849 0.000000 -0.113625 0.000000 0.000000 1.000000 0.000000
0.999839 0.017968 0.000000 7.714075 -0.017968 0.999839 0.000000 -0.126224 0.000000 0.000000 1.000000 0.000000
0.999818 0.019079 0.000000 8.282681 -0.019079 0.999818 0.000000 -0.141652 0.000000 0.000000 1.000000 0.000000
0.999778 0.021088 0.000000 8.862422 -0.021088 0.999778 0.000000 -0.154717 0.000000 0.000000 1.000000 0.000000
0.999730 0.023238 0.000000 9.618029 -0.023238 0.999730 0.000000 -0.177462 0.000000 0.000000 1.000000 0.000000
0.999702 0.024406 0.000000 10.239117 -0.024406 0.999702 0.000000 -0.195444 0.000000 0.000000 1.000000 0.000000
0.999662 0.026016 0.000000 10.779923 -0.026016 0.999662 0.000000 -0.206348 0.000000 0.000000 1.000000 0.000000
0.999603 0.028169 0.000000 11.395473 -0.028169 0.999603 0.000000 -0.216146 0.000000 0.000000 1.000000 0.000000
0.999569 0.029340 0.000000 11.971674 -0.029340 0.999569 0.000000 -0.234797 0.000000 0.000000 1.000000 0.000000
0.999491 0.031888 0.000000 12.550330 -0.031888 0.999491 0.000000 -0.253405 0.000000 0.000000 1.000000 0.000000
0.999415 0.034201 0.000000 13.126808 -0.034201 0.999415 0.000000 -0.275864 0.000000 0.000000 1.000000 0.000000
0.999334 0.036503 0.000000 13.704154 -0.036503 0.999334 0.000000 -0.301592 0.000000 0.000000 1.000000 0.000000
0.999276 0.038042 0.000000 14.280901 -0.038042 0.999276 0.000000 -0.329639 0.000000 0.000000 1.000000 0.000000
0.999195 0.040125 0.000000 14.856200 -0.040125 0.999195 0.000000 -0.360391 0.000000 0.000000 1.000000 0.000000
0.999082 0.042830 0.000000 15.425729 -0.042830 0.999082 0.000000 -0.389162 0.000000 0.000000 1.000000 0.000000
0.999033 0.043971 0.000000 15.997476 -0.043971 0.999033 0.000000 -0.424475 0.000000 0.000000 1.000000 0.000000
0.998908 0.046722 0.000000 16.539294 -0.046722 0.998908 0.000000 -0.453813 0.000000 0.000000 1.000000 0.000000
0.998800 0.048976 0.000000 17.106563 -0.048976 0.998800 0.000000 -0.491016 0.000000 0.000000 1.000000 0.000000
0.998803 0.048912 0.000000 18.199420 -0.048912 0.998803 0.000000 -0.559087 0.000000 0.000000 1.000000 0.000000
0.998914 0.046594 0.000000 19.127792 -0.046594 0.998914 0.000000 -0.628669 0.000000 0.000000 1.000000 0.000000
0.998899 0.046903 0.000000 19.694008 -0.046903 0.998899 0.000000 -0.667830 0.000000 0.000000 1.000000 0.000000
0.998813 0.048715 0.000000 20.260837 -0.048715 0.998813 0.000000 -0.704246 0.000000 0.000000 1.000000 0.000000
0.998900 0.046890 0.000000 20.822712 -0.046890 0.998900 0.000000 -0.757038 0.000000 0.000000 1.000000 0.000000
0.999027 0.044105 0.000000 21.381840 -0.044105 0.999027 0.000000 -0.799374 0.000000 0.000000 1.000000 0.000000
0.998766 0.049663 0.000000 21.983578 -0.049663 0.998766 0.000000 -0.833498 0.000000 0.000000 1.000000 0.000000
0.998331 0.057751 0.000000 22.548122 -0.057751 0.998331 0.000000 -0.870664 0.000000 0.000000 1.000000 0.000000
0.998062 0.062229 0.000000 23.671604 -0.062229 0.998062 0.000000 -0.988513 0.000000 0.000000 1.000000 0.000000
0.998018 0.062937 0.000000 24.232292 -0.062937 0.998018 0.000000 -1.041808 0.000000 0.000000 1.000000 0.000000
0.997988 0.063395 0.000000 24.793672 -0.063395 0.997988 0.000000 -1.099964 0.000000 0.000000 1.000000 0.000000
0.998067 0.062144 0.000000 25.319169 -0.062144 0.998067 0.000000 -1.151775 0.000000 0.000000 1.000000 0.000000
0.997961 0.063828 0.000000 25.881281 -0.063828 0.997961 0.000000 -1.193998 0.000000 0.000000 1.000000 0.000000
0.997808 0.066173 0.000000 26.773072 -0.066173 0.997808 0.000000 -1.268885 0.000000 0.000000 1.000000 0.000000
0.997766 0.066810 0.000000 27.372121 -0.066810 0.997766 0.000000 -1.315633 0.000000 0.000000 1.000000 0.000000
0.997773 0.066695 0.000000 27.930085 -0.066695 0.997773 0.000000 -1.361487 0.000000 0.000000 1.000000 0.000000
0.997740 0.067186 0.000000 28.493244 -0.067186 0.997740 0.000000 -1.406462 0.000000 0.000000 1.000000 0.000000
0.997710 0.067630 0.000000 29.056680 -0.067630 0.997710 0.000000 -1.452511 0.000000 0.000000 1.000000 0.000000
0.997604 0.069182 0.000000 29.619930 -0.069182 0.997604 0.000000 -1.491648 0.000000 0.000000 1.000000 0.000000
0.997630 0.068802 0.000000 30.176874 -0.068802 0.997630 0.000000 -1.543782 0.000000 0.000000 1.000000 0.000000
0.997572 0.069646 0.000000 30.744248 -0.069646 0.997572 0.000000 -1.578383 0.000000 0.000000 1.000000 0.000000
0.997446 0.071421 0.000000 31.305191 -0.071421 0.997446 0.000000 -1.618726 0.000000 0.000000 1.000000 0.000000
0.997331 0.073015 0.000000 31.828644 -0.073015 0.997331 0.000000 -1.661933 0.000000 0.000000 1.000000 0.000000
0.996897 0.078722 0.000000 32.768736 -0.078722 0.996897 0.000000 -1.737177 0.000000 0.000000 1.000000 0.000000
0.996657 0.081704 0.000000 33.327888 -0.081704 0.996657 0.000000 -1.782753 0.000000 0.000000 1.000000 0.000000
0.996539 0.083123 0.000000 33.886955 -0.083123 0.996539 0.000000 -1.828628 0.000000 0.000000 1.000000 0.000000
0.996367 0.085167 0.000000 34.448504 -0.085167 0.996367 0.000000 -1.871098 0.000000 0.000000 1.000000 0.000000
0.996234 0.086708 0.000000 35.005911 -0.086708 0.996234 0.000000 -1.921989 0.000000 0.000000 1.000000 0.000000
0.996139 0.087786 0.000000 35.565594 -0.087786 0.996139 0.000000 -1.977487 0.000000 0.000000 1.000000 0.000000
0.996095 0.088291 0.000000 36.159899 -0.088291 0.996095 0.000000 -2.033868 0.000000 0.000000 1.000000 0.000000
0.996122 0.087981 0.000000 36.682001 -0.087981 0.996122 0.000000 -2.085437 0.000000 0.000000 1.000000 0.000000
0.996196 0.087136 0.000000 37.230427 -0.087136 0.996196 0.000000 -2.137121 0.000000 0.000000 1.000000 0.000000
0.996045 0.088845 0.000000 37.785948 -0.088845 0.996045 0.000000 -2.174880 0.000000 0.000000 1.000000 0.000000
0.995822 0.091320 0.000000 38.342322 -0.091320 0.995822 0.000000 -2.225695 0.000000 0.000000 1.000000 0.000000
0.995698 0.092663 0.000000 38.860659 -0.092663 0.995698 0.000000 -2.276806 0.000000 0.000000 1.000000 0.000000
0.995736 0.092251 0.000000 39.412921 -0.092251 0.995736 0.000000 -2.336320 0.000000 0.000000 1.000000 0.000000
0.995820 0.091333 0.000000 39.933121 -0.091333 0.995820 0.000000 -2.390068 0.000000 0.000000 1.000000 0.000000
0.995851 0.091002 0.000000 40.887015 -0.091002 0.995851 0.000000 -2.488552 0.000000 0.000000 1.000000 0.000000
0.995699 0.092647 0.000000 41.434536 -0.092647 0.995699 0.000000 -2.541936 0.000000 0.000000 1.000000 0.000000
0.995682 0.092827 0.000000 41.983049 -0.092827 0.995682 0.000000 -2.597898 0.000000 0.000000 1.000000 0.000000
0.995157 0.098299 0.000000 43.069973 -0.098299 0.995157 0.000000 -2.689489 0.000000 0.000000 1.000000 0.000000
0.994889 0.100976 0.000000 43.636502 -0.100976 0.994889 0.000000 -2.754753 0.000000 0.000000 1.000000 0.000000
0.994872 0.101140 0.000000 44.125558 -0.101140 0.994872 0.000000 -2.808360 0.000000 0.000000 1.000000 0.000000
0.994817 0.101682 0.000000 45.151482 -0.101682 0.994817 0.000000 -2.917713 0.000000 0.000000 1.000000 0.000000
0.994837 0.101489 0.000000 45.677905 -0.101489 0.994837 0.000000 -2.976064 0.000000 0.000000 1.000000 0.000000
0.994879 0.101077 0.000000 46.188473 -0.101077 0.994879 0.000000 -3.022563 0.000000 0.000000 1.000000 0.000000
0.994776 0.102079 0.000000 46.675932 -0.102079 0.994776 0.000000 -3.067791 0.000000 0.000000 1.000000 0.000000
0.994862 0.101244 0.000000 47.566257 -0.101244 0.994862 0.000000 -3.176009 0.000000 0.000000 1.000000 0.000000
0.994637 0.103430 0.000000 48.070293 -0.103430 0.994637 0.000000 -3.219011 0.000000 0.000000 1.000000 0.000000
0.994084 0.108615 0.000000 48.566109 -0.108615 0.994084 0.000000 -3.259106 0.000000 0.000000 1.000000 0.000000
0.993820 0.111005 0.000000 49.052544 -0.111005 0.993820 0.000000 -3.309243 0.000000 0.000000 1.000000 0.000000
0.993724 0.111859 0.000000 49.533041 -0.111859 0.993724 0.000000 -3.359051 0.000000 0.000000 1.000000 0.000000
0.993463 0.114155 0.000000 50.003084 -0.114155 0.993463 0.000000 -3.400773 0.000000 0.000000 1.000000 0.000000
0.993120 0.117100 0.000000 50.472697 -0.117100 0.993120 0.000000 -3.449300 0.000000 0.000000 1.000000 0.000000
0.992949 0.118542 0.000000 51.176198 -0.118542 0.992949 0.000000 -3.538820 0.000000 0.000000 1.000000 0.000000
0.993024 0.117910 0.000000 51.600484 -0.117910 0.993024 0.000000 -3.589638 0.000000 0.000000 1.000000 0.000000
0.993152 0.116825 0.000000 52.049420 -0.116825 0.993152 0.000000 -3.641665 0.000000 0.000000 1.000000 0.000000
0.993168 0.116690 0.000000 52.486145 -0.116690 0.993168 0.000000 -3.688980 0.000000 0.000000 1.000000 0.000000
0.993386 0.114821 0.000000 52.901304 -0.114821 0.993386 0.000000 -3.734766 0.000000 0.000000 1.000000 0.000000
0.993636 0.112638 0.000000 53.325339 -0.112638 0.993636 0.000000 -3.781290 0.000000 0.000000 1.000000 0.000000
0.993562 0.113287 0.000000 54.045763 -0.113287 0.993562 0.000000 -3.856244 0.000000 0.000000 1.000000 0.000000
0.993428 0.114459 0.000000 54.427607 -0.114459 0.993428 0.000000 -3.890754 0.000000 0.000000 1.000000 0.000000
0.993319 0.115399 0.000000 54.858404 -0.115399 0.993319 0.000000 -3.938138 0.000000 0.000000 1.000000 0.000000
0.993205 0.116380 0.000000 55.252594 -0.116380 0.993205 0.000000 -3.977678 0.000000 0.000000 1.000000 0.000000
0.993060 0.117610 0.000000 55.643703 -0.117610 0.993060 0.000000 -4.019785 0.000000 0.000000 1.000000 0.000000
0.992881 0.119108 0.000000 56.025018 -0.119108 0.992881 0.000000 -4.063605 0.000000 0.000000 1.000000 0.000000
0.992910 0.118868 0.000000 56.396048 -0.118868 0.992910 0.000000 -4.119535 0.000000 0.000000 1.000000 0.000000
0.992860 0.119283 0.000000 56.764092 -0.119283 0.992860 0.000000 -4.167896 0.000000 0.000000 1.000000 0.000000
0.992621 0.121261 0.000000 57.123688 -0.121261 0.992621 0.000000 -4.207470 0.000000 0.000000 1.000000 0.000000
0.992295 0.123896 0.000000 57.481187 -0.123896 0.992295 0.000000 -4.253239 0.000000 0.000000 1.000000 0.000000
0.992146 0.125089 0.000000 58.151207 -0.125089 0.992146 0.000000 -4.352407 0.000000 0.000000 1.000000 0.000000
0.992181 0.124806 0.000000 58.485484 -0.124806 0.992181 0.000000 -4.396577 0.000000 0.000000 1.000000 0.000000
0.992231 0.124407 0.000000 58.795563 -0.124407 0.992231 0.000000 -4.443684 0.000000 0.000000 1.000000 0.000000
0.992132 0.125196 0.000000 59.128088 -0.125196 0.992132 0.000000 -4.489799 0.000000 0.000000 1.000000 0.000000
0.991890 0.127097 0.000000 59.451835 -0.127097 0.991890 0.000000 -4.527622 0.000000 0.000000 1.000000 0.000000
0.991272 0.131829 0.000000 59.751443 -0.131829 0.991272 0.000000 -4.546806 0.000000 0.000000 1.000000 0.000000
0.990695 0.136098 0.000000 60.071352 -0.136098 0.990695 0.000000 -4.579093 0.000000 0.000000 1.000000 0.000000
0.990699 0.136075 0.000000 60.387639 -0.136075 0.990699 0.000000 -4.627996 0.000000 0.000000 1.000000 0.000000
0.990867 0.134840 0.000000 60.896784 -0.134840 0.990867 0.000000 -4.708115 0.000000 0.000000 1.000000 0.000000
0.990744 0.135741 0.000000 61.197175 -0.135741 0.990744 0.000000 -4.750279 0.000000 0.000000 1.000000 0.000000
0.990424 0.138060 0.000000 61.492919 -0.138060 0.990424 0.000000 -4.797235 0.000000 0.000000 1.000000 0.000000
0.990245 0.139340 0.000000 61.807706 -0.139340 0.990245 0.000000 -4.844231 0.000000 0.000000 1.000000 0.000000
0.990062 0.140635 0.000000 62.097502 -0.140635 0.990062 0.000000 -4.884851 0.000000 0.000000 1.000000 0.000000
0.989944 0.141463 0.000000 62.366022 -0.141463 0.989944 0.000000 -4.924130 0.000000 0.000000 1.000000 0.000000
0.989770 0.142674 0.000000 62.666157 -0.142674 0.989770 0.000000 -4.961936 0.000000 0.000000 1.000000 0.000000
0.989621 0.143705 0.000000 62.943182 -0.143705 0.989621 0.000000 -5.003637 0.000000 0.000000 1.000000 0.000000
0.989401 0.145211 0.000000 63.211178 -0.145211 0.989401 0.000000 -5.047389 0.000000 0.000000 1.000000 0.000000
0.989197 0.146593 0.000000 63.661662 -0.146593 0.989197 0.000000 -5.123686 0.000000 0.000000 1.000000 0.000000
0.989081 0.147373 0.000000 63.905160 -0.147373 0.989081 0.000000 -5.162113 0.000000 0.000000 1.000000 0.000000
0.988984 0.148021 0.000000 64.183885 -0.148021 0.988984 0.000000 -5.206886 0.000000 0.000000 1.000000 0.000000
0.988925 0.148418 0.000000 64.445127 -0.148418 0.988925 0.000000 -5.246743 0.000000 0.000000 1.000000 0.000000
0.988839 0.148986 0.000000 64.705783 -0.148986 0.988839 0.000000 -5.289182 0.000000 0.000000 1.000000 0.000000
0.988736 0.149669 0.000000 64.969035 -0.149669 0.988736 0.000000 -5.332846 0.000000 0.000000 1.000000 0.000000
0.988693 0.149956 0.000000 65.223146 -0.149956 0.988693 0.000000 -5.373139 0.000000 0.000000 1.000000 0.000000
0.988423 0.151725 0.000000 65.485766 -0.151725 0.988423 0.000000 -5.415733 0.000000 0.000000 1.000000 0.000000
0.988170 0.153361 0.000000 65.730423 -0.153361 0.988170 0.000000 -5.454019 0.000000 0.000000 1.000000 0.000000
0.988007 0.154407 0.000000 65.997371 -0.154407 0.988007 0.000000 -5.492567 0.000000 0.000000 1.000000 0.000000
0.987906 0.155056 0.000000 66.243523 -0.155056 0.987906 0.000000 -5.533004 0.000000 0.000000 1.000000 0.000000
0.987732 0.156159 0.000000 66.499957 -0.156159 0.987732 0.000000 -5.575667 0.000000 0.000000 1.000000 0.000000
0.987438 0.158007 0.000000 66.934292 -0.158007 0.987438 0.000000 -5.649345 0.000000 0.000000 1.000000 0.000000
0.987369 0.158441 0.000000 67.202090 -0.158441 0.987369 0.000000 -5.695351 0.000000 0.000000 1.000000 0.000000
0.987253 0.159157 0.000000 67.477271 -0.159157 0.987253 0.000000 -5.743591 0.000000 0.000000 1.000000 0.000000
0.987123 0.159962 0.000000 67.749263 -0.159962 0.987123 0.000000 -5.792355 0.000000 0.000000 1.000000 0.000000
0.987005 0.160689 0.000000 68.028046 -0.160689 0.987005 0.000000 -5.841470 0.000000 0.000000 1.000000 0.000000
0.986884 0.161432 0.000000 68.322286 -0.161432 0.986884 0.000000 -5.896675 0.000000 0.000000 1.000000 0.000000
0.986873 0.161498 0.000000 68.581784 -0.161498 0.986873 0.000000 -5.949034 0.000000 0.000000 1.000000 0.000000
0.986621 0.163033 0.000000 68.875437 -0.163033 0.986621 0.000000 -6.000811 0.000000 0.000000 1.000000 0.000000
0.986348 0.164675 0.000000 69.153522 -0.164675 0.986348 0.000000 -6.052098 0.000000 0.000000 1.000000 0.000000
0.986266 0.165165 0.000000 69.416450 -0.165165 0.986266 0.000000 -6.101319 0.000000 0.000000 1.000000 0.000000
0.985941 0.167096 0.000000 69.698022 -0.167096 0.985941 0.000000 -6.149214 0.000000 0.000000 1.000000 0.000000
0.985725 0.168360 0.000000 69.964548 -0.168360 0.985725 0.000000 -6.199255 0.000000 0.000000 1.000000 0.000000
0.984761 0.173912 0.000000 70.736146 -0.173912 0.984761 0.000000 -6.326412 0.000000 0.000000 1.000000 0.000000
0.984225 0.176920 0.000000 71.022421 -0.176920 0.984225 0.000000 -6.374692 0.000000 0.000000 1.000000 0.000000
0.983879 0.178838 0.000000 71.310527 -0.178838 0.983879 0.000000 -6.426419 0.000000 0.000000 1.000000 0.000000
0.983976 0.178303 0.000000 71.600280 -0.178303 0.983976 0.000000 -6.481630 0.000000 0.000000 1.000000 0.000000
0.983983 0.178262 0.000000 71.892169 -0.178262 0.983983 0.000000 -6.530751 0.000000 0.000000 1.000000 0.000000
0.983359 0.181672 0.000000 72.479410 -0.181672 0.983359 0.000000 -6.640980 0.000000 0.000000 1.000000 0.000000
0.983229 0.182376 0.000000 72.780521 -0.182376 0.983229 0.000000 -6.697153 0.000000 0.000000 1.000000 0.000000
0.983159 0.182753 0.000000 73.067259 -0.182753 0.983159 0.000000 -6.752130 0.000000 0.000000 1.000000 0.000000
0.982468 0.186433 0.000000 73.533200 -0.186433 0.982468 0.000000 -6.836792 0.000000 0.000000 1.000000 0.000000
0.981530 0.191306 0.000000 73.846443 -0.191306 0.981530 0.000000 -6.891975 0.000000 0.000000 1.000000 0.000000
0.980608 0.195979 0.000000 74.376404 -0.195979 0.980608 0.000000 -7.002470 0.000000 0.000000 1.000000 0.000000
0.980518 0.196431 0.000000 74.706766 -0.196431 0.980518 0.000000 -7.070423 0.000000 0.000000 1.000000 0.000000
0.979748 0.200233 0.000000 75.042906 -0.200233 0.979748 0.000000 -7.126846 0.000000 0.000000 1.000000 0.000000
0.979286 0.202482 0.000000 75.368031 -0.202482 0.979286 0.000000 -7.189312 0.000000 0.000000 1.000000 0.000000
0.979127 0.203248 0.000000 75.723550 -0.203248 0.979127 0.000000 -7.263196 0.000000 0.000000 1.000000 0.000000
0.979570 0.201103 0.000000 76.299152 -0.201103 0.979570 0.000000 -7.392055 0.000000 0.000000 1.000000 0.000000
0.979853 0.199722 0.000000 76.648069 -0.199722 0.979853 0.000000 -7.463263 0.000000 0.000000 1.000000 0.000000
0.979799 0.199985 0.000000 77.025740 -0.199985 0.979799 0.000000 -7.541920 0.000000 0.000000 1.000000 0.000000
0.979779 0.200081 0.000000 77.379530 -0.200081 0.979779 0.000000 -7.619932 0.000000 0.000000 1.000000 0.000000
0.979749 0.200232 0.000000 78.030630 -0.200232 0.979749 0.000000 -7.755457 0.000000 0.000000 1.000000 0.000000
0.980292 0.197553 0.000000 78.693103 -0.197553 0.980292 0.000000 -7.902572 0.000000 0.000000 1.000000 0.000000
0.980649 0.195772 0.000000 79.081356 -0.195772 0.980649 0.000000 -7.985150 0.000000 0.000000 1.000000 0.000000
0.980393 0.197053 0.000000 79.505354 -0.197053 0.980393 0.000000 -8.064575 0.000000 0.000000 1.000000 0.000000
0.980052 0.198742 0.000000 79.902440 -0.198742 0.980052 0.000000 -8.152730 0.000000 0.000000 1.000000 0.000000
0.979731 0.200318 0.000000 80.335829 -0.200318 0.979731 0.000000 -8.251883 0.000000 0.000000 1.000000 0.000000
0.979727 0.200336 0.000000 80.744684 -0.200336 0.979727 0.000000 -8.340778 0.000000 0.000000 1.000000 0.000000
0.980317 0.197430 0.000000 81.193718 -0.197430 0.980317 0.000000 -8.432667 0.000000 0.000000 1.000000 0.000000
0.980684 0.195598 0.000000 81.885610 -0.195598 0.980684 0.000000 -8.560347 0.000000 0.000000 1.000000 0.000000
0.980907 0.194475 0.000000 82.697210 -0.194475 0.980907 0.000000 -8.728761 0.000000 0.000000 1.000000 0.000000
0.980602 0.196007 0.000000 83.170823 -0.196007 0.980602 0.000000 -8.821046 0.000000 0.000000 1.000000 0.000000
0.979923 0.199379 0.000000 83.648477 -0.199379 0.979923 0.000000 -8.918879 0.000000 0.000000 1.000000 0.000000
0.978980 0.203958 0.000000 84.114343 -0.203958 0.978980 0.000000 -9.005909 0.000000 0.000000 1.000000 0.000000
0.978569 0.205919 0.000000 84.619302 -0.205919 0.978569 0.000000 -9.109406 0.000000 0.000000 1.000000 0.000000
0.977887 0.209136 0.000000 85.068210 -0.209136 0.977887 0.000000 -9.192688 0.000000 0.000000 1.000000 0.000000
0.976924 0.213588 0.000000 85.569692 -0.213588 0.976924 0.000000 -9.295819 0.000000 0.000000 1.000000 0.000000
0.976241 0.216690 0.000000 86.078979 -0.216690 0.976241 0.000000 -9.405770 0.000000 0.000000 1.000000 0.000000
0.975637 0.219392 0.000000 86.589478 -0.219392 0.975637 0.000000 -9.516737 0.000000 0.000000 1.000000 0.000000
0.975251 0.221099 0.000000 87.073985 -0.221099 0.975251 0.000000 -9.625726 0.000000 0.000000 1.000000 0.000000
0.974729 0.223392 0.000000 87.597312 -0.223392 0.974729 0.000000 -9.745747 0.000000 0.000000 1.000000 0.000000
0.974361 0.224990 0.000000 88.545806 -0.224990 0.974361 0.000000 -9.974483 0.000000 0.000000 1.000000 0.000000
0.974394 0.224849 0.000000 89.083552 -0.224849 0.974394 0.000000 -10.103349 0.000000 0.000000 1.000000 0.000000
0.973714 0.227773 0.000000 89.631369 -0.227773 0.973714 0.000000 -10.220306 0.000000 0.000000 1.000000 0.000000
0.972672 0.232182 0.000000 90.177803 -0.232182 0.972672 0.000000 -10.343272 0.000000 0.000000 1.000000 0.000000
0.972360 0.233486 0.000000 90.729582 -0.233486 0.972360 0.000000 -10.480965 0.000000 0.000000 1.000000 0.000000
0.971985 0.235042 0.000000 91.575625 -0.235042 0.971985 0.000000 -10.683883 0.000000 0.000000 1.000000 0.000000
0.971071 0.238792 0.000000 92.100208 -0.238792 0.971071 0.000000 -10.806717 0.000000 0.000000 1.000000 0.000000
0.969065 0.246804 0.000000 93.207390 -0.246804 0.969065 0.000000 -11.083045 0.000000 0.000000 1.000000 0.000000
0.967959 0.251108 0.000000 93.939802 -0.251108 0.967959 0.000000 -11.262204 0.000000 0.000000 1.000000 0.000000
0.966904 0.255141 0.000000 94.518960 -0.255141 0.966904 0.000000 -11.406864 0.000000 0.000000 1.000000 0.000000
0.965649 0.259850 0.000000 95.097893 -0.259850 0.965649 0.000000 -11.565841 0.000000 0.000000 1.000000 0.000000
0.965000 0.262251 0.000000 95.683812 -0.262251 0.965000 0.000000 -11.725358 0.000000 0.000000 1.000000 0.000000
0.964793 0.263010 0.000000 96.273511 -0.263010 0.964793 0.000000 -11.881451 0.000000 0.000000 1.000000 0.000000
0.964304 0.264798 0.000000 96.894488 -0.264798 0.964304 0.000000 -12.054097 0.000000 0.000000 1.000000 0.000000
0.963561 0.267489 0.000000 97.461573 -0.267489 0.963561 0.000000 -12.212320 0.000000 0.000000 1.000000 0.000000
0.963021 0.269426 0.000000 98.045139 -0.269426 0.963021 0.000000 -12.380479 0.000000 0.000000 1.000000 0.000000
0.963645 0.267185 0.000000 98.642389 -0.267185 0.963645 0.000000 -12.554189 0.000000 0.000000 1.000000 0.000000
0.964541 0.263934 0.000000 99.205627 -0.263934 0.964541 0.000000 -12.716510 0.000000 0.000000 1.000000 0.000000
0.964843 0.262826 0.000000 99.809019 -0.262826 0.964843 0.000000 -12.885492 0.000000 0.000000 1.000000 0.000000
0.964647 0.263547 0.000000 100.413295 -0.263547 0.964647 0.000000 -13.055280 0.000000 0.000000 1.000000 0.000000
0.964505 0.264065 0.000000 100.975752 -0.264065 0.964505 0.000000 -13.212213 0.000000 0.000000 1.000000 0.000000
0.964189 0.265217 0.000000 102.056970 -0.265217 0.964189 0.000000 -13.516737 0.000000 0.000000 1.000000 0.000000
0.963979 0.265980 0.000000 102.707873 -0.265980 0.963979 0.000000 -13.711878 0.000000 0.000000 1.000000 0.000000
0.963461 0.267847 0.000000 103.317939 -0.267847 0.963461 0.000000 -13.887268 0.000000 0.000000 1.000000 0.000000
0.962615 0.270873 0.000000 103.932732 -0.270873 0.962615 0.000000 -14.063408 0.000000 0.000000 1.000000 0.000000
0.962556 0.271082 0.000000 104.530308 -0.271082 0.962556 0.000000 -14.240294 0.000000 0.000000 1.000000 0.000000
0.962653 0.270739 0.000000 105.150104 -0.270739 0.962653 0.000000 -14.416994 0.000000 0.000000 1.000000 0.000000
0.962581 0.270993 0.000000 105.729706 -0.270993 0.962581 0.000000 -14.581776 0.000000 0.000000 1.000000 0.000000
0.962536 0.271153 0.000000 106.348045 -0.271153 0.962536 0.000000 -14.755818 0.000000 0.000000 1.000000 0.000000
0.962166 0.272465 0.000000 106.928852 -0.272465 0.962166 0.000000 -14.925379 0.000000 0.000000 1.000000 0.000000
0.961427 0.275061 0.000000 107.553386 -0.275061 0.961427 0.000000 -15.114912 0.000000 0.000000 1.000000 0.000000
0.960922 0.276818 0.000000 108.170304 -0.276818 0.960922 0.000000 -15.302038 0.000000 0.000000 1.000000 0.000000
0.960980 0.276618 0.000000 108.801128 -0.276618 0.960980 0.000000 -15.493337 0.000000 0.000000 1.000000 0.000000
0.961060 0.276340 0.000000 109.591024 -0.276340 0.961060 0.000000 -15.730317 0.000000 0.000000 1.000000 0.000000
0.960074 0.279745 0.000000 110.189228 -0.279745 0.960074 0.000000 -15.905711 0.000000 0.000000 1.000000 0.000000
0.959713 0.280982 0.000000 110.828955 -0.280982 0.959713 0.000000 -16.106287 0.000000 0.000000 1.000000 0.000000
0.960070 0.279759 0.000000 111.835333 -0.279759 0.960070 0.000000 -16.412291 0.000000 0.000000 1.000000 0.000000
0.959967 0.280113 0.000000 112.477112 -0.280113 0.959967 0.000000 -16.610407 0.000000 0.000000 1.000000 0.000000
0.959400 0.282049 0.000000 113.123521 -0.282049 0.959400 0.000000 -16.808463 0.000000 0.000000 1.000000 0.000000
0.958937 0.283620 0.000000 113.772874 -0.283620 0.958937 0.000000 -17.013408 0.000000 0.000000 1.000000 0.000000
0.958748 0.284256 0.000000 114.404690 -0.284256 0.958748 0.000000 -17.216057 0.000000 0.000000 1.000000 0.000000
0.958928 0.283651 0.000000 115.051176 -0.283651 0.958928 0.000000 -17.425530 0.000000 0.000000 1.000000 0.000000
0.959035 0.283289 0.000000 115.654114 -0.283289 0.959035 0.000000 -17.609379 0.000000 0.000000 1.000000 0.000000
0.959947 0.280180 0.000000 116.788357 -0.280180 0.959947 0.000000 -17.966662 0.000000 0.000000 1.000000 0.000000
0.960473 0.278373 0.000000 117.433801 -0.278373 0.960473 0.000000 -18.169027 0.000000 0.000000 1.000000 0.000000
0.960656 0.277742 0.000000 118.080780 -0.277742 0.960656 0.000000 -18.367563 0.000000 0.000000 1.000000 0.000000
0.960522 0.278204 0.000000 118.728076 -0.278204 0.960522 0.000000 -18.561514 0.000000 0.000000 1.000000 0.000000
0.961066 0.276318 0.000000 120.045021 -0.276318 0.961066 0.000000 -18.967818 0.000000 0.000000 1.000000 0.000000
0.960795 0.277260 0.000000 120.640865 -0.277260 0.960795 0.000000 -19.145742 0.000000 0.000000 1.000000 0.000000
0.961003 0.276539 0.000000 121.285387 -0.276539 0.961003 0.000000 -19.345660 0.000000 0.000000 1.000000 0.000000
0.960921 0.276823 0.000000 121.888867 -0.276823 0.960921 0.000000 -19.522702 0.000000 0.000000 1.000000 0.000000
0.960207 0.279288 0.000000 122.489475 -0.279288 0.960207 0.000000 -19.699831 0.000000 0.000000 1.000000 0.000000
0.961687 0.274150 0.000000 127.160754 -0.274150 0.961687 0.000000 -21.178950 0.000000 0.000000 1.000000 0.000000
0.961695 0.274122 0.000000 127.803339 -0.274122 0.961695 0.000000 -21.368947 0.000000 0.000000 1.000000 0.000000
0.962316 0.271935 0.000000 128.408392 -0.271935 0.962316 0.000000 -21.550247 0.000000 0.000000 1.000000 0.000000
0.962587 0.270972 0.000000 129.033251 -0.270972 0.962587 0.000000 -21.744619 0.000000 0.000000 1.000000 0.000000
0.963220 0.268713 0.000000 129.633226 -0.268713 0.963220 0.000000 -21.927105 0.000000 0.000000 1.000000 0.000000
0.963163 0.268920 0.000000 130.249115 -0.268920 0.963163 0.000000 -22.112469 0.000000 0.000000 1.000000 0.000000
0.963104 0.269130 0.000000 130.881457 -0.269130 0.963104 0.000000 -22.306697 0.000000 0.000000 1.000000 0.000000
0.963087 0.269190 0.000000 131.686945 -0.269190 0.963087 0.000000 -22.555637 0.000000 0.000000 1.000000 0.000000
0.962343 0.271836 0.000000 132.315588 -0.271836 0.962343 0.000000 -22.739894 0.000000 0.000000 1.000000 0.000000
0.961731 0.273996 0.000000 132.942935 -0.273996 0.961731 0.000000 -22.919866 0.000000 0.000000 1.000000 0.000000
0.961782 0.273818 0.000000 133.849108 -0.273818 0.961782 0.000000 -23.190679 0.000000 0.000000 1.000000 0.000000
0.961851 0.273572 0.000000 134.468013 -0.273572 0.961851 0.000000 -23.376968 0.000000 0.000000 1.000000 0.000000
0.961934 0.273281 0.000000 135.087685 -0.273281 0.961934 0.000000 -23.563249 0.000000 0.000000 1.000000 0.000000
0.962073 0.272793 0.000000 135.701868 -0.272793 0.962073 0.000000 -23.750112 0.000000 0.000000 1.000000 0.000000
0.961929 0.273299 0.000000 136.315157 -0.273299 0.961929 0.000000 -23.934981 0.000000 0.000000 1.000000 0.000000
0.961624 0.274371 0.000000 137.220377 -0.274371 0.961624 0.000000 -24.211415 0.000000 0.000000 1.000000 0.000000
0.961252 0.275671 0.000000 137.813655 -0.275671 0.961252 0.000000 -24.388883 0.000000 0.000000 1.000000 0.000000
0.960740 0.277451 0.000000 138.422776 -0.277451 0.960740 0.000000 -24.574660 0.000000 0.000000 1.000000 0.000000
0.960014 0.279951 0.000000 138.991951 -0.279951 0.960014 0.000000 -24.747637 0.000000 0.000000 1.000000 0.000000
0.959384 0.282102 0.000000 139.778344 -0.282102 0.959384 0.000000 -24.992454 0.000000 0.000000 1.000000 0.000000
0.959341 0.282249 0.000000 140.378897 -0.282249 0.959341 0.000000 -25.180656 0.000000 0.000000 1.000000 0.000000
0.959540 0.281571 0.000000 140.982817 -0.281571 0.959540 0.000000 -25.368741 0.000000 0.000000 1.000000 0.000000
0.960156 0.279464 0.000000 141.583301 -0.279464 0.960156 0.000000 -25.555752 0.000000 0.000000 1.000000 0.000000
0.960432 0.278514 0.000000 142.182015 -0.278514 0.960432 0.000000 -25.740784 0.000000 0.000000 1.000000 0.000000
0.961355 0.275312 0.000000 143.329970 -0.275312 0.961355 0.000000 -26.100614 0.000000 0.000000 1.000000 0.000000
0.960987 0.276594 0.000000 143.882277 -0.276594 0.960987 0.000000 -26.258468 0.000000 0.000000 1.000000 0.000000
0.960871 0.276995 0.000000 144.464845 -0.276995 0.960871 0.000000 -26.432934 0.000000 0.000000 1.000000 0.000000
0.960808 0.277214 0.000000 145.047033 -0.277214 0.960808 0.000000 -26.609292 0.000000 0.000000 1.000000 0.000000
0.960770 0.277347 0.000000 145.596056 -0.277347 0.960770 0.000000 -26.780090 0.000000 0.000000 1.000000 0.000000
0.961557 0.274605 0.000000 146.177129 -0.274605 0.961557 0.000000 -26.965905 0.000000 0.000000 1.000000 0.000000
0.962180 0.272413 0.000000 146.888932 -0.272413 0.962180 0.000000 -27.185393 0.000000 0.000000 1.000000 0.000000
0.962313 0.271945 0.000000 147.463937 -0.271945 0.962313 0.000000 -27.366286 0.000000 0.000000 1.000000 0.000000
0.962299 0.271995 0.000000 147.997712 -0.271995 0.962299 0.000000 -27.530190 0.000000 0.000000 1.000000 0.000000
0.961886 0.273449 0.000000 148.578169 -0.273449 0.961886 0.000000 -27.703339 0.000000 0.000000 1.000000 0.000000
0.961453 0.274971 0.000000 149.148229 -0.274971 0.961453 0.000000 -27.876005 0.000000 0.000000 1.000000 0.000000
0.961211 0.275815 0.000000 149.679204 -0.275815 0.961211 0.000000 -28.037881 0.000000 0.000000 1.000000 0.000000
0.961698 0.274110 0.000000 150.247065 -0.274110 0.961698 0.000000 -28.211486 0.000000 0.000000 1.000000 0.000000
0.961741 0.273960 0.000000 150.782001 -0.273960 0.961741 0.000000 -28.373023 0.000000 0.000000 1.000000 0.000000
0.961160 0.275991 0.000000 151.343605 -0.275991 0.961160 0.000000 -28.542619 0.000000 0.000000 1.000000 0.000000
0.960415 0.278572 0.000000 151.904499 -0.278572 0.960415 0.000000 -28.713570 0.000000 0.000000 1.000000 0.000000
0.959312 0.282348 0.000000 152.629266 -0.282348 0.959312 0.000000 -28.929625 0.000000 0.000000 1.000000 0.000000
0.958704 0.284407 0.000000 153.157502 -0.284407 0.958704 0.000000 -29.088570 0.000000 0.000000 1.000000 0.000000
0.958213 0.286056 0.000000 153.721228 -0.286056 0.958213 0.000000 -29.261832 0.000000 0.000000 1.000000 0.000000
0.957936 0.286982 0.000000 154.248708 -0.286982 0.957936 0.000000 -29.424038 0.000000 0.000000 1.000000 0.000000
0.958261 0.285895 0.000000 154.806139 -0.285895 0.958261 0.000000 -29.591030 0.000000 0.000000 1.000000 0.000000
0.958404 0.285416 0.000000 155.331534 -0.285416 0.958404 0.000000 -29.751631 0.000000 0.000000 1.000000 0.000000
0.958308 0.285739 0.000000 156.049757 -0.285739 0.958308 0.000000 -29.975647 0.000000 0.000000 1.000000 0.000000
0.957297 0.289107 0.000000 156.562222 -0.289107 0.957297 0.000000 -30.135322 0.000000 0.000000 1.000000 0.000000
0.956369 0.292160 0.000000 157.107740 -0.292160 0.956369 0.000000 -30.319020 0.000000 0.000000 1.000000 0.000000
0.956964 0.290208 0.000000 157.620421 -0.290208 0.956964 0.000000 -30.483182 0.000000 0.000000 1.000000 0.000000
0.957349 0.288933 0.000000 158.178385 -0.288933 0.957349 0.000000 -30.655784 0.000000 0.000000 1.000000 0.000000
0.957217 0.289371 0.000000 158.695482 -0.289371 0.957217 0.000000 -30.818650 0.000000 0.000000 1.000000 0.000000
0.956614 0.291357 0.000000 159.443575 -0.291357 0.956614 0.000000 -31.045088 0.000000 0.000000 1.000000 0.000000
0.957017 0.290032 0.000000 159.992551 -0.290032 0.957017 0.000000 -31.220651 0.000000 0.000000 1.000000 0.000000
0.958034 0.286655 0.000000 160.542248 -0.286655 0.958034 0.000000 -31.395239 0.000000 0.000000 1.000000 0.000000
0.958850 0.283913 0.000000 161.090227 -0.283913 0.958850 0.000000 -31.570876 0.000000 0.000000 1.000000 0.000000
0.958717 0.284362 0.000000 161.636559 -0.284362 0.958717 0.000000 -31.744934 0.000000 0.000000 1.000000 0.000000
0.958539 0.284961 0.000000 162.177695 -0.284961 0.958539 0.000000 -31.921036 0.000000 0.000000 1.000000 0.000000
0.959256 0.282538 0.000000 162.726930 -0.282538 0.959256 0.000000 -32.094228 0.000000 0.000000 1.000000 0.000000
0.960292 0.278995 0.000000 163.246451 -0.278995 0.960292 0.000000 -32.256586 0.000000 0.000000 1.000000 0.000000
0.960832 0.277130 0.000000 163.793668 -0.277130 0.960832 0.000000 -32.430381 0.000000 0.000000 1.000000 0.000000
0.961194 0.275872 0.000000 164.348991 -0.275872 0.961194 0.000000 -32.603481 0.000000 0.000000 1.000000 0.000000
0.961399 0.275159 0.000000 164.861601 -0.275159 0.961399 0.000000 -32.766110 0.000000 0.000000 1.000000 0.000000
0.962110 0.272662 0.000000 165.408634 -0.272662 0.962110 0.000000 -32.938362 0.000000 0.000000 1.000000 0.000000
0.962448 0.271465 0.000000 165.921969 -0.271465 0.962448 0.000000 -33.097475 0.000000 0.000000 1.000000 0.000000
0.963282 0.268490 0.000000 166.470435 -0.268490 0.963282 0.000000 -33.273324 0.000000 0.000000 1.000000 0.000000
0.964677 0.263437 0.000000 167.010032 -0.263437 0.964677 0.000000 -33.443658 0.000000 0.000000 1.000000 0.000000
0.965881 0.258987 0.000000 167.562605 -0.258987 0.965881 0.000000 -33.613473 0.000000 0.000000 1.000000 0.000000
0.966829 0.255424 0.000000 168.071110 -0.255424 0.966829 0.000000 -33.768207 0.000000 0.000000 1.000000 0.000000
0.967982 0.251019 0.000000 168.618450 -0.251019 0.967982 0.000000 -33.931533 0.000000 0.000000 1.000000 0.000000
0.969262 0.246030 0.000000 169.122178 -0.246030 0.969262 0.000000 -34.077484 0.000000 0.000000 1.000000 0.000000
0.970371 0.241619 0.000000 169.674059 -0.241619 0.970371 0.000000 -34.235211 0.000000 0.000000 1.000000 0.000000
0.971144 0.238495 0.000000 170.394289 -0.238495 0.971144 0.000000 -34.428052 0.000000 0.000000 1.000000 0.000000
0.971746 0.236030 0.000000 170.942920 -0.236030 0.971746 0.000000 -34.575522 0.000000 0.000000 1.000000 0.000000
0.971747 0.236024 0.000000 171.447745 -0.236024 0.971747 0.000000 -34.712605 0.000000 0.000000 1.000000 0.000000
0.971826 0.235700 0.000000 171.999454 -0.235700 0.971826 0.000000 -34.862046 0.000000 0.000000 1.000000 0.000000
0.972434 0.233179 0.000000 172.690045 -0.233179 0.972434 0.000000 -35.046122 0.000000 0.000000 1.000000 0.000000
0.973737 0.227675 0.000000 173.778313 -0.227675 0.973737 0.000000 -35.339035 0.000000 0.000000 1.000000 0.000000
0.974455 0.224584 0.000000 174.325485 -0.224584 0.974455 0.000000 -35.471370 0.000000 0.000000 1.000000 0.000000
0.974595 0.223973 0.000000 174.870624 -0.223973 0.974595 0.000000 -35.595924 0.000000 0.000000 1.000000 0.000000
0.974939 0.222471 0.000000 175.417130 -0.222471 0.974939 0.000000 -35.731974 0.000000 0.000000 1.000000 0.000000
0.975420 0.220355 0.000000 175.960732 -0.220355 0.975420 0.000000 -35.855337 0.000000 0.000000 1.000000 0.000000
0.975346 0.220679 0.000000 176.501305 -0.220679 0.975346 0.000000 -35.978107 0.000000 0.000000 1.000000 0.000000
0.975289 0.220933 0.000000 177.065722 -0.220933 0.975289 0.000000 -36.113956 0.000000 0.000000 1.000000 0.000000
0.975195 0.221347 0.000000 177.608917 -0.221347 0.975195 0.000000 -36.237272 0.000000 0.000000 1.000000 0.000000
0.974850 0.222861 0.000000 178.107961 -0.222861 0.974850 0.000000 -36.359251 0.000000 0.000000 1.000000 0.000000
0.974681 0.223600 0.000000 178.607761 -0.223600 0.974681 0.000000 -36.482001 0.000000 0.000000 1.000000 0.000000
0.974903 0.222632 0.000000 179.142179 -0.222632 0.974903 0.000000 -36.608641 0.000000 0.000000 1.000000 0.000000
0.975294 0.220911 0.000000 179.640525 -0.220911 0.975294 0.000000 -36.721899 0.000000 0.000000 1.000000 0.000000
0.975752 0.218879 0.000000 180.175272 -0.218879 0.975752 0.000000 -36.840599 0.000000 0.000000 1.000000 0.000000
0.975822 0.218566 0.000000 180.680205 -0.218566 0.975822 0.000000 -36.955683 0.000000 0.000000 1.000000 0.000000
0.975884 0.218289 0.000000 181.212328 -0.218289 0.975884 0.000000 -37.079247 0.000000 0.000000 1.000000 0.000000
0.976446 0.215761 0.000000 181.708970 -0.215761 0.976446 0.000000 -37.194489 0.000000 0.000000 1.000000 0.000000
0.977095 0.212805 0.000000 182.237509 -0.212805 0.977095 0.000000 -37.312078 0.000000 0.000000 1.000000 0.000000
0.977342 0.211666 0.000000 182.726072 -0.211666 0.977342 0.000000 -37.413313 0.000000 0.000000 1.000000 0.000000
0.977300 0.211860 0.000000 183.251912 -0.211860 0.977300 0.000000 -37.524458 0.000000 0.000000 1.000000 0.000000
0.977076 0.212892 0.000000 183.741436 -0.212892 0.977076 0.000000 -37.621361 0.000000 0.000000 1.000000 0.000000
0.977064 0.212944 0.000000 184.261398 -0.212944 0.977064 0.000000 -37.732638 0.000000 0.000000 1.000000 0.000000
0.977851 0.209303 0.000000 184.906693 -0.209303 0.977851 0.000000 -37.881484 0.000000 0.000000 1.000000 0.000000
0.978811 0.204766 0.000000 185.425752 -0.204766 0.978811 0.000000 -37.995931 0.000000 0.000000 1.000000 0.000000
0.979311 0.202359 0.000000 185.936470 -0.202359 0.979311 0.000000 -38.102490 0.000000 0.000000 1.000000 0.000000
0.979953 0.199228 0.000000 186.424351 -0.199228 0.979953 0.000000 -38.203118 0.000000 0.000000 1.000000 0.000000
0.981004 0.193990 0.000000 187.133917 -0.193990 0.981004 0.000000 -38.352145 0.000000 0.000000 1.000000 0.000000
0.981577 0.191065 0.000000 187.651045 -0.191065 0.981577 0.000000 -38.459741 0.000000 0.000000 1.000000 0.000000
0.981801 0.189911 0.000000 188.167329 -0.189911 0.981801 0.000000 -38.564707 0.000000 0.000000 1.000000 0.000000
0.982585 0.185813 0.000000 188.677644 -0.185813 0.982585 0.000000 -38.672770 0.000000 0.000000 1.000000 0.000000
0.983742 0.179588 0.000000 189.184441 -0.179588 0.983742 0.000000 -38.774183 0.000000 0.000000 1.000000 0.000000
0.985316 0.170739 0.000000 190.193283 -0.170739 0.985316 0.000000 -38.950806 0.000000 0.000000 1.000000 0.000000
0.986357 0.164622 0.000000 190.686474 -0.164622 0.986357 0.000000 -39.040837 0.000000 0.000000 1.000000 0.000000
0.987784 0.155829 0.000000 191.183046 -0.155829 0.987784 0.000000 -39.133052 0.000000 0.000000 1.000000 0.000000
0.988934 0.148357 0.000000 191.646433 -0.148357 0.988934 0.000000 -39.208100 0.000000 0.000000 1.000000 0.000000
0.990216 0.139546 0.000000 192.137544 -0.139546 0.990216 0.000000 -39.282865 0.000000 0.000000 1.000000 0.000000
0.991521 0.129943 0.000000 192.602763 -0.129943 0.991521 0.000000 -39.349675 0.000000 0.000000 1.000000 0.000000
0.993771 0.111439 0.000000 193.538816 -0.111439 0.993771 0.000000 -39.480428 0.000000 0.000000 1.000000 0.000000
0.994954 0.100335 0.000000 194.020439 -0.100335 0.994954 0.000000 -39.537114 0.000000 0.000000 1.000000 0.000000
0.995834 0.091186 0.000000 194.473136 -0.091186 0.995834 0.000000 -39.581507 0.000000 0.000000 1.000000 0.000000
0.997088 0.076256 0.000000 195.151993 -0.076256 0.997088 0.000000 -39.642938 0.000000 0.000000 1.000000 0.000000
0.997889 0.064938 0.000000 195.625797 -0.064938 0.997889 0.000000 -39.684211 0.000000 0.000000 1.000000 0.000000
0.998550 0.053831 0.000000 196.098657 -0.053831 0.998550 0.000000 -39.723807 0.000000 0.000000 1.000000 0.000000
0.998997 0.044783 0.000000 196.533970 -0.044783 0.998997 0.000000 -39.755890 0.000000 0.000000 1.000000 0.000000
0.999509 0.031321 0.000000 196.998921 -0.031321 0.999509 0.000000 -39.791934 0.000000 0.000000 1.000000 0.000000
0.999822 0.018852 0.000000 197.462883 -0.018852 0.999822 0.000000 -39.819154 0.000000 0.000000 1.000000 0.000000
0.999962 0.008701 0.000000 197.891867 -0.008701 0.999962 0.000000 -39.843599 0.000000 0.000000 1.000000 0.000000
1.000000 -0.000837 0.000000 198.351725 0.000837 1.000000 0.000000 -39.858587 0.000000 0.000000 1.000000 0.000000
0.999949 -0.010054 0.000000 198.776088 0.010054 0.999949 0.000000 -39.867844 0.000000 0.000000 1.000000 0.000000
0.999784 -0.020763 0.000000 199.231514 0.020763 0.999784 0.000000 -39.876136 0.000000 0.000000 1.000000 0.000000
0.999459 -0.032900 0.000000 199.651128 0.032900 0.999459 0.000000 -39.883151 0.000000 0.000000 1.000000 0.000000
