1.000000 0.000002 0.000000 0.598221 -0.000002 1.000000 0.000000 -0.061483 0.000000 0.000000 1.000000 0.000000
0.999997 0.002622 0.000000 1.234518 -0.002622 0.999997 0.000000 -0.088118 0.000000 0.000000 1.000000 0.000000
0.999997 0.002409 0.000000 1.829827 -0.002409 0.999997 0.000000 -0.100362 0.000000 0.000000 1.000000 0.000000
0.999991 0.004193 0.000000 2.371026 -0.004193 0.999991 0.000000 -0.118059 0.000000 0.000000 1.000000 0.000000
0.999979 0.006486 0.000000 3.150348 -0.006486 0.999979 0.000000 -0.073065 0.000000 0.000000 1.000000 0.000000
0.999970 0.007773 0.000000 3.619637 -0.007773 0.999970 0.000000 -0.017160 0.000000 0.000000 1.000000 0.000000
0.999971 0.007565 0.000000 4.108887 -0.007565 0.999971 0.000000 -0.031627 0.000000 0.000000 1.000000 0.000000
0.999948 0.010228 0.000000 4.698304 -0.010228 0.999948 0.000000 -0.017217 0.000000 0.000000 1.000000 0.000000
0.999867 0.016322 0.000000 5.242613 -0.016322 0.999867 0.000000 -0.033449 0.000000 0.000000 1.000000 0.000000
0.999857 0.016924 0.000000 5.821607 -0.016924 0.999857 0.000000 -0.073246 0.000000 0.000000 1.000000 0.000000
0.999781 0.020921 0.000000 7.010081 -0.020921 0.999781 0.000000 -0.110089 0.000000 0.000000 1.000000 0.000000
0.999754 0.022160 0.000000 7.664932 -0.022160 0.999754 0.000000 -0.184861 0.000000 0.000000 1.000000 0.000000
0.999742 0.022704 0.000000 8.454442 -0.022704 0.999742 0.000000 -0.226299 0.000000 0.000000 1.000000 0.000000
0.999717 0.023779 0.000000 8.997980 -0.023779 0.999717 0.000000 -0.220016 0.000000 0.000000 1.000000 0.000000
0.999631 0.027151 0.000000 9.587559 -0.027151 0.999631 0.000000 -0.265459 0.000000 0.000000 1.000000 0.000000
0.999604 0.028153 0.000000 10.163352 -0.028153 0.999604 0.000000 -0.276098 0.000000 0.000000 1.000000 0.000000
0.999557 0.029751 0.000000 10.724144 -0.029751 0.999557 0.000000 -0.327638 0.000000 0.000000 1.000000 0.000000
0.999528 0.030709 0.000000 11.386559 -0.030709 0.999528 0.000000 -0.357004 0.000000 0.000000 1.000000 0.000000
0.999387 0.035022 0.000000 11.924942 -0.035022 0.999387 0.000000 -0.307762 0.000000 0.000000 1.000000 0.000000
0.999328 0.036654 0.000000 12.486721 -0.036654 0.999328 0.000000 -0.307354 0.000000 0.000000 1.000000 0.000000
0.999311 0.037119 0.000000 13.066974 -0.037119 0.999311 0.000000 -0.322929 0.000000 0.000000 1.000000 0.000000
0.999358 0.035816 0.000000 13.668270 -0.035816 0.999358 0.000000 -0.366669 0.000000 0.000000 1.000000 0.000000
0.999316 0.036981 0.000000 14.289841 -0.036981 0.999316 0.000000 -0.363742 0.000000 0.000000 1.000000 0.000000
0.999326 0.036721 0.000000 14.967885 -0.036721 0.999326 0.000000 -0.397217 0.000000 0.000000 1.000000 0.000000
0.999290 0.037664 0.000000 15.544028 -0.037664 0.999290 0.000000 -0.399194 0.000000 0.000000 1.000000 0.000000
0.999342 0.036270 0.000000 16.047687 -0.036270 0.999342 0.000000 -0.398039 0.000000 0.000000 1.000000 0.000000
0.999297 0.037492 0.000000 16.660057 -0.037492 0.999297 0.000000 -0.465061 0.000000 0.000000 1.000000 0.000000
0.999311 0.037122 0.000000 17.222102 -0.037122 0.999311 0.000000 -0.555818 0.000000 0.000000 1.000000 0.000000
0.999295 0.037533 0.000000 17.850917 -0.037533 0.999295 0.000000 -0.561347 0.000000 0.000000 1.000000 0.000000
0.999306 0.037250 0.000000 18.275062 -0.037250 0.999306 0.000000 -0.585816 0.000000 0.000000 1.000000 0.000000
0.999185 0.040359 0.000000 19.166309 -0.040359 0.999185 0.000000 -0.612892 0.000000 0.000000 1.000000 0.000000
0.999103 0.042344 0.000000 19.725933 -0.042344 0.999103 0.000000 -0.582159 0.000000 0.000000 1.000000 0.000000
0.999105 0.042292 0.000000 20.371713 -0.042292 0.999105 0.000000 -0.599004 0.000000 0.000000 1.000000 0.000000
0.999155 0.041105 0.000000 20.932262 -0.041105 0.999155 0.000000 -0.662956 0.000000 0.000000 1.000000 0.000000
0.998960 0.045602 0.000000 21.536063 -0.045602 0.998960 0.000000 -0.686637 0.000000 0.000000 1.000000 0.000000
0.998890 0.047095 0.000000 22.051514 -0.047095 0.998890 0.000000 -0.759174 0.000000 0.000000 1.000000 0.000000
0.998619 0.052527 0.000000 22.424432 -0.052527 0.998619 0.000000 -0.943019 0.000000 0.000000 1.000000 0.000000
0.998618 0.052564 0.000000 23.524648 -0.052564 0.998618 0.000000 -1.013044 0.000000 0.000000 1.000000 0.000000
0.998405 0.056458 0.000000 24.448982 -0.056458 0.998405 0.000000 -1.012629 0.000000 0.000000 1.000000 0.000000
0.998313 0.058060 0.000000 25.045856 -0.058060 0.998313 0.000000 -1.073457 0.000000 0.000000 1.000000 0.000000
0.997766 0.066806 0.000000 25.693437 -0.066806 0.997766 0.000000 -1.091659 0.000000 0.000000 1.000000 0.000000
0.997950 0.063991 0.000000 26.306067 -0.063991 0.997950 0.000000 -1.047962 0.000000 0.000000 1.000000 0.000000
0.998042 0.062549 0.000000 26.877131 -0.062549 0.998042 0.000000 -1.081847 0.000000 0.000000 1.000000 0.000000
0.997706 0.067698 0.000000 27.421507 -0.067698 0.997706 0.000000 -0.923834 0.000000 0.000000 1.000000 0.000000
0.997294 0.073522 0.000000 27.949234 -0.073522 0.997294 0.000000 -0.975236 0.000000 0.000000 1.000000 0.000000
0.996933 0.078265 0.000000 28.791190 -0.078265 0.996933 0.000000 -1.177451 0.000000 0.000000 1.000000 0.000000
0.996911 0.078540 0.000000 29.182994 -0.078540 0.996911 0.000000 -1.093909 0.000000 0.000000 1.000000 0.000000
0.996590 0.082513 0.000000 30.034192 -0.082513 0.996590 0.000000 -1.127906 0.000000 0.000000 1.000000 0.000000
0.997068 0.076526 0.000000 30.569927 -0.076526 0.997068 0.000000 -1.224429 0.000000 0.000000 1.000000 0.000000
0.996786 0.080109 0.000000 31.164579 -0.080109 0.996786 0.000000 -1.150216 0.000000 0.000000 1.000000 0.000000
0.996308 0.085847 0.000000 32.066267 -0.085847 0.996308 0.000000 -1.173618 0.000000 0.000000 1.000000 0.000000
0.995981 0.089569 0.000000 32.693623 -0.089569 0.995981 0.000000 -1.262741 0.000000 0.000000 1.000000 0.000000
0.995819 0.091344 0.000000 33.118242 -0.091344 0.995819 0.000000 -1.225749 0.000000 0.000000 1.000000 0.000000
0.995685 0.092800 0.000000 33.671703 -0.092800 0.995685 0.000000 -1.233442 0.000000 0.000000 1.000000 0.000000
0.995454 0.095248 0.000000 34.278642 -0.095248 0.995454 0.000000 -1.213970 0.000000 0.000000 1.000000 0.000000
0.995313 0.096708 0.000000 34.896780 -0.096708 0.995313 0.000000 -1.297161 0.000000 0.000000 1.000000 0.000000
0.994908 0.100786 0.000000 35.383168 -0.100786 0.994908 0.000000 -1.350599 0.000000 0.000000 1.000000 0.000000
0.994674 0.103071 0.000000 35.908401 -0.103071 0.994674 0.000000 -1.382452 0.000000 0.000000 1.000000 0.000000
0.994698 0.102840 0.000000 36.541000 -0.102840 0.994698 0.000000 -1.429093 0.000000 0.000000 1.000000 0.000000
0.994093 0.108528 0.000000 36.814146 -0.108528 0.994093 0.000000 -1.588291 0.000000 0.000000 1.000000 0.000000
0.994275 0.106856 0.000000 37.799569 -0.106856 0.994275 0.000000 -1.590750 0.000000 0.000000 1.000000 0.000000
0.994036 0.109055 0.000000 38.279367 -0.109055 0.994036 0.000000 -1.469204 0.000000 0.000000 1.000000 0.000000
0.993874 0.110523 0.000000 38.885660 -0.110523 0.993874 0.000000 -1.462663 0.000000 0.000000 1.000000 0.000000
0.993872 0.110538 0.000000 39.443401 -0.110538 0.993872 0.000000 -1.533177 0.000000 0.000000 1.000000 0.000000
0.993817 0.111026 0.000000 39.958061 -0.111026 0.993817 0.000000 -1.580173 0.000000 0.000000 1.000000 0.000000
0.993829 0.110919 0.000000 40.450776 -0.110919 0.993829 0.000000 -1.736879 0.000000 0.000000 1.000000 0.000000
0.993679 0.112256 0.000000 41.053274 -0.112256 0.993679 0.000000 -1.760761 0.000000 0.000000 1.000000 0.000000
0.993651 0.112509 0.000000 41.578650 -0.112509 0.993651 0.000000 -1.880574 0.000000 0.000000 1.000000 0.000000
0.993291 0.115644 0.000000 42.083952 -0.115644 0.993291 0.000000 -1.740920 0.000000 0.000000 1.000000 0.000000
0.993841 0.110813 0.000000 42.877339 -0.110813 0.993841 0.000000 -1.638346 0.000000 0.000000 1.000000 0.000000
0.993495 0.113879 0.000000 43.347231 -0.113879 0.993495 0.000000 -1.818921 0.000000 0.000000 1.000000 0.000000
0.993306 0.115515 0.000000 43.886292 -0.115515 0.993306 0.000000 -1.931615 0.000000 0.000000 1.000000 0.000000
0.992290 0.123941 0.000000 44.376227 -0.123941 0.992290 0.000000 -2.058059 0.000000 0.000000 1.000000 0.000000
0.992376 0.123244 0.000000 44.877594 -0.123244 0.992376 0.000000 -2.128647 0.000000 0.000000 1.000000 0.000000
0.992152 0.125039 0.000000 45.879025 -0.125039 0.992152 0.000000 -2.154284 0.000000 0.000000 1.000000 0.000000
0.991735 0.128302 0.000000 46.350942 -0.128302 0.991735 0.000000 -2.189766 0.000000 0.000000 1.000000 0.000000
0.991363 0.131146 0.000000 46.946885 -0.131146 0.991363 0.000000 -2.214493 0.000000 0.000000 1.000000 0.000000
0.991479 0.130265 0.000000 47.754969 -0.130265 0.991479 0.000000 -2.387889 0.000000 0.000000 1.000000 0.000000
0.991455 0.130447 0.000000 48.404975 -0.130447 0.991455 0.000000 -2.461746 0.000000 0.000000 1.000000 0.000000
0.991540 0.129805 0.000000 48.925356 -0.129805 0.991540 0.000000 -2.531219 0.000000 0.000000 1.000000 0.000000
0.990895 0.134636 0.000000 49.942986 -0.134636 0.990895 0.000000 -2.651559 0.000000 0.000000 1.000000 0.000000
0.990996 0.133893 0.000000 50.511700 -0.133893 0.990996 0.000000 -2.723219 0.000000 0.000000 1.000000 0.000000
0.991070 0.133343 0.000000 50.954510 -0.133343 0.991070 0.000000 -2.811970 0.000000 0.000000 1.000000 0.000000
0.991004 0.133829 0.000000 51.435290 -0.133829 0.991004 0.000000 -2.907471 0.000000 0.000000 1.000000 0.000000
0.990850 0.134969 0.000000 52.400766 -0.134969 0.990850 0.000000 -3.024465 0.000000 0.000000 1.000000 0.000000
0.990800 0.135335 0.000000 52.978268 -0.135335 0.990800 0.000000 -3.154893 0.000000 0.000000 1.000000 0.000000
0.990404 0.138205 0.000000 53.554282 -0.138205 0.990404 0.000000 -3.179970 0.000000 0.000000 1.000000 0.000000
0.990283 0.139070 0.000000 54.001374 -0.139070 0.990283 0.000000 -3.247134 0.000000 0.000000 1.000000 0.000000
0.990152 0.139993 0.000000 54.359899 -0.139993 0.990152 0.000000 -3.360957 0.000000 0.000000 1.000000 0.000000
0.990257 0.139253 0.000000 54.876593 -0.139253 0.990257 0.000000 -3.401019 0.000000 0.000000 1.000000 0.000000
0.990148 0.140028 0.000000 55.322452 -0.140028 0.990148 0.000000 -3.462994 0.000000 0.000000 1.000000 0.000000
0.990299 0.138951 0.000000 55.981908 -0.138951 0.990299 0.000000 -3.524603 0.000000 0.000000 1.000000 0.000000
0.990334 0.138702 0.000000 56.397476 -0.138702 0.990334 0.000000 -3.557640 0.000000 0.000000 1.000000 0.000000
0.990381 0.138366 0.000000 56.869639 -0.138366 0.990381 0.000000 -3.606153 0.000000 0.000000 1.000000 0.000000
0.990312 0.138864 0.000000 57.302785 -0.138864 0.990312 0.000000 -3.665075 0.000000 0.000000 1.000000 0.000000
0.990344 0.138629 0.000000 57.842448 -0.138629 0.990344 0.000000 -3.687642 0.000000 0.000000 1.000000 0.000000
0.989901 0.141758 0.000000 58.281471 -0.141758 0.989901 0.000000 -3.748449 0.000000 0.000000 1.000000 0.000000
0.989405 0.145181 0.000000 58.910757 -0.145181 0.989405 0.000000 -3.930079 0.000000 0.000000 1.000000 0.000000
0.988990 0.147983 0.000000 59.296352 -0.147983 0.988990 0.000000 -3.807210 0.000000 0.000000 1.000000 0.000000
0.988529 0.151032 0.000000 59.689641 -0.151032 0.988529 0.000000 -3.914709 0.000000 0.000000 1.000000 0.000000
0.987791 0.155786 0.000000 60.013611 -0.155786 0.987791 0.000000 -3.859172 0.000000 0.000000 1.000000 0.000000
0.987821 0.155592 0.000000 60.367205 -0.155592 0.987821 0.000000 -3.988743 0.000000 0.000000 1.000000 0.000000
0.987571 0.157171 0.000000 60.772155 -0.157171 0.987571 0.000000 -4.072497 0.000000 0.000000 1.000000 0.000000
0.987847 0.155432 0.000000 61.135455 -0.155432 0.987847 0.000000 -4.091238 0.000000 0.000000 1.000000 0.000000
0.987798 0.155740 0.000000 61.658808 -0.155740 0.987798 0.000000 -4.158778 0.000000 0.000000 1.000000 0.000000
0.987971 0.154636 0.000000 62.133051 -0.154636 0.987971 0.000000 -4.168379 0.000000 0.000000 1.000000 0.000000
0.987544 0.157340 0.000000 62.320064 -0.157340 0.987544 0.000000 -4.318435 0.000000 0.000000 1.000000 0.000000
0.986691 0.162605 0.000000 62.898978 -0.162605 0.986691 0.000000 -4.438061 0.000000 0.000000 1.000000 0.000000
0.986988 0.160794 0.000000 63.240336 -0.160794 0.986988 0.000000 -4.532073 0.000000 0.000000 1.000000 0.000000
0.988029 0.154266 0.000000 63.517310 -0.154266 0.988029 0.000000 -4.539062 0.000000 0.000000 1.000000 0.000000
0.987592 0.157042 0.000000 63.830219 -0.157042 0.987592 0.000000 -4.602292 0.000000 0.000000 1.000000 0.000000
0.986768 0.162136 0.000000 64.021850 -0.162136 0.986768 0.000000 -4.681996 0.000000 0.000000 1.000000 0.000000
0.986058 0.166399 0.000000 64.234914 -0.166399 0.986058 0.000000 -4.691128 0.000000 0.000000 1.000000 0.000000
0.985242 0.171167 0.000000 64.534993 -0.171167 0.985242 0.000000 -4.730838 0.000000 0.000000 1.000000 0.000000
0.985252 0.171108 0.000000 64.961194 -0.171108 0.985252 0.000000 -4.793330 0.000000 0.000000 1.000000 0.000000
0.985382 0.170361 0.000000 65.444738 -0.170361 0.985382 0.000000 -4.914964 0.000000 0.000000 1.000000 0.000000
0.984179 0.177176 0.000000 65.652158 -0.177176 0.984179 0.000000 -5.422602 0.000000 0.000000 1.000000 0.000000
0.983902 0.178709 0.000000 65.950172 -0.178709 0.983902 0.000000 -5.504967 0.000000 0.000000 1.000000 0.000000
0.983634 0.180180 0.000000 66.250448 -0.180180 0.983634 0.000000 -5.380754 0.000000 0.000000 1.000000 0.000000
0.982463 0.186460 0.000000 66.568175 -0.186460 0.982463 0.000000 -5.500735 0.000000 0.000000 1.000000 0.000000
0.981992 0.188923 0.000000 66.888885 -0.188923 0.981992 0.000000 -5.590250 0.000000 0.000000 1.000000 0.000000
0.982232 0.187669 0.000000 67.120017 -0.187669 0.982232 0.000000 -5.601729 0.000000 0.000000 1.000000 0.000000
0.981525 0.191332 0.000000 67.268001 -0.191332 0.981525 0.000000 -5.593285 0.000000 0.000000 1.000000 0.000000
0.981118 0.193409 0.000000 67.474203 -0.193409 0.981118 0.000000 -5.672634 0.000000 0.000000 1.000000 0.000000
0.980967 0.194175 0.000000 67.963549 -0.194175 0.980967 0.000000 -5.718527 0.000000 0.000000 1.000000 0.000000
0.981352 0.192219 0.000000 68.211161 -0.192219 0.981352 0.000000 -5.804757 0.000000 0.000000 1.000000 0.000000
0.981784 0.190000 0.000000 68.473868 -0.190000 0.981784 0.000000 -5.910652 0.000000 0.000000 1.000000 0.000000
0.981758 0.190137 0.000000 68.654334 -0.190137 0.981758 0.000000 -5.949583 0.000000 0.000000 1.000000 0.000000
0.981140 0.193299 0.000000 68.942562 -0.193299 0.981140 0.000000 -5.980987 0.000000 0.000000 1.000000 0.000000
0.980855 0.194740 0.000000 69.123175 -0.194740 0.980855 0.000000 -6.055815 0.000000 0.000000 1.000000 0.000000
0.980304 0.197493 0.000000 69.418832 -0.197493 0.980304 0.000000 -6.112344 0.000000 0.000000 1.000000 0.000000
0.980708 0.195481 0.000000 69.772176 -0.195481 0.980708 0.000000 -6.164355 0.000000 0.000000 1.000000 0.000000
0.981144 0.193280 0.000000 69.999445 -0.193280 0.981144 0.000000 -6.188331 0.000000 0.000000 1.000000 0.000000
0.980890 0.194561 0.000000 70.231140 -0.194561 0.980890 0.000000 -6.219303 0.000000 0.000000 1.000000 0.000000
0.981846 0.189680 0.000000 70.499206 -0.189680 0.981846 0.000000 -6.445781 0.000000 0.000000 1.000000 0.000000
0.981700 0.190436 0.000000 70.689779 -0.190436 0.981700 0.000000 -6.456867 0.000000 0.000000 1.000000 0.000000
0.981080 0.193601 0.000000 70.989193 -0.193601 0.981080 0.000000 -6.523968 0.000000 0.000000 1.000000 0.000000
0.980393 0.197054 0.000000 71.210623 -0.197054 0.980393 0.000000 -6.609610 0.000000 0.000000 1.000000 0.000000
0.980667 0.195686 0.000000 71.494372 -0.195686 0.980667 0.000000 -6.668438 0.000000 0.000000 1.000000 0.000000
0.981000 0.194010 0.000000 71.782714 -0.194010 0.981000 0.000000 -6.706103 0.000000 0.000000 1.000000 0.000000
0.980807 0.194980 0.000000 72.080890 -0.194980 0.980807 0.000000 -6.769809 0.000000 0.000000 1.000000 0.000000
0.980952 0.194248 0.000000 72.336179 -0.194248 0.980952 0.000000 -6.735621 0.000000 0.000000 1.000000 0.000000
0.981065 0.193679 0.000000 72.540855 -0.193679 0.981065 0.000000 -6.787006 0.000000 0.000000 1.000000 0.000000
0.980700 0.195519 0.000000 72.892927 -0.195519 0.980700 0.000000 -6.908592 0.000000 0.000000 1.000000 0.000000
0.980465 0.196694 0.000000 73.179354 -0.196694 0.980465 0.000000 -6.974768 0.000000 0.000000 1.000000 0.000000
0.980173 0.198145 0.000000 73.429157 -0.198145 0.980173 0.000000 -7.111048 0.000000 0.000000 1.000000 0.000000
0.979970 0.199145 0.000000 73.692494 -0.199145 0.979970 0.000000 -7.246346 0.000000 0.000000 1.000000 0.000000
0.979901 0.199482 0.000000 73.915942 -0.199482 0.979901 0.000000 -7.327900 0.000000 0.000000 1.000000 0.000000
0.978116 0.208062 0.000000 74.684218 -0.208062 0.978116 0.000000 -7.478351 0.000000 0.000000 1.000000 0.000000
0.978238 0.207487 0.000000 74.916777 -0.207487 0.978238 0.000000 -7.557788 0.000000 0.000000 1.000000 0.000000
0.977722 0.209906 0.000000 75.163274 -0.209906 0.977722 0.000000 -7.568007 0.000000 0.000000 1.000000 0.000000
0.977348 0.211640 0.000000 75.518318 -0.211640 0.977348 0.000000 -7.577704 0.000000 0.000000 1.000000 0.000000
0.977269 0.212002 0.000000 75.809845 -0.212002 0.977269 0.000000 -7.673693 0.000000 0.000000 1.000000 0.000000
0.976847 0.213941 0.000000 76.205878 -0.213941 0.976847 0.000000 -7.842779 0.000000 0.000000 1.000000 0.000000
0.976723 0.214502 0.000000 76.390059 -0.214502 0.976723 0.000000 -7.891143 0.000000 0.000000 1.000000 0.000000
0.976640 0.214884 0.000000 76.580915 -0.214884 0.976640 0.000000 -7.948963 0.000000 0.000000 1.000000 0.000000
0.975604 0.219538 0.000000 77.077738 -0.219538 0.975604 0.000000 -8.021077 0.000000 0.000000 1.000000 0.000000
0.974872 0.222767 0.000000 77.478398 -0.222767 0.974872 0.000000 -8.073021 0.000000 0.000000 1.000000 0.000000
0.974599 0.223958 0.000000 77.923213 -0.223958 0.974599 0.000000 -8.201736 0.000000 0.000000 1.000000 0.000000
0.974314 0.225193 0.000000 78.272313 -0.225193 0.974314 0.000000 -8.322422 0.000000 0.000000 1.000000 0.000000
0.974495 0.224410 0.000000 78.555737 -0.224410 0.974495 0.000000 -8.272421 0.000000 0.000000 1.000000 0.000000
0.974413 0.224765 0.000000 78.736039 -0.224765 0.974413 0.000000 -8.357149 0.000000 0.000000 1.000000 0.000000
0.973969 0.226682 0.000000 79.034589 -0.226682 0.973969 0.000000 -8.483940 0.000000 0.000000 1.000000 0.000000
0.974244 0.225498 0.000000 79.719810 -0.225498 0.974244 0.000000 -8.304261 0.000000 0.000000 1.000000 0.000000
0.974487 0.224442 0.000000 80.077127 -0.224442 0.974487 0.000000 -8.394802 0.000000 0.000000 1.000000 0.000000
0.974330 0.225122 0.000000 80.465495 -0.225122 0.974330 0.000000 -8.487443 0.000000 0.000000 1.000000 0.000000
0.974345 0.225061 0.000000 80.817661 -0.225061 0.974345 0.000000 -8.574728 0.000000 0.000000 1.000000 0.000000
0.974058 0.226297 0.000000 81.416341 -0.226297 0.974058 0.000000 -8.669567 0.000000 0.000000 1.000000 0.000000
0.972615 0.232421 0.000000 82.069153 -0.232421 0.972615 0.000000 -8.946698 0.000000 0.000000 1.000000 0.000000
0.972851 0.231430 0.000000 82.423856 -0.231430 0.972851 0.000000 -9.034940 0.000000 0.000000 1.000000 0.000000
0.973451 0.228894 0.000000 82.705660 -0.228894 0.973451 0.000000 -9.118020 0.000000 0.000000 1.000000 0.000000
0.973591 0.228298 0.000000 83.084909 -0.228298 0.973591 0.000000 -9.225446 0.000000 0.000000 1.000000 0.000000
0.973477 0.228784 0.000000 83.248658 -0.228784 0.973477 0.000000 -9.345215 0.000000 0.000000 1.000000 0.000000
0.973214 0.229900 0.000000 83.735755 -0.229900 0.973214 0.000000 -9.512974 0.000000 0.000000 1.000000 0.000000
0.973787 0.227461 0.000000 84.233139 -0.227461 0.973787 0.000000 -9.528215 0.000000 0.000000 1.000000 0.000000
0.973536 0.228533 0.000000 85.010771 -0.228533 0.973536 0.000000 -9.657614 0.000000 0.000000 1.000000 0.000000
0.974010 0.226505 0.000000 85.946188 -0.226505 0.974010 0.000000 -9.844263 0.000000 0.000000 1.000000 0.000000
0.973618 0.228186 0.000000 86.364678 -0.228186 0.973618 0.000000 -9.966564 0.000000 0.000000 1.000000 0.000000
0.973407 0.229084 0.000000 86.927121 -0.229084 0.973407 0.000000 -10.055132 0.000000 0.000000 1.000000 0.000000
0.972966 0.230950 0.000000 87.368814 -0.230950 0.972966 0.000000 -10.224339 0.000000 0.000000 1.000000 0.000000
0.972345 0.233551 0.000000 87.815282 -0.233551 0.972345 0.000000 -10.361891 0.000000 0.000000 1.000000 0.000000
0.971256 0.238036 0.000000 88.115624 -0.238036 0.971256 0.000000 -10.554800 0.000000 0.000000 1.000000 0.000000
0.970457 0.241275 0.000000 88.611581 -0.241275 0.970457 0.000000 -10.644225 0.000000 0.000000 1.000000 0.000000
0.969150 0.246472 0.000000 89.083923 -0.246472 0.969150 0.000000 -10.749264 0.000000 0.000000 1.000000 0.000000
0.968272 0.249898 0.000000 89.548849 -0.249898 0.968272 0.000000 -10.858991 0.000000 0.000000 1.000000 0.000000
0.968938 0.247302 0.000000 90.107058 -0.247302 0.968938 0.000000 -11.010719 0.000000 0.000000 1.000000 0.000000
0.968869 0.247574 0.000000 90.607837 -0.247574 0.968869 0.000000 -11.111805 0.000000 0.000000 1.000000 0.000000
0.968564 0.248763 0.000000 91.584133 -0.248763 0.968564 0.000000 -11.310667 0.000000 0.000000 1.000000 0.000000
0.966836 0.255397 0.000000 92.025704 -0.255397 0.966836 0.000000 -11.484477 0.000000 0.000000 1.000000 0.000000
0.966240 0.257645 0.000000 92.590753 -0.257645 0.966240 0.000000 -11.634918 0.000000 0.000000 1.000000 0.000000
0.965701 0.259657 0.000000 93.054079 -0.259657 0.965701 0.000000 -11.737143 0.000000 0.000000 1.000000 0.000000
0.964742 0.263198 0.000000 93.571871 -0.263198 0.964742 0.000000 -11.927791 0.000000 0.000000 1.000000 0.000000
0.963786 0.266677 0.000000 94.317947 -0.266677 0.963786 0.000000 -12.185236 0.000000 0.000000 1.000000 0.000000
0.963300 0.268428 0.000000 94.777243 -0.268428 0.963300 0.000000 -12.495564 0.000000 0.000000 1.000000 0.000000
0.961185 0.275905 0.000000 95.909179 -0.275905 0.961185 0.000000 -12.758905 0.000000 0.000000 1.000000 0.000000
0.960462 0.278411 0.000000 96.632527 -0.278411 0.960462 0.000000 -12.983254 0.000000 0.000000 1.000000 0.000000
0.960229 0.279214 0.000000 97.237500 -0.279214 0.960229 0.000000 -13.035569 0.000000 0.000000 1.000000 0.000000
0.958967 0.283517 0.000000 97.791330 -0.283517 0.958967 0.000000 -13.283143 0.000000 0.000000 1.000000 0.000000
0.958289 0.285801 0.000000 98.353996 -0.285801 0.958289 0.000000 -13.453092 0.000000 0.000000 1.000000 0.000000
0.957836 0.287316 0.000000 98.929789 -0.287316 0.957836 0.000000 -13.677007 0.000000 0.000000 1.000000 0.000000
0.956697 0.291085 0.000000 99.491623 -0.291085 0.956697 0.000000 -13.927746 0.000000 0.000000 1.000000 0.000000
0.955523 0.294916 0.000000 100.081181 -0.294916 0.955523 0.000000 -14.090539 0.000000 0.000000 1.000000 0.000000
0.954785 0.297298 0.000000 100.568444 -0.297298 0.954785 0.000000 -14.448047 0.000000 0.000000 1.000000 0.000000
0.954257 0.298986 0.000000 101.233302 -0.298986 0.954257 0.000000 -14.554398 0.000000 0.000000 1.000000 0.000000
0.953898 0.300130 0.000000 101.761365 -0.300130 0.953898 0.000000 -14.796247 0.000000 0.000000 1.000000 0.000000
0.953868 0.300227 0.000000 102.416550 -0.300227 0.953868 0.000000 -14.980877 0.000000 0.000000 1.000000 0.000000
0.952383 0.304904 0.000000 103.007359 -0.304904 0.952383 0.000000 -15.144215 0.000000 0.000000 1.000000 0.000000
0.952468 0.304637 0.000000 103.550790 -0.304637 0.952468 0.000000 -15.320991 0.000000 0.000000 1.000000 0.000000
0.951837 0.306605 0.000000 104.511324 -0.306605 0.951837 0.000000 -15.602516 0.000000 0.000000 1.000000 0.000000
0.951448 0.307811 0.000000 105.139092 -0.307811 0.951448 0.000000 -15.835006 0.000000 0.000000 1.000000 0.000000
0.952106 0.305767 0.000000 105.493099 -0.305767 0.952106 0.000000 -15.961535 0.000000 0.000000 1.000000 0.000000
0.951627 0.307255 0.000000 106.125835 -0.307255 0.951627 0.000000 -16.172636 0.000000 0.000000 1.000000 0.000000
0.950831 0.309710 0.000000 106.737577 -0.309710 0.950831 0.000000 -16.382551 0.000000 0.000000 1.000000 0.000000
0.951410 0.307927 0.000000 107.338919 -0.307927 0.951410 0.000000 -16.531775 0.000000 0.000000 1.000000 0.000000
0.952053 0.305933 0.000000 107.730655 -0.305933 0.952053 0.000000 -16.630566 0.000000 0.000000 1.000000 0.000000
0.951577 0.307412 0.000000 108.399910 -0.307412 0.951577 0.000000 -16.892729 0.000000 0.000000 1.000000 0.000000
0.951146 0.308740 0.000000 109.025064 -0.308740 0.951146 0.000000 -17.143406 0.000000 0.000000 1.000000 0.000000
0.950743 0.309980 0.000000 109.706015 -0.309980 0.950743 0.000000 -17.373640 0.000000 0.000000 1.000000 0.000000
0.950585 0.310463 0.000000 110.305247 -0.310463 0.950585 0.000000 -17.567084 0.000000 0.000000 1.000000 0.000000
0.950175 0.311718 0.000000 110.902570 -0.311718 0.950175 0.000000 -17.769211 0.000000 0.000000 1.000000 0.000000
0.948760 0.315997 0.000000 111.692214 -0.315997 0.948760 0.000000 -18.094172 0.000000 0.000000 1.000000 0.000000
0.948254 0.317513 0.000000 112.599312 -0.317513 0.948254 0.000000 -18.404811 0.000000 0.000000 1.000000 0.000000
0.947746 0.319025 0.000000 113.174870 -0.319025 0.947746 0.000000 -18.634951 0.000000 0.000000 1.000000 0.000000
0.947716 0.319114 0.000000 114.219612 -0.319114 0.947716 0.000000 -18.986315 0.000000 0.000000 1.000000 0.000000
0.947520 0.319696 0.000000 114.870941 -0.319696 0.947520 0.000000 -19.204201 0.000000 0.000000 1.000000 0.000000
0.947037 0.321124 0.000000 115.496249 -0.321124 0.947037 0.000000 -19.394950 0.000000 0.000000 1.000000 0.000000
0.946728 0.322033 0.000000 116.076651 -0.322033 0.946728 0.000000 -19.659669 0.000000 0.000000 1.000000 0.000000
0.946271 0.323374 0.000000 116.733105 -0.323374 0.946271 0.000000 -19.916639 0.000000 0.000000 1.000000 0.000000
0.946586 0.322451 0.000000 117.365454 -0.322451 0.946586 0.000000 -20.136113 0.000000 0.000000 1.000000 0.000000
0.946309 0.323265 0.000000 117.936640 -0.323265 0.946309 0.000000 -20.380521 0.000000 0.000000 1.000000 0.000000
0.947510 0.319725 0.000000 119.087400 -0.319725 0.947510 0.000000 -20.754364 0.000000 0.000000 1.000000 0.000000
0.947919 0.318512 0.000000 119.769103 -0.318512 0.947919 0.000000 -20.952314 0.000000 0.000000 1.000000 0.000000
0.948051 0.318119 0.000000 120.444628 -0.318119 0.948051 0.000000 -21.197569 0.000000 0.000000 1.000000 0.000000
0.947673 0.319243 0.000000 120.999695 -0.319243 0.947673 0.000000 -21.470743 0.000000 0.000000 1.000000 0.000000
0.945649 0.325188 0.000000 122.358431 -0.325188 0.945649 0.000000 -22.018106 0.000000 0.000000 1.000000 0.000000
0.944714 0.327895 0.000000 123.023285 -0.327895 0.944714 0.000000 -22.255934 0.000000 0.000000 1.000000 0.000000
0.944792 0.327670 0.000000 123.664062 -0.327670 0.944792 0.000000 -22.466632 0.000000 0.000000 1.000000 0.000000
0.944359 0.328915 0.000000 124.205744 -0.328915 0.944359 0.000000 -22.570245 0.000000 0.000000 1.000000 0.000000
0.944237 0.329267 0.000000 124.836192 -0.329267 0.944237 0.000000 -22.815966 0.000000 0.000000 1.000000 0.000000
0.942090 0.335359 0.000000 129.352249 -0.335359 0.942090 0.000000 -24.696666 0.000000 0.000000 1.000000 0.000000
0.942327 0.334694 0.000000 129.945248 -0.334694 0.942327 0.000000 -24.881620 0.000000 0.000000 1.000000 0.000000
0.944451 0.328653 0.000000 130.571834 -0.328653 0.944451 0.000000 -24.879865 0.000000 0.000000 1.000000 0.000000
0.943883 0.330281 0.000000 131.170791 -0.330281 0.943883 0.000000 -25.105770 0.000000 0.000000 1.000000 0.000000
0.943671 0.330884 0.000000 131.736102 -0.330884 0.943671 0.000000 -25.368113 0.000000 0.000000 1.000000 0.000000
0.944079 0.329719 0.000000 132.306934 -0.329719 0.944079 0.000000 -25.545229 0.000000 0.000000 1.000000 0.000000
0.943359 0.331774 0.000000 133.168478 -0.331774 0.943359 0.000000 -25.857368 0.000000 0.000000 1.000000 0.000000
0.943225 0.332155 0.000000 133.878453 -0.332155 0.943225 0.000000 -26.141692 0.000000 0.000000 1.000000 0.000000
0.942390 0.334515 0.000000 134.587073 -0.334515 0.942390 0.000000 -26.378958 0.000000 0.000000 1.000000 0.000000
0.941687 0.336490 0.000000 135.193003 -0.336490 0.941687 0.000000 -26.657845 0.000000 0.000000 1.000000 0.000000
0.939845 0.341601 0.000000 136.081409 -0.341601 0.939845 0.000000 -27.026753 0.000000 0.000000 1.000000 0.000000
0.940048 0.341043 0.000000 136.664509 -0.341043 0.940048 0.000000 -27.236570 0.000000 0.000000 1.000000 0.000000
0.939882 0.341499 0.000000 137.207028 -0.341499 0.939882 0.000000 -27.508989 0.000000 0.000000 1.000000 0.000000
0.939850 0.341588 0.000000 137.777788 -0.341588 0.939850 0.000000 -27.686448 0.000000 0.000000 1.000000 0.000000
0.940029 0.341096 0.000000 138.380340 -0.341096 0.940029 0.000000 -27.967469 0.000000 0.000000 1.000000 0.000000
0.939242 0.343256 0.000000 139.349286 -0.343256 0.939242 0.000000 -28.346216 0.000000 0.000000 1.000000 0.000000
0.938664 0.344832 0.000000 139.943659 -0.344832 0.938664 0.000000 -28.516126 0.000000 0.000000 1.000000 0.000000
0.938172 0.346169 0.000000 140.538159 -0.346169 0.938172 0.000000 -28.758995 0.000000 0.000000 1.000000 0.000000
0.937146 0.348938 0.000000 141.062946 -0.348938 0.937146 0.000000 -29.034616 0.000000 0.000000 1.000000 0.000000
0.935550 0.353193 0.000000 141.823719 -0.353193 0.935550 0.000000 -29.331639 0.000000 0.000000 1.000000 0.000000
0.934988 0.354681 0.000000 142.382380 -0.354681 0.934988 0.000000 -29.602537 0.000000 0.000000 1.000000 0.000000
0.935283 0.353900 0.000000 142.983980 -0.353900 0.935283 0.000000 -29.837661 0.000000 0.000000 1.000000 0.000000
0.935837 0.352432 0.000000 143.490489 -0.352432 0.935837 0.000000 -30.052285 0.000000 0.000000 1.000000 0.000000
0.935983 0.352044 0.000000 144.025942 -0.352044 0.935983 0.000000 -30.292930 0.000000 0.000000 1.000000 0.000000
0.934313 0.356454 0.000000 145.478504 -0.356454 0.934313 0.000000 -30.714921 0.000000 0.000000 1.000000 0.000000
0.933726 0.357988 0.000000 145.984837 -0.357988 0.933726 0.000000 -30.917691 0.000000 0.000000 1.000000 0.000000
0.934349 0.356359 0.000000 146.545711 -0.356359 0.934349 0.000000 -31.191651 0.000000 0.000000 1.000000 0.000000
0.934329 0.356412 0.000000 147.096893 -0.356412 0.934329 0.000000 -31.466060 0.000000 0.000000 1.000000 0.000000
0.934132 0.356928 0.000000 147.600275 -0.356928 0.934132 0.000000 -31.694421 0.000000 0.000000 1.000000 0.000000
0.933440 0.358733 0.000000 148.158492 -0.358733 0.933440 0.000000 -31.975523 0.000000 0.000000 1.000000 0.000000
0.934377 0.356285 0.000000 148.888306 -0.356285 0.934377 0.000000 -32.219694 0.000000 0.000000 1.000000 0.000000
0.935542 0.353217 0.000000 149.143126 -0.353217 0.935542 0.000000 -32.241115 0.000000 0.000000 1.000000 0.000000
0.935284 0.353897 0.000000 149.624661 -0.353897 0.935284 0.000000 -32.467065 0.000000 0.000000 1.000000 0.000000
0.934853 0.355034 0.000000 150.182176 -0.355034 0.934853 0.000000 -32.724821 0.000000 0.000000 1.000000 0.000000
0.935051 0.354514 0.000000 150.789250 -0.354514 0.935051 0.000000 -32.930180 0.000000 0.000000 1.000000 0.000000
0.934926 0.354843 0.000000 151.321841 -0.354843 0.934926 0.000000 -33.130769 0.000000 0.000000 1.000000 0.000000
0.935086 0.354420 0.000000 151.888460 -0.354420 0.935086 0.000000 -33.308123 0.000000 0.000000 1.000000 0.000000
0.934949 0.354781 0.000000 152.397287 -0.354781 0.934949 0.000000 -33.551703 0.000000 0.000000 1.000000 0.000000
0.933209 0.359335 0.000000 152.834145 -0.359335 0.933209 0.000000 -33.858288 0.000000 0.000000 1.000000 0.000000
0.931931 0.362636 0.000000 153.434452 -0.362636 0.931931 0.000000 -34.077025 0.000000 0.000000 1.000000 0.000000
0.931089 0.364792 0.000000 154.143175 -0.364792 0.931089 0.000000 -34.397008 0.000000 0.000000 1.000000 0.000000
0.930746 0.365665 0.000000 154.649320 -0.365665 0.930746 0.000000 -34.604634 0.000000 0.000000 1.000000 0.000000
0.929698 0.368324 0.000000 155.157762 -0.368324 0.929698 0.000000 -34.907266 0.000000 0.000000 1.000000 0.000000
0.929688 0.368348 0.000000 155.713056 -0.368348 0.929688 0.000000 -35.150081 0.000000 0.000000 1.000000 0.000000
0.929064 0.369919 0.000000 156.242409 -0.369919 0.929064 0.000000 -35.526884 0.000000 0.000000 1.000000 0.000000
0.930366 0.366632 0.000000 156.808107 -0.366632 0.930366 0.000000 -35.734516 0.000000 0.000000 1.000000 0.000000
0.929694 0.368334 0.000000 157.478386 -0.368334 0.929694 0.000000 -36.052963 0.000000 0.000000 1.000000 0.000000
0.928784 0.370623 0.000000 158.080848 -0.370623 0.928784 0.000000 -36.315223 0.000000 0.000000 1.000000 0.000000
0.928220 0.372032 0.000000 158.683828 -0.372032 0.928220 0.000000 -36.515188 0.000000 0.000000 1.000000 0.000000
0.928885 0.370368 0.000000 159.181726 -0.370368 0.928885 0.000000 -36.676631 0.000000 0.000000 1.000000 0.000000
0.928599 0.371085 0.000000 159.737245 -0.371085 0.928599 0.000000 -36.874928 0.000000 0.000000 1.000000 0.000000
0.928415 0.371544 0.000000 160.271533 -0.371544 0.928415 0.000000 -37.086135 0.000000 0.000000 1.000000 0.000000
0.928521 0.371281 0.000000 160.985959 -0.371281 0.928521 0.000000 -37.375346 0.000000 0.000000 1.000000 0.000000
0.920465 0.390824 0.000000 160.662433 -0.390824 0.920465 0.000000 -37.768704 0.000000 0.000000 1.000000 0.000000
0.920767 0.390112 0.000000 161.163543 -0.390112 0.920767 0.000000 -37.982955 0.000000 0.000000 1.000000 0.000000
0.921387 0.388646 0.000000 161.758423 -0.388646 0.921387 0.000000 -38.305459 0.000000 0.000000 1.000000 0.000000
0.920135 0.391602 0.000000 162.306829 -0.391602 0.920135 0.000000 -38.596128 0.000000 0.000000 1.000000 0.000000
0.919112 0.393997 0.000000 162.793128 -0.393997 0.919112 0.000000 -38.778015 0.000000 0.000000 1.000000 0.000000
0.919908 0.392135 0.000000 163.387484 -0.392135 0.919908 0.000000 -39.014522 0.000000 0.000000 1.000000 0.000000
0.919860 0.392247 0.000000 164.023130 -0.392247 0.919860 0.000000 -39.199124 0.000000 0.000000 1.000000 0.000000
0.919928 0.392087 0.000000 164.455315 -0.392087 0.919928 0.000000 -39.453899 0.000000 0.000000 1.000000 0.000000
0.918082 0.396391 0.000000 165.086965 -0.396391 0.918082 0.000000 -39.738701 0.000000 0.000000 1.000000 0.000000
0.918399 0.395655 0.000000 165.693136 -0.395655 0.918399 0.000000 -39.982912 0.000000 0.000000 1.000000 0.000000
0.918826 0.394663 0.000000 166.192579 -0.394663 0.918826 0.000000 -40.310357 0.000000 0.000000 1.000000 0.000000
0.916129 0.400884 0.000000 166.788243 -0.400884 0.916129 0.000000 -40.663222 0.000000 0.000000 1.000000 0.000000
0.915973 0.401239 0.000000 167.383225 -0.401239 0.915973 0.000000 -41.122378 0.000000 0.000000 1.000000 0.000000
0.918338 0.395798 0.000000 168.095073 -0.395798 0.918338 0.000000 -41.389861 0.000000 0.000000 1.000000 0.000000
0.919377 0.393378 0.000000 168.607482 -0.393378 0.919377 0.000000 -41.649567 0.000000 0.000000 1.000000 0.000000
0.920683 0.390312 0.000000 169.116298 -0.390312 0.920683 0.000000 -41.829875 0.000000 0.000000 1.000000 0.000000
0.920937 0.389711 0.000000 169.978013 -0.389711 0.920937 0.000000 -41.840357 0.000000 0.000000 1.000000 0.000000
0.921702 0.387898 0.000000 170.455423 -0.387898 0.921702 0.000000 -42.057150 0.000000 0.000000 1.000000 0.000000
0.922963 0.384888 0.000000 171.100972 -0.384888 0.922963 0.000000 -42.349748 0.000000 0.000000 1.000000 0.000000
0.922828 0.385212 0.000000 171.696481 -0.385212 0.922828 0.000000 -42.578856 0.000000 0.000000 1.000000 0.000000
0.921419 0.388570 0.000000 172.128060 -0.388570 0.921419 0.000000 -42.799901 0.000000 0.000000 1.000000 0.000000
0.921201 0.389086 0.000000 172.697259 -0.389086 0.921201 0.000000 -43.063636 0.000000 0.000000 1.000000 0.000000
0.920642 0.390408 0.000000 173.049977 -0.390408 0.920642 0.000000 -43.230860 0.000000 0.000000 1.000000 0.000000
0.920549 0.390626 0.000000 173.656008 -0.390626 0.920549 0.000000 -43.520988 0.000000 0.000000 1.000000 0.000000
0.922179 0.386763 0.000000 174.740207 -0.386763 0.922179 0.000000 -44.004453 0.000000 0.000000 1.000000 0.000000
0.920246 0.391340 0.000000 175.269144 -0.391340 0.920246 0.000000 -44.150466 0.000000 0.000000 1.000000 0.000000
0.921294 0.388867 0.000000 175.744522 -0.388867 0.921294 0.000000 -44.261098 0.000000 0.000000 1.000000 0.000000
0.921791 0.387687 0.000000 176.363346 -0.387687 0.921791 0.000000 -44.450260 0.000000 0.000000 1.000000 0.000000
0.922065 0.387035 0.000000 176.969708 -0.387035 0.922065 0.000000 -44.713446 0.000000 0.000000 1.000000 0.000000
0.921669 0.387978 0.000000 177.486008 -0.387978 0.921669 0.000000 -44.916408 0.000000 0.000000 1.000000 0.000000
0.921580 0.388189 0.000000 178.044679 -0.388189 0.921580 0.000000 -45.145602 0.000000 0.000000 1.000000 0.000000
0.920973 0.389628 0.000000 178.423122 -0.389628 0.920973 0.000000 -45.352125 0.000000 0.000000 1.000000 0.000000
0.920134 0.391603 0.000000 178.945945 -0.391603 0.920134 0.000000 -45.586077 0.000000 0.000000 1.000000 0.000000
0.920089 0.391709 0.000000 179.399196 -0.391709 0.920089 0.000000 -45.786337 0.000000 0.000000 1.000000 0.000000
0.920903 0.389792 0.000000 179.929649 -0.389792 0.920903 0.000000 -46.027222 0.000000 0.000000 1.000000 0.000000
0.920794 0.390050 0.000000 180.343569 -0.390050 0.920794 0.000000 -46.192172 0.000000 0.000000 1.000000 0.000000
0.921416 0.388577 0.000000 180.751102 -0.388577 0.921416 0.000000 -46.379724 0.000000 0.000000 1.000000 0.000000
0.921187 0.389120 0.000000 181.331112 -0.389120 0.921187 0.000000 -46.643513 0.000000 0.000000 1.000000 0.000000
0.921568 0.388218 0.000000 181.832490 -0.388218 0.921568 0.000000 -46.846828 0.000000 0.000000 1.000000 0.000000
0.923250 0.384199 0.000000 182.376260 -0.384199 0.923250 0.000000 -47.007626 0.000000 0.000000 1.000000 0.000000
0.923229 0.384251 0.000000 183.007056 -0.384251 0.923229 0.000000 -47.175292 0.000000 0.000000 1.000000 0.000000
0.923466 0.383681 0.000000 183.463885 -0.383681 0.923466 0.000000 -47.377580 0.000000 0.000000 1.000000 0.000000
0.924045 0.382283 0.000000 184.183129 -0.382283 0.924045 0.000000 -47.607745 0.000000 0.000000 1.000000 0.000000
0.923939 0.382540 0.000000 184.651549 -0.382540 0.923939 0.000000 -47.791471 0.000000 0.000000 1.000000 0.000000
0.924566 0.381021 0.000000 185.205634 -0.381021 0.924566 0.000000 -48.028345 0.000000 0.000000 1.000000 0.000000
0.925136 0.379637 0.000000 185.853722 -0.379637 0.925136 0.000000 -48.310712 0.000000 0.000000 1.000000 0.000000
0.926857 0.375414 0.000000 186.331120 -0.375414 0.926857 0.000000 -48.516808 0.000000 0.000000 1.000000 0.000000
0.926953 0.375178 0.000000 186.843935 -0.375178 0.926953 0.000000 -48.668267 0.000000 0.000000 1.000000 0.000000
0.927943 0.372723 0.000000 187.425440 -0.372723 0.927943 0.000000 -48.849301 0.000000 0.000000 1.000000 0.000000
0.929594 0.368586 0.000000 188.087857 -0.368586 0.929594 0.000000 -49.128825 0.000000 0.000000 1.000000 0.000000
0.931004 0.365009 0.000000 188.588027 -0.365009 0.931004 0.000000 -49.341906 0.000000 0.000000 1.000000 0.000000
0.932846 0.360276 0.000000 189.090490 -0.360276 0.932846 0.000000 -49.455614 0.000000 0.000000 1.000000 0.000000
0.934499 0.355966 0.000000 189.402995 -0.355966 0.934499 0.000000 -49.571876 0.000000 0.000000 1.000000 0.000000
0.936360 0.351042 0.000000 189.820812 -0.351042 0.936360 0.000000 -49.749669 0.000000 0.000000 1.000000 0.000000
0.942603 0.333914 0.000000 190.844004 -0.333914 0.942603 0.000000 -49.907862 0.000000 0.000000 1.000000 0.000000
0.944574 0.328300 0.000000 191.309381 -0.328300 0.944574 0.000000 -50.070103 0.000000 0.000000 1.000000 0.000000
0.946471 0.322790 0.000000 191.711050 -0.322790 0.946471 0.000000 -50.250060 0.000000 0.000000 1.000000 0.000000
0.948572 0.316562 0.000000 192.061351 -0.316562 0.948572 0.000000 -50.377233 0.000000 0.000000 1.000000 0.000000
0.951541 0.307522 0.000000 192.539309 -0.307522 0.951541 0.000000 -50.531684 0.000000 0.000000 1.000000 0.000000
0.953955 0.299949 0.000000 193.025592 -0.299949 0.953955 0.000000 -50.696946 0.000000 0.000000 1.000000 0.000000
0.959053 0.283228 0.000000 193.919545 -0.283228 0.959053 0.000000 -51.002225 0.000000 0.000000 1.000000 0.000000
0.962340 0.271848 0.000000 194.396240 -0.271848 0.962340 0.000000 -51.163891 0.000000 0.000000 1.000000 0.000000
0.964396 0.264463 0.000000 194.808771 -0.264463 0.964396 0.000000 -51.401323 0.000000 0.000000 1.000000 0.000000
0.966728 0.255805 0.000000 195.438351 -0.255805 0.966728 0.000000 -51.538298 0.000000 0.000000 1.000000 0.000000
0.969560 0.244855 0.000000 195.942917 -0.244855 0.969560 0.000000 -51.673812 0.000000 0.000000 1.000000 0.000000
