1.000000 0.000479 0.000000 0.768386 -0.000479 1.000000 0.000000 -0.020908 0.000000 0.000000 1.000000 0.000000
0.999996 0.002710 0.000000 1.353515 -0.002710 0.999996 0.000000 -0.017728 0.000000 0.000000 1.000000 0.000000
0.999982 0.005917 0.000000 2.157776 -0.005917 0.999982 0.000000 -0.091400 0.000000 0.000000 1.000000 0.000000
0.999963 0.008560 0.000000 2.675775 -0.008560 0.999963 0.000000 -0.054293 0.000000 0.000000 1.000000 0.000000
0.999920 0.012675 0.000000 4.233849 -0.012675 0.999920 0.000000 -0.092987 0.000000 0.000000 1.000000 0.000000
0.999881 0.015453 0.000000 4.844067 -0.015453 0.999881 0.000000 -0.109700 0.000000 0.000000 1.000000 0.000000
0.999771 0.021419 0.000000 5.765164 -0.021419 0.999771 0.000000 -0.192421 0.000000 0.000000 1.000000 0.000000
0.999704 0.024317 0.000000 6.395061 -0.024317 0.999704 0.000000 -0.217381 0.000000 0.000000 1.000000 0.000000
0.999682 0.025234 0.000000 6.862315 -0.025234 0.999682 0.000000 -0.190577 0.000000 0.000000 1.000000 0.000000
0.999655 0.026274 0.000000 7.308734 -0.026274 0.999655 0.000000 -0.114088 0.000000 0.000000 1.000000 0.000000
0.999453 0.033084 0.000000 8.415270 -0.033084 0.999453 0.000000 -0.192795 0.000000 0.000000 1.000000 0.000000
0.999220 0.039480 0.000000 8.922023 -0.039480 0.999220 0.000000 -0.188853 0.000000 0.000000 1.000000 0.000000
0.999166 0.040839 0.000000 9.402025 -0.040839 0.999166 0.000000 -0.136864 0.000000 0.000000 1.000000 0.000000
0.999018 0.044307 0.000000 9.907516 -0.044307 0.999018 0.000000 -0.163087 0.000000 0.000000 1.000000 0.000000
0.998789 0.049190 0.000000 10.392723 -0.049190 0.998789 0.000000 -0.165959 0.000000 0.000000 1.000000 0.000000
0.998478 0.055159 0.000000 10.978024 -0.055159 0.998478 0.000000 -0.214184 0.000000 0.000000 1.000000 0.000000
0.998122 0.061257 0.000000 11.533282 -0.061257 0.998122 0.000000 -0.283471 0.000000 0.000000 1.000000 0.000000
0.997525 0.070314 0.000000 12.216984 -0.070314 0.997525 0.000000 -0.286712 0.000000 0.000000 1.000000 0.000000
0.997006 0.077320 0.000000 12.949245 -0.077320 0.997006 0.000000 -0.391192 0.000000 0.000000 1.000000 0.000000
0.996628 0.082051 0.000000 13.490457 -0.082051 0.996628 0.000000 -0.422904 0.000000 0.000000 1.000000 0.000000
0.996194 0.087167 0.000000 13.883543 -0.087167 0.996194 0.000000 -0.396672 0.000000 0.000000 1.000000 0.000000
0.994788 0.101961 0.000000 15.054260 -0.101961 0.994788 0.000000 -0.257179 0.000000 0.000000 1.000000 0.000000
0.993952 0.109815 0.000000 15.549341 -0.109815 0.993952 0.000000 -0.370490 0.000000 0.000000 1.000000 0.000000
0.993094 0.117318 0.000000 16.135900 -0.117318 0.993094 0.000000 -0.440282 0.000000 0.000000 1.000000 0.000000
0.992208 0.124593 0.000000 16.717616 -0.124593 0.992208 0.000000 -0.495491 0.000000 0.000000 1.000000 0.000000
0.991448 0.130506 0.000000 17.122554 -0.130506 0.991448 0.000000 -0.549331 0.000000 0.000000 1.000000 0.000000
0.990745 0.135733 0.000000 17.643067 -0.135733 0.990745 0.000000 -0.612602 0.000000 0.000000 1.000000 0.000000
0.990070 0.140574 0.000000 17.937781 -0.140574 0.990070 0.000000 -0.661179 0.000000 0.000000 1.000000 0.000000
0.989099 0.147253 0.000000 18.555505 -0.147253 0.989099 0.000000 -0.787986 0.000000 0.000000 1.000000 0.000000
0.987870 0.155280 0.000000 19.322966 -0.155280 0.987870 0.000000 -0.814000 0.000000 0.000000 1.000000 0.000000
0.986173 0.165720 0.000000 20.073364 -0.165720 0.986173 0.000000 -1.024185 0.000000 0.000000 1.000000 0.000000
0.985070 0.172154 0.000000 20.562528 -0.172154 0.985070 0.000000 -1.168703 0.000000 0.000000 1.000000 0.000000
0.984028 0.178014 0.000000 21.212134 -0.178014 0.984028 0.000000 -1.283909 0.000000 0.000000 1.000000 0.000000
0.982950 0.183872 0.000000 21.640112 -0.183872 0.982950 0.000000 -1.338922 0.000000 0.000000 1.000000 0.000000
0.981650 0.190691 0.000000 22.217392 -0.190691 0.981650 0.000000 -1.470413 0.000000 0.000000 1.000000 0.000000
0.980270 0.197663 0.000000 22.772076 -0.197663 0.980270 0.000000 -1.582246 0.000000 0.000000 1.000000 0.000000
0.978606 0.205745 0.000000 23.236159 -0.205745 0.978606 0.000000 -1.690109 0.000000 0.000000 1.000000 0.000000
0.977220 0.212228 0.000000 23.742244 -0.212228 0.977220 0.000000 -1.774477 0.000000 0.000000 1.000000 0.000000
0.975377 0.220544 0.000000 24.513094 -0.220544 0.975377 0.000000 -1.982013 0.000000 0.000000 1.000000 0.000000
0.973494 0.228713 0.000000 25.040217 -0.228713 0.973494 0.000000 -2.098769 0.000000 0.000000 1.000000 0.000000
0.971426 0.237343 0.000000 25.573895 -0.237343 0.971426 0.000000 -2.372222 0.000000 0.000000 1.000000 0.000000
0.969926 0.243400 0.000000 25.946929 -0.243400 0.969926 0.000000 -2.418580 0.000000 0.000000 1.000000 0.000000
0.968164 0.250316 0.000000 26.485669 -0.250316 0.968164 0.000000 -2.558602 0.000000 0.000000 1.000000 0.000000
0.966431 0.256927 0.000000 27.059707 -0.256927 0.966431 0.000000 -2.697193 0.000000 0.000000 1.000000 0.000000
0.964644 0.263556 0.000000 27.558505 -0.263556 0.964644 0.000000 -2.863631 0.000000 0.000000 1.000000 0.000000
0.961643 0.274305 0.000000 28.338353 -0.274305 0.961643 0.000000 -2.792611 0.000000 0.000000 1.000000 0.000000
0.960259 0.279111 0.000000 28.791958 -0.279111 0.960259 0.000000 -2.947908 0.000000 0.000000 1.000000 0.000000
0.958697 0.284429 0.000000 29.366686 -0.284429 0.958697 0.000000 -3.109446 0.000000 0.000000 1.000000 0.000000
0.955120 0.296219 0.000000 30.301320 -0.296219 0.955120 0.000000 -3.289015 0.000000 0.000000 1.000000 0.000000
0.953517 0.301339 0.000000 30.753161 -0.301339 0.953517 0.000000 -3.503555 0.000000 0.000000 1.000000 0.000000
0.952861 0.303406 0.000000 30.689594 -0.303406 0.952861 0.000000 -3.447766 0.000000 0.000000 1.000000 0.000000
0.950482 0.310779 0.000000 31.383349 -0.310779 0.950482 0.000000 -3.691838 0.000000 0.000000 1.000000 0.000000
0.948314 0.317332 0.000000 31.778690 -0.317332 0.948314 0.000000 -3.833270 0.000000 0.000000 1.000000 0.000000
0.947853 0.318709 0.000000 32.151333 -0.318709 0.947853 0.000000 -4.011695 0.000000 0.000000 1.000000 0.000000
0.945433 0.325816 0.000000 32.527810 -0.325816 0.945433 0.000000 -4.159914 0.000000 0.000000 1.000000 0.000000
0.945297 0.326211 0.000000 32.841778 -0.326211 0.945297 0.000000 -4.177808 0.000000 0.000000 1.000000 0.000000
0.942325 0.334699 0.000000 33.610740 -0.334699 0.942325 0.000000 -4.458724 0.000000 0.000000 1.000000 0.000000
0.940569 0.339602 0.000000 34.220849 -0.339602 0.940569 0.000000 -4.747355 0.000000 0.000000 1.000000 0.000000
0.938844 0.344342 0.000000 34.790167 -0.344342 0.938844 0.000000 -4.995668 0.000000 0.000000 1.000000 0.000000
0.936753 0.349991 0.000000 35.353182 -0.349991 0.936753 0.000000 -5.218357 0.000000 0.000000 1.000000 0.000000
0.933066 0.359706 0.000000 36.117215 -0.359706 0.933066 0.000000 -5.421086 0.000000 0.000000 1.000000 0.000000
0.930289 0.366826 0.000000 36.668079 -0.366826 0.930289 0.000000 -5.632014 0.000000 0.000000 1.000000 0.000000
0.928799 0.370585 0.000000 37.107457 -0.370585 0.928799 0.000000 -5.823855 0.000000 0.000000 1.000000 0.000000
0.927046 0.374947 0.000000 37.596813 -0.374947 0.927046 0.000000 -6.033926 0.000000 0.000000 1.000000 0.000000
0.924414 0.381389 0.000000 38.179110 -0.381389 0.924414 0.000000 -6.257933 0.000000 0.000000 1.000000 0.000000
0.922395 0.386247 0.000000 38.552588 -0.386247 0.922395 0.000000 -6.409538 0.000000 0.000000 1.000000 0.000000
0.918897 0.394497 0.000000 39.043879 -0.394497 0.918897 0.000000 -6.683008 0.000000 0.000000 1.000000 0.000000
0.916770 0.399415 0.000000 39.621307 -0.399415 0.916770 0.000000 -6.800022 0.000000 0.000000 1.000000 0.000000
0.914967 0.403528 0.000000 40.089077 -0.403528 0.914967 0.000000 -6.903368 0.000000 0.000000 1.000000 0.000000
0.913633 0.406541 0.000000 40.420284 -0.406541 0.913633 0.000000 -7.001427 0.000000 0.000000 1.000000 0.000000
0.911917 0.410375 0.000000 40.897992 -0.410375 0.911917 0.000000 -7.037246 0.000000 0.000000 1.000000 0.000000
0.908579 0.417712 0.000000 41.544498 -0.417712 0.908579 0.000000 -7.344028 0.000000 0.000000 1.000000 0.000000
0.904494 0.426486 0.000000 42.272282 -0.426486 0.904494 0.000000 -7.614099 0.000000 0.000000 1.000000 0.000000
0.902236 0.431243 0.000000 42.715005 -0.431243 0.902236 0.000000 -7.748914 0.000000 0.000000 1.000000 0.000000
0.897287 0.441448 0.000000 43.529582 -0.441448 0.897287 0.000000 -8.248622 0.000000 0.000000 1.000000 0.000000
0.893748 0.448570 0.000000 44.239049 -0.448570 0.893748 0.000000 -8.499593 0.000000 0.000000 1.000000 0.000000
0.890368 0.455241 0.000000 44.886081 -0.455241 0.890368 0.000000 -8.637901 0.000000 0.000000 1.000000 0.000000
0.890502 0.454979 0.000000 45.194963 -0.454979 0.890502 0.000000 -8.809692 0.000000 0.000000 1.000000 0.000000
0.886480 0.462766 0.000000 45.301134 -0.462766 0.886480 0.000000 -9.060565 0.000000 0.000000 1.000000 0.000000
0.884437 0.466660 0.000000 45.815176 -0.466660 0.884437 0.000000 -9.339028 0.000000 0.000000 1.000000 0.000000
0.882089 0.471084 0.000000 46.211979 -0.471084 0.882089 0.000000 -9.661313 0.000000 0.000000 1.000000 0.000000
0.880326 0.474369 0.000000 46.657655 -0.474369 0.880326 0.000000 -9.884438 0.000000 0.000000 1.000000 0.000000
0.878896 0.477014 0.000000 47.235221 -0.477014 0.878896 0.000000 -10.127623 0.000000 0.000000 1.000000 0.000000
0.877423 0.479717 0.000000 47.619188 -0.479717 0.877423 0.000000 -10.334797 0.000000 0.000000 1.000000 0.000000
0.875252 0.483668 0.000000 47.849319 -0.483668 0.875252 0.000000 -10.528026 0.000000 0.000000 1.000000 0.000000
0.874034 0.485864 0.000000 48.273084 -0.485864 0.874034 0.000000 -10.762057 0.000000 0.000000 1.000000 0.000000
0.871766 0.489923 0.000000 48.839797 -0.489923 0.871766 0.000000 -11.078085 0.000000 0.000000 1.000000 0.000000
0.869556 0.493834 0.000000 49.276262 -0.493834 0.869556 0.000000 -11.318539 0.000000 0.000000 1.000000 0.000000
0.867281 0.497819 0.000000 49.762532 -0.497819 0.867281 0.000000 -11.561264 0.000000 0.000000 1.000000 0.000000
0.866095 0.499880 0.000000 50.364928 -0.499880 0.866095 0.000000 -11.875755 0.000000 0.000000 1.000000 0.000000
0.866159 0.499768 0.000000 50.439670 -0.499768 0.866159 0.000000 -11.905197 0.000000 0.000000 1.000000 0.000000
0.867077 0.498174 0.000000 50.469367 -0.498174 0.867077 0.000000 -11.916495 0.000000 0.000000 1.000000 0.000000
0.868230 0.496163 0.000000 50.827687 -0.496163 0.868230 0.000000 -12.065667 0.000000 0.000000 1.000000 0.000000
0.861919 0.507046 0.000000 51.446357 -0.507046 0.861919 0.000000 -12.510769 0.000000 0.000000 1.000000 0.000000
0.860288 0.509809 0.000000 51.797955 -0.509809 0.860288 0.000000 -12.711334 0.000000 0.000000 1.000000 0.000000
0.857827 0.513938 0.000000 52.119347 -0.513938 0.857827 0.000000 -12.916140 0.000000 0.000000 1.000000 0.000000
0.855343 0.518062 0.000000 52.284785 -0.518062 0.855343 0.000000 -13.012374 0.000000 0.000000 1.000000 0.000000
0.850925 0.525286 0.000000 52.796035 -0.525286 0.850925 0.000000 -13.345713 0.000000 0.000000 1.000000 0.000000
0.846754 0.531985 0.000000 53.064560 -0.531985 0.846754 0.000000 -13.499463 0.000000 0.000000 1.000000 0.000000
0.843000 0.537913 0.000000 53.434899 -0.537913 0.843000 0.000000 -13.739595 0.000000 0.000000 1.000000 0.000000
0.840153 0.542350 0.000000 53.643898 -0.542350 0.840153 0.000000 -13.811069 0.000000 0.000000 1.000000 0.000000
0.837364 0.546646 0.000000 53.927507 -0.546646 0.837364 0.000000 -13.982756 0.000000 0.000000 1.000000 0.000000
0.834483 0.551034 0.000000 54.203947 -0.551034 0.834483 0.000000 -14.164065 0.000000 0.000000 1.000000 0.000000
0.830556 0.556935 0.000000 54.654033 -0.556935 0.830556 0.000000 -14.434312 0.000000 0.000000 1.000000 0.000000
0.826871 0.562391 0.000000 55.054342 -0.562391 0.826871 0.000000 -14.654257 0.000000 0.000000 1.000000 0.000000
0.824980 0.565161 0.000000 55.207215 -0.565161 0.824980 0.000000 -14.694275 0.000000 0.000000 1.000000 0.000000
0.819948 0.572438 0.000000 55.618262 -0.572438 0.819948 0.000000 -15.201785 0.000000 0.000000 1.000000 0.000000
0.818008 0.575207 0.000000 55.938210 -0.575207 0.818008 0.000000 -15.374688 0.000000 0.000000 1.000000 0.000000
0.809767 0.586751 0.000000 56.528254 -0.586751 0.809767 0.000000 -15.846447 0.000000 0.000000 1.000000 0.000000
0.804088 0.594511 0.000000 57.264473 -0.594511 0.804088 0.000000 -16.403528 0.000000 0.000000 1.000000 0.000000
0.803592 0.595180 0.000000 57.508756 -0.595180 0.803592 0.000000 -16.576620 0.000000 0.000000 1.000000 0.000000
0.803685 0.595055 0.000000 57.820951 -0.595055 0.803685 0.000000 -16.759315 0.000000 0.000000 1.000000 0.000000
0.800922 0.598769 0.000000 58.016070 -0.598769 0.800922 0.000000 -16.965841 0.000000 0.000000 1.000000 0.000000
0.799339 0.600880 0.000000 58.318931 -0.600880 0.799339 0.000000 -17.213371 0.000000 0.000000 1.000000 0.000000
0.796099 0.605167 0.000000 58.803273 -0.605167 0.796099 0.000000 -17.578502 0.000000 0.000000 1.000000 0.000000
0.794401 0.607393 0.000000 58.865174 -0.607393 0.794401 0.000000 -17.543296 0.000000 0.000000 1.000000 0.000000
0.789939 0.613186 0.000000 59.149244 -0.613186 0.789939 0.000000 -17.966640 0.000000 0.000000 1.000000 0.000000
0.789650 0.613558 0.000000 59.375827 -0.613558 0.789650 0.000000 -18.154074 0.000000 0.000000 1.000000 0.000000
0.786391 0.617729 0.000000 59.604995 -0.617729 0.786391 0.000000 -18.348174 0.000000 0.000000 1.000000 0.000000
0.783780 0.621039 0.000000 59.833299 -0.621039 0.783780 0.000000 -18.527344 0.000000 0.000000 1.000000 0.000000
0.782095 0.623159 0.000000 60.205949 -0.623159 0.782095 0.000000 -18.803569 0.000000 0.000000 1.000000 0.000000
0.779786 0.626046 0.000000 60.282229 -0.626046 0.779786 0.000000 -18.944553 0.000000 0.000000 1.000000 0.000000
0.777354 0.629063 0.000000 60.611159 -0.629063 0.777354 0.000000 -19.142183 0.000000 0.000000 1.000000 0.000000
0.775136 0.631794 0.000000 60.817116 -0.631794 0.775136 0.000000 -19.227325 0.000000 0.000000 1.000000 0.000000
0.772505 0.635009 0.000000 61.061721 -0.635009 0.772505 0.000000 -19.348137 0.000000 0.000000 1.000000 0.000000
0.771599 0.636110 0.000000 61.289435 -0.636110 0.771599 0.000000 -19.578448 0.000000 0.000000 1.000000 0.000000
0.769607 0.638518 0.000000 61.478059 -0.638518 0.769607 0.000000 -19.695012 0.000000 0.000000 1.000000 0.000000
0.768034 0.640410 0.000000 61.711817 -0.640410 0.768034 0.000000 -19.866929 0.000000 0.000000 1.000000 0.000000
0.766601 0.642124 0.000000 61.869962 -0.642124 0.766601 0.000000 -20.038348 0.000000 0.000000 1.000000 0.000000
0.764111 0.645085 0.000000 62.041828 -0.645085 0.764111 0.000000 -20.234812 0.000000 0.000000 1.000000 0.000000
0.764290 0.644872 0.000000 61.932787 -0.644872 0.764290 0.000000 -20.373280 0.000000 0.000000 1.000000 0.000000
0.764166 0.645020 0.000000 62.092665 -0.645020 0.764166 0.000000 -20.483756 0.000000 0.000000 1.000000 0.000000
0.764578 0.644532 0.000000 62.147935 -0.644532 0.764578 0.000000 -20.548247 0.000000 0.000000 1.000000 0.000000
0.764352 0.644799 0.000000 62.325197 -0.644799 0.764352 0.000000 -20.660872 0.000000 0.000000 1.000000 0.000000
0.763525 0.645778 0.000000 62.381959 -0.645778 0.763525 0.000000 -20.659610 0.000000 0.000000 1.000000 0.000000
0.762736 0.646710 0.000000 62.507925 -0.646710 0.762736 0.000000 -20.742207 0.000000 0.000000 1.000000 0.000000
0.761566 0.648087 0.000000 62.641508 -0.648087 0.761566 0.000000 -20.860313 0.000000 0.000000 1.000000 0.000000
0.759811 0.650144 0.000000 62.865637 -0.650144 0.759811 0.000000 -21.022322 0.000000 0.000000 1.000000 0.000000
0.757118 0.653279 0.000000 63.060879 -0.653279 0.757118 0.000000 -21.168610 0.000000 0.000000 1.000000 0.000000
0.753908 0.656979 0.000000 63.402207 -0.656979 0.753908 0.000000 -21.421538 0.000000 0.000000 1.000000 0.000000
0.754170 0.656679 0.000000 63.544065 -0.656679 0.754170 0.000000 -21.577529 0.000000 0.000000 1.000000 0.000000
0.753597 0.657337 0.000000 63.677126 -0.657337 0.753597 0.000000 -21.667844 0.000000 0.000000 1.000000 0.000000
0.751841 0.659344 0.000000 63.810528 -0.659344 0.751841 0.000000 -21.824921 0.000000 0.000000 1.000000 0.000000
0.751723 0.659479 0.000000 63.988168 -0.659479 0.751723 0.000000 -21.967463 0.000000 0.000000 1.000000 0.000000
0.747281 0.664509 0.000000 64.152519 -0.664509 0.747281 0.000000 -22.151066 0.000000 0.000000 1.000000 0.000000
0.747766 0.663962 0.000000 64.331190 -0.663962 0.747766 0.000000 -22.246536 0.000000 0.000000 1.000000 0.000000
0.748223 0.663448 0.000000 64.578142 -0.663448 0.748223 0.000000 -22.272194 0.000000 0.000000 1.000000 0.000000
0.746517 0.665367 0.000000 64.790014 -0.665367 0.746517 0.000000 -22.405337 0.000000 0.000000 1.000000 0.000000
0.744352 0.667787 0.000000 64.963318 -0.667787 0.744352 0.000000 -22.533041 0.000000 0.000000 1.000000 0.000000
0.739670 0.672969 0.000000 65.317787 -0.672969 0.739670 0.000000 -22.863356 0.000000 0.000000 1.000000 0.000000
0.673139 0.739516 0.000000 67.017207 -0.739516 0.673139 0.000000 -24.535731 0.000000 0.000000 1.000000 0.000000
0.671805 0.740728 0.000000 67.138884 -0.740728 0.671805 0.000000 -24.666106 0.000000 0.000000 1.000000 0.000000
0.669702 0.742630 0.000000 67.231280 -0.742630 0.669702 0.000000 -24.769180 0.000000 0.000000 1.000000 0.000000
0.671835 0.740701 0.000000 67.428199 -0.740701 0.671835 0.000000 -24.860103 0.000000 0.000000 1.000000 0.000000
0.668274 0.743915 0.000000 67.502915 -0.743915 0.668274 0.000000 -24.996108 0.000000 0.000000 1.000000 0.000000
0.665215 0.746652 0.000000 67.679794 -0.746652 0.665215 0.000000 -25.267048 0.000000 0.000000 1.000000 0.000000
0.661261 0.750156 0.000000 67.829352 -0.750156 0.661261 0.000000 -25.445779 0.000000 0.000000 1.000000 0.000000
0.660690 0.750659 0.000000 67.818151 -0.750659 0.660690 0.000000 -25.485902 0.000000 0.000000 1.000000 0.000000
0.657942 0.753069 0.000000 67.966128 -0.753069 0.657942 0.000000 -25.624583 0.000000 0.000000 1.000000 0.000000
0.655934 0.754818 0.000000 67.971327 -0.754818 0.655934 0.000000 -25.679080 0.000000 0.000000 1.000000 0.000000
0.654994 0.755634 0.000000 68.173186 -0.755634 0.654994 0.000000 -25.760852 0.000000 0.000000 1.000000 0.000000
0.650030 0.759908 0.000000 68.293600 -0.759908 0.650030 0.000000 -25.882460 0.000000 0.000000 1.000000 0.000000
0.647096 0.762409 0.000000 68.471891 -0.762409 0.647096 0.000000 -26.161275 0.000000 0.000000 1.000000 0.000000
0.643724 0.765258 0.000000 68.812324 -0.765258 0.643724 0.000000 -26.463378 0.000000 0.000000 1.000000 0.000000
0.641212 0.767364 0.000000 68.875205 -0.767364 0.641212 0.000000 -26.594064 0.000000 0.000000 1.000000 0.000000
0.637300 0.770616 0.000000 69.190519 -0.770616 0.637300 0.000000 -27.000692 0.000000 0.000000 1.000000 0.000000
0.634129 0.773228 0.000000 69.383038 -0.773228 0.634129 0.000000 -27.175802 0.000000 0.000000 1.000000 0.000000
0.630938 0.775833 0.000000 69.544544 -0.775833 0.630938 0.000000 -27.383630 0.000000 0.000000 1.000000 0.000000
0.628658 0.777682 0.000000 69.714147 -0.777682 0.628658 0.000000 -27.583752 0.000000 0.000000 1.000000 0.000000
0.624230 0.781240 0.000000 69.984657 -0.781240 0.624230 0.000000 -27.917096 0.000000 0.000000 1.000000 0.000000
0.620728 0.784026 0.000000 70.156258 -0.784026 0.620728 0.000000 -28.137845 0.000000 0.000000 1.000000 0.000000
0.615876 0.787843 0.000000 70.278161 -0.787843 0.615876 0.000000 -28.353196 0.000000 0.000000 1.000000 0.000000
0.612149 0.790742 0.000000 70.361242 -0.790742 0.612149 0.000000 -28.613907 0.000000 0.000000 1.000000 0.000000
0.611113 0.791543 0.000000 70.666384 -0.791543 0.611113 0.000000 -28.790296 0.000000 0.000000 1.000000 0.000000
0.607467 0.794345 0.000000 70.756500 -0.794345 0.607467 0.000000 -28.956835 0.000000 0.000000 1.000000 0.000000
0.602188 0.798354 0.000000 70.686762 -0.798354 0.602188 0.000000 -29.182418 0.000000 0.000000 1.000000 0.000000
0.595275 0.803522 0.000000 70.822120 -0.803522 0.595275 0.000000 -29.501617 0.000000 0.000000 1.000000 0.000000
0.593542 0.804803 0.000000 71.034559 -0.804803 0.593542 0.000000 -29.701518 0.000000 0.000000 1.000000 0.000000
0.589672 0.807643 0.000000 71.170932 -0.807643 0.589672 0.000000 -29.883439 0.000000 0.000000 1.000000 0.000000
0.588353 0.808604 0.000000 71.239348 -0.808604 0.588353 0.000000 -30.097186 0.000000 0.000000 1.000000 0.000000
0.585464 0.810699 0.000000 71.459703 -0.810699 0.585464 0.000000 -30.402268 0.000000 0.000000 1.000000 0.000000
0.584655 0.811282 0.000000 71.607662 -0.811282 0.584655 0.000000 -30.536907 0.000000 0.000000 1.000000 0.000000
0.583903 0.811823 0.000000 71.738869 -0.811823 0.583903 0.000000 -30.763279 0.000000 0.000000 1.000000 0.000000
0.582954 0.812505 0.000000 71.879623 -0.812505 0.582954 0.000000 -30.959691 0.000000 0.000000 1.000000 0.000000
0.581239 0.813733 0.000000 72.030512 -0.813733 0.581239 0.000000 -31.269789 0.000000 0.000000 1.000000 0.000000
0.580339 0.814375 0.000000 72.253134 -0.814375 0.580339 0.000000 -31.534012 0.000000 0.000000 1.000000 0.000000
0.579630 0.814880 0.000000 72.275155 -0.814880 0.579630 0.000000 -31.695540 0.000000 0.000000 1.000000 0.000000
0.579972 0.814636 0.000000 72.463381 -0.814636 0.579972 0.000000 -31.974054 0.000000 0.000000 1.000000 0.000000
0.581342 0.813659 0.000000 72.567554 -0.813659 0.581342 0.000000 -32.245055 0.000000 0.000000 1.000000 0.000000
0.585390 0.810752 0.000000 72.751149 -0.810752 0.585390 0.000000 -32.451424 0.000000 0.000000 1.000000 0.000000
0.585718 0.810515 0.000000 72.883463 -0.810515 0.585718 0.000000 -32.651538 0.000000 0.000000 1.000000 0.000000
0.587094 0.809519 0.000000 73.007886 -0.809519 0.587094 0.000000 -32.883105 0.000000 0.000000 1.000000 0.000000
0.586159 0.810196 0.000000 73.099844 -0.810196 0.586159 0.000000 -33.082994 0.000000 0.000000 1.000000 0.000000
0.586196 0.810170 0.000000 73.144786 -0.810170 0.586196 0.000000 -33.235789 0.000000 0.000000 1.000000 0.000000
0.587473 0.809244 0.000000 73.452329 -0.809244 0.587473 0.000000 -33.617576 0.000000 0.000000 1.000000 0.000000
0.588953 0.808167 0.000000 73.532305 -0.808167 0.588953 0.000000 -33.799116 0.000000 0.000000 1.000000 0.000000
0.590971 0.806693 0.000000 73.635706 -0.806693 0.590971 0.000000 -33.931392 0.000000 0.000000 1.000000 0.000000
0.591747 0.806124 0.000000 73.823882 -0.806124 0.591747 0.000000 -34.153072 0.000000 0.000000 1.000000 0.000000
0.594780 0.803889 0.000000 73.998306 -0.803889 0.594780 0.000000 -34.279168 0.000000 0.000000 1.000000 0.000000
0.593966 0.804490 0.000000 74.040512 -0.804490 0.593966 0.000000 -34.494883 0.000000 0.000000 1.000000 0.000000
0.596312 0.802753 0.000000 74.263772 -0.802753 0.596312 0.000000 -34.781920 0.000000 0.000000 1.000000 0.000000
0.597634 0.801769 0.000000 74.493460 -0.801769 0.597634 0.000000 -35.053576 0.000000 0.000000 1.000000 0.000000
0.597984 0.801508 0.000000 74.710420 -0.801508 0.597984 0.000000 -35.298972 0.000000 0.000000 1.000000 0.000000
0.599392 0.800456 0.000000 74.863639 -0.800456 0.599392 0.000000 -35.533018 0.000000 0.000000 1.000000 0.000000
0.601967 0.798521 0.000000 74.999441 -0.798521 0.601967 0.000000 -35.689985 0.000000 0.000000 1.000000 0.000000
0.607370 0.794419 0.000000 75.205440 -0.794419 0.607370 0.000000 -35.840231 0.000000 0.000000 1.000000 0.000000
0.610458 0.792049 0.000000 75.305786 -0.792049 0.610458 0.000000 -36.002419 0.000000 0.000000 1.000000 0.000000
0.617661 0.786445 0.000000 75.502745 -0.786445 0.617661 0.000000 -36.333812 0.000000 0.000000 1.000000 0.000000
0.621775 0.783196 0.000000 75.556793 -0.783196 0.621775 0.000000 -36.452797 0.000000 0.000000 1.000000 0.000000
0.625242 0.780431 0.000000 75.701449 -0.780431 0.625242 0.000000 -36.626026 0.000000 0.000000 1.000000 0.000000
0.630424 0.776251 0.000000 75.954122 -0.776251 0.630424 0.000000 -36.901148 0.000000 0.000000 1.000000 0.000000
0.642047 0.766665 0.000000 76.227387 -0.766665 0.642047 0.000000 -37.187097 0.000000 0.000000 1.000000 0.000000
0.650471 0.759531 0.000000 76.512656 -0.759531 0.650471 0.000000 -37.254189 0.000000 0.000000 1.000000 0.000000
0.659169 0.751995 0.000000 76.508736 -0.751995 0.659169 0.000000 -37.267981 0.000000 0.000000 1.000000 0.000000
0.666411 0.745585 0.000000 76.673467 -0.745585 0.666411 0.000000 -37.539043 0.000000 0.000000 1.000000 0.000000
0.671170 0.741304 0.000000 76.727478 -0.741304 0.671170 0.000000 -37.639961 0.000000 0.000000 1.000000 0.000000
0.674834 0.737969 0.000000 76.835322 -0.737969 0.674834 0.000000 -37.734573 0.000000 0.000000 1.000000 0.000000
0.679574 0.733607 0.000000 76.987393 -0.733607 0.679574 0.000000 -37.773727 0.000000 0.000000 1.000000 0.000000
0.685183 0.728371 0.000000 77.136970 -0.728371 0.685183 0.000000 -37.918746 0.000000 0.000000 1.000000 0.000000
0.690286 0.723537 0.000000 77.391056 -0.723537 0.690286 0.000000 -38.193771 0.000000 0.000000 1.000000 0.000000
0.694165 0.719816 0.000000 77.532644 -0.719816 0.694165 0.000000 -38.227079 0.000000 0.000000 1.000000 0.000000
0.699060 0.715063 0.000000 77.581487 -0.715063 0.699060 0.000000 -38.250708 0.000000 0.000000 1.000000 0.000000
0.703387 0.710807 0.000000 77.792280 -0.710807 0.703387 0.000000 -38.423632 0.000000 0.000000 1.000000 0.000000
0.708938 0.705271 0.000000 77.908648 -0.705271 0.708938 0.000000 -38.485122 0.000000 0.000000 1.000000 0.000000
0.710400 0.703798 0.000000 77.877640 -0.703798 0.710400 0.000000 -38.632835 0.000000 0.000000 1.000000 0.000000
0.715846 0.698258 0.000000 77.983027 -0.698258 0.715846 0.000000 -38.734723 0.000000 0.000000 1.000000 0.000000
0.719144 0.694861 0.000000 78.011425 -0.694861 0.719144 0.000000 -38.815941 0.000000 0.000000 1.000000 0.000000
0.722500 0.691371 0.000000 78.065395 -0.691371 0.722500 0.000000 -38.869160 0.000000 0.000000 1.000000 0.000000
0.723343 0.690489 0.000000 78.058473 -0.690489 0.723343 0.000000 -39.022959 0.000000 0.000000 1.000000 0.000000
0.723998 0.689802 0.000000 78.044697 -0.689802 0.723998 0.000000 -39.026871 0.000000 0.000000 1.000000 0.000000
0.725692 0.688020 0.000000 78.158403 -0.688020 0.725692 0.000000 -39.134137 0.000000 0.000000 1.000000 0.000000
0.725860 0.687842 0.000000 78.226886 -0.687842 0.725860 0.000000 -39.198224 0.000000 0.000000 1.000000 0.000000
0.727957 0.685622 0.000000 78.275507 -0.685622 0.727957 0.000000 -39.232382 0.000000 0.000000 1.000000 0.000000
0.729544 0.683933 0.000000 78.450270 -0.683933 0.729544 0.000000 -39.340369 0.000000 0.000000 1.000000 0.000000
0.731286 0.682071 0.000000 78.406095 -0.682071 0.731286 0.000000 -39.309288 0.000000 0.000000 1.000000 0.000000
0.733344 0.679858 0.000000 78.478422 -0.679858 0.733344 0.000000 -39.279634 0.000000 0.000000 1.000000 0.000000
0.735523 0.677500 0.000000 78.530273 -0.677500 0.735523 0.000000 -39.290731 0.000000 0.000000 1.000000 0.000000
0.736268 0.676690 0.000000 78.500162 -0.676690 0.736268 0.000000 -39.268912 0.000000 0.000000 1.000000 0.000000
0.735236 0.677811 0.000000 78.573395 -0.677811 0.735236 0.000000 -39.363897 0.000000 0.000000 1.000000 0.000000
0.734915 0.678159 0.000000 78.558547 -0.678159 0.734915 0.000000 -39.372043 0.000000 0.000000 1.000000 0.000000
0.736030 0.676949 0.000000 78.598084 -0.676949 0.736030 0.000000 -39.460569 0.000000 0.000000 1.000000 0.000000
0.735686 0.677323 0.000000 78.583883 -0.677323 0.735686 0.000000 -39.464584 0.000000 0.000000 1.000000 0.000000
0.734111 0.679029 0.000000 78.455947 -0.679029 0.734111 0.000000 -39.597020 0.000000 0.000000 1.000000 0.000000
0.734096 0.679046 0.000000 78.475063 -0.679046 0.734096 0.000000 -39.593812 0.000000 0.000000 1.000000 0.000000
0.733904 0.679253 0.000000 78.385850 -0.679253 0.733904 0.000000 -39.590543 0.000000 0.000000 1.000000 0.000000
0.733861 0.679300 0.000000 78.388888 -0.679300 0.733861 0.000000 -39.621846 0.000000 0.000000 1.000000 0.000000
0.733372 0.679828 0.000000 78.400884 -0.679828 0.733372 0.000000 -39.627720 0.000000 0.000000 1.000000 0.000000
0.733472 0.679719 0.000000 78.421593 -0.679719 0.733472 0.000000 -39.627028 0.000000 0.000000 1.000000 0.000000
0.733492 0.679698 0.000000 78.365101 -0.679698 0.733492 0.000000 -39.652588 0.000000 0.000000 1.000000 0.000000
0.733198 0.680015 0.000000 78.361977 -0.680015 0.733198 0.000000 -39.638873 0.000000 0.000000 1.000000 0.000000
0.732784 0.680462 0.000000 78.371319 -0.680462 0.732784 0.000000 -39.623476 0.000000 0.000000 1.000000 0.000000
0.733154 0.680062 0.000000 78.390291 -0.680062 0.733154 0.000000 -39.647058 0.000000 0.000000 1.000000 0.000000
0.732622 0.680636 0.000000 78.385119 -0.680636 0.732622 0.000000 -39.658603 0.000000 0.000000 1.000000 0.000000
0.732286 0.680997 0.000000 78.366811 -0.680997 0.732286 0.000000 -39.647807 0.000000 0.000000 1.000000 0.000000
0.732513 0.680753 0.000000 78.362938 -0.680753 0.732513 0.000000 -39.634149 0.000000 0.000000 1.000000 0.000000
0.732992 0.680237 0.000000 78.370909 -0.680237 0.732992 0.000000 -39.638894 0.000000 0.000000 1.000000 0.000000
0.733205 0.680007 0.000000 78.376761 -0.680007 0.733205 0.000000 -39.641444 0.000000 0.000000 1.000000 0.000000
0.733898 0.679260 0.000000 78.388241 -0.679260 0.733898 0.000000 -39.638328 0.000000 0.000000 1.000000 0.000000
0.733908 0.679249 0.000000 78.389465 -0.679249 0.733908 0.000000 -39.637552 0.000000 0.000000 1.000000 0.000000
0.734039 0.679108 0.000000 78.370082 -0.679108 0.734039 0.000000 -39.641214 0.000000 0.000000 1.000000 0.000000
0.733999 0.679151 0.000000 78.364588 -0.679151 0.733999 0.000000 -39.641693 0.000000 0.000000 1.000000 0.000000
0.734089 0.679053 0.000000 78.367977 -0.679053 0.734089 0.000000 -39.647546 0.000000 0.000000 1.000000 0.000000
0.734051 0.679095 0.000000 78.383063 -0.679095 0.734051 0.000000 -39.655656 0.000000 0.000000 1.000000 0.000000
0.734511 0.678597 0.000000 78.406566 -0.678597 0.734511 0.000000 -39.669040 0.000000 0.000000 1.000000 0.000000
0.734386 0.678732 0.000000 78.410345 -0.678732 0.734386 0.000000 -39.668721 0.000000 0.000000 1.000000 0.000000
0.734421 0.678694 0.000000 78.401841 -0.678694 0.734421 0.000000 -39.665705 0.000000 0.000000 1.000000 0.000000
0.734046 0.679099 0.000000 78.393884 -0.679099 0.734046 0.000000 -39.696133 0.000000 0.000000 1.000000 0.000000
0.734398 0.678719 0.000000 78.410046 -0.678719 0.734398 0.000000 -39.682169 0.000000 0.000000 1.000000 0.000000
0.734787 0.678298 0.000000 78.392706 -0.678298 0.734787 0.000000 -39.650821 0.000000 0.000000 1.000000 0.000000
0.735603 0.677413 0.000000 78.469102 -0.677413 0.735603 0.000000 -39.685438 0.000000 0.000000 1.000000 0.000000
0.735920 0.677069 0.000000 78.461907 -0.677069 0.735920 0.000000 -39.677134 0.000000 0.000000 1.000000 0.000000
0.736884 0.676019 0.000000 78.455837 -0.676019 0.736884 0.000000 -39.645316 0.000000 0.000000 1.000000 0.000000
0.737372 0.675487 0.000000 78.461005 -0.675487 0.737372 0.000000 -39.627920 0.000000 0.000000 1.000000 0.000000
0.738433 0.674327 0.000000 78.453600 -0.674327 0.738433 0.000000 -39.573201 0.000000 0.000000 1.000000 0.000000
0.738234 0.674544 0.000000 78.471610 -0.674544 0.738234 0.000000 -39.605820 0.000000 0.000000 1.000000 0.000000
0.736558 0.676375 0.000000 78.475941 -0.676375 0.736558 0.000000 -39.659543 0.000000 0.000000 1.000000 0.000000
0.737533 0.675312 0.000000 78.463556 -0.675312 0.737533 0.000000 -39.617184 0.000000 0.000000 1.000000 0.000000
0.737693 0.675137 0.000000 78.466583 -0.675137 0.737693 0.000000 -39.611573 0.000000 0.000000 1.000000 0.000000
0.737640 0.675194 0.000000 78.425245 -0.675194 0.737640 0.000000 -39.606077 0.000000 0.000000 1.000000 0.000000
0.737494 0.675354 0.000000 78.425755 -0.675354 0.737494 0.000000 -39.634581 0.000000 0.000000 1.000000 0.000000
0.737700 0.675128 0.000000 78.435735 -0.675128 0.737700 0.000000 -39.631386 0.000000 0.000000 1.000000 0.000000
0.737581 0.675259 0.000000 78.435595 -0.675259 0.737581 0.000000 -39.644240 0.000000 0.000000 1.000000 0.000000
0.736223 0.676739 0.000000 78.380521 -0.676739 0.736223 0.000000 -39.702006 0.000000 0.000000 1.000000 0.000000
0.735904 0.677086 0.000000 78.444300 -0.677086 0.735904 0.000000 -39.784962 0.000000 0.000000 1.000000 0.000000
0.737107 0.675776 0.000000 78.421077 -0.675776 0.737107 0.000000 -39.712278 0.000000 0.000000 1.000000 0.000000
0.736556 0.676376 0.000000 78.416495 -0.676376 0.736556 0.000000 -39.723491 0.000000 0.000000 1.000000 0.000000
0.738077 0.674717 0.000000 78.431985 -0.674717 0.738077 0.000000 -39.683682 0.000000 0.000000 1.000000 0.000000
0.737876 0.674936 0.000000 78.450111 -0.674936 0.737876 0.000000 -39.681316 0.000000 0.000000 1.000000 0.000000
0.736267 0.676691 0.000000 78.440734 -0.676691 0.736267 0.000000 -39.764386 0.000000 0.000000 1.000000 0.000000
0.735425 0.677606 0.000000 78.354011 -0.677606 0.735425 0.000000 -39.752234 0.000000 0.000000 1.000000 0.000000
0.735174 0.677879 0.000000 78.370357 -0.677879 0.735174 0.000000 -39.769188 0.000000 0.000000 1.000000 0.000000
0.735321 0.677719 0.000000 78.382394 -0.677719 0.735321 0.000000 -39.783565 0.000000 0.000000 1.000000 0.000000
0.734868 0.678210 0.000000 78.378579 -0.678210 0.734868 0.000000 -39.781343 0.000000 0.000000 1.000000 0.000000
0.734815 0.678268 0.000000 78.368278 -0.678268 0.734815 0.000000 -39.778555 0.000000 0.000000 1.000000 0.000000
0.735399 0.677634 0.000000 78.342563 -0.677634 0.735399 0.000000 -39.735002 0.000000 0.000000 1.000000 0.000000
0.735416 0.677615 0.000000 78.350557 -0.677615 0.735416 0.000000 -39.766116 0.000000 0.000000 1.000000 0.000000
0.735663 0.677348 0.000000 78.351784 -0.677348 0.735663 0.000000 -39.764155 0.000000 0.000000 1.000000 0.000000
0.735684 0.677325 0.000000 78.369181 -0.677325 0.735684 0.000000 -39.787704 0.000000 0.000000 1.000000 0.000000
0.735989 0.676993 0.000000 78.369751 -0.676993 0.735989 0.000000 -39.769214 0.000000 0.000000 1.000000 0.000000
0.736191 0.676774 0.000000 78.363418 -0.676774 0.736191 0.000000 -39.746242 0.000000 0.000000 1.000000 0.000000
0.736327 0.676626 0.000000 78.363913 -0.676626 0.736327 0.000000 -39.748043 0.000000 0.000000 1.000000 0.000000
0.737000 0.675892 0.000000 78.330604 -0.675892 0.737000 0.000000 -39.688455 0.000000 0.000000 1.000000 0.000000
0.739430 0.673233 0.000000 78.279800 -0.673233 0.739430 0.000000 -39.521970 0.000000 0.000000 1.000000 0.000000
0.740226 0.672359 0.000000 78.288365 -0.672359 0.740226 0.000000 -39.482214 0.000000 0.000000 1.000000 0.000000
0.740383 0.672185 0.000000 78.287697 -0.672185 0.740383 0.000000 -39.478672 0.000000 0.000000 1.000000 0.000000
0.740683 0.671855 0.000000 78.291093 -0.671855 0.740683 0.000000 -39.492672 0.000000 0.000000 1.000000 0.000000
0.742816 0.669495 0.000000 78.281789 -0.669495 0.742816 0.000000 -39.354505 0.000000 0.000000 1.000000 0.000000
0.743896 0.668295 0.000000 78.276511 -0.668295 0.743896 0.000000 -39.286873 0.000000 0.000000 1.000000 0.000000
0.743860 0.668335 0.000000 78.286374 -0.668335 0.743860 0.000000 -39.317055 0.000000 0.000000 1.000000 0.000000
0.743542 0.668690 0.000000 78.271490 -0.668690 0.743542 0.000000 -39.332339 0.000000 0.000000 1.000000 0.000000
0.742933 0.669366 0.000000 78.292780 -0.669366 0.742933 0.000000 -39.372994 0.000000 0.000000 1.000000 0.000000
0.746554 0.665325 0.000000 78.326548 -0.665325 0.746554 0.000000 -39.199891 0.000000 0.000000 1.000000 0.000000
0.748293 0.663369 0.000000 78.456808 -0.663369 0.748293 0.000000 -39.189812 0.000000 0.000000 1.000000 0.000000
0.748337 0.663318 0.000000 78.499697 -0.663318 0.748337 0.000000 -39.206563 0.000000 0.000000 1.000000 0.000000
0.746599 0.665274 0.000000 78.511497 -0.665274 0.746599 0.000000 -39.264926 0.000000 0.000000 1.000000 0.000000
0.751175 0.660103 0.000000 78.515087 -0.660103 0.751175 0.000000 -39.120165 0.000000 0.000000 1.000000 0.000000
0.750673 0.660674 0.000000 78.513876 -0.660674 0.750673 0.000000 -39.132864 0.000000 0.000000 1.000000 0.000000
0.750048 0.661383 0.000000 78.502467 -0.661383 0.750048 0.000000 -39.134392 0.000000 0.000000 1.000000 0.000000
0.751938 0.659233 0.000000 78.490826 -0.659233 0.751938 0.000000 -38.986796 0.000000 0.000000 1.000000 0.000000
0.752348 0.658766 0.000000 78.467421 -0.658766 0.752348 0.000000 -38.969911 0.000000 0.000000 1.000000 0.000000
0.753405 0.657557 0.000000 78.452627 -0.657557 0.753405 0.000000 -38.964985 0.000000 0.000000 1.000000 0.000000
0.755956 0.654622 0.000000 78.428698 -0.654622 0.755956 0.000000 -38.867072 0.000000 0.000000 1.000000 0.000000
0.757745 0.652550 0.000000 78.463819 -0.652550 0.757745 0.000000 -38.871596 0.000000 0.000000 1.000000 0.000000
0.760507 0.649330 0.000000 78.637890 -0.649330 0.760507 0.000000 -38.982423 0.000000 0.000000 1.000000 0.000000
0.760837 0.648943 0.000000 78.651199 -0.648943 0.760837 0.000000 -38.983911 0.000000 0.000000 1.000000 0.000000
0.760642 0.649172 0.000000 78.656184 -0.649172 0.760642 0.000000 -39.010266 0.000000 0.000000 1.000000 0.000000
0.761437 0.648239 0.000000 78.725992 -0.648239 0.761437 0.000000 -39.055026 0.000000 0.000000 1.000000 0.000000
0.763962 0.645261 0.000000 78.674355 -0.645261 0.763962 0.000000 -38.969535 0.000000 0.000000 1.000000 0.000000
0.763880 0.645359 0.000000 78.741005 -0.645359 0.763880 0.000000 -39.012455 0.000000 0.000000 1.000000 0.000000
0.764866 0.644189 0.000000 78.757254 -0.644189 0.764866 0.000000 -39.023795 0.000000 0.000000 1.000000 0.000000
0.765421 0.643530 0.000000 78.801565 -0.643530 0.765421 0.000000 -39.062143 0.000000 0.000000 1.000000 0.000000
0.764978 0.644056 0.000000 78.737240 -0.644056 0.764978 0.000000 -39.048107 0.000000 0.000000 1.000000 0.000000
0.767126 0.641497 0.000000 78.735383 -0.641497 0.767126 0.000000 -39.008959 0.000000 0.000000 1.000000 0.000000
0.766860 0.641814 0.000000 78.729460 -0.641814 0.766860 0.000000 -39.085966 0.000000 0.000000 1.000000 0.000000
0.767464 0.641092 0.000000 78.732922 -0.641092 0.767464 0.000000 -39.069850 0.000000 0.000000 1.000000 0.000000
0.767970 0.640486 0.000000 78.764921 -0.640486 0.767970 0.000000 -39.072217 0.000000 0.000000 1.000000 0.000000
0.767946 0.640515 0.000000 78.735766 -0.640515 0.767946 0.000000 -39.064937 0.000000 0.000000 1.000000 0.000000
0.768666 0.639650 0.000000 78.738044 -0.639650 0.768666 0.000000 -39.075477 0.000000 0.000000 1.000000 0.000000
0.768180 0.640234 0.000000 78.738721 -0.640234 0.768180 0.000000 -39.085513 0.000000 0.000000 1.000000 0.000000
0.768220 0.640186 0.000000 78.737009 -0.640186 0.768220 0.000000 -39.116565 0.000000 0.000000 1.000000 0.000000
0.768279 0.640116 0.000000 78.743167 -0.640116 0.768279 0.000000 -39.128161 0.000000 0.000000 1.000000 0.000000
0.767947 0.640513 0.000000 78.736515 -0.640513 0.767947 0.000000 -39.136615 0.000000 0.000000 1.000000 0.000000
0.768178 0.640237 0.000000 78.739173 -0.640237 0.768178 0.000000 -39.123839 0.000000 0.000000 1.000000 0.000000
0.768721 0.639585 0.000000 78.823034 -0.639585 0.768721 0.000000 -39.066944 0.000000 0.000000 1.000000 0.000000
0.768824 0.639460 0.000000 78.820586 -0.639460 0.768824 0.000000 -39.061766 0.000000 0.000000 1.000000 0.000000
0.768683 0.639629 0.000000 78.827624 -0.639629 0.768683 0.000000 -39.077226 0.000000 0.000000 1.000000 0.000000
0.768729 0.639575 0.000000 78.819834 -0.639575 0.768729 0.000000 -39.078547 0.000000 0.000000 1.000000 0.000000
0.768558 0.639780 0.000000 78.846481 -0.639780 0.768558 0.000000 -39.082230 0.000000 0.000000 1.000000 0.000000
0.769264 0.638931 0.000000 78.856933 -0.638931 0.769264 0.000000 -39.063293 0.000000 0.000000 1.000000 0.000000
0.769578 0.638553 0.000000 78.858573 -0.638553 0.769578 0.000000 -39.057415 0.000000 0.000000 1.000000 0.000000
0.769711 0.638393 0.000000 78.852013 -0.638393 0.769711 0.000000 -39.057452 0.000000 0.000000 1.000000 0.000000
0.770545 0.637385 0.000000 78.853634 -0.637385 0.770545 0.000000 -39.045707 0.000000 0.000000 1.000000 0.000000
0.769406 0.638760 0.000000 78.919959 -0.638760 0.769406 0.000000 -39.047003 0.000000 0.000000 1.000000 0.000000
0.769482 0.638669 0.000000 78.916173 -0.638669 0.769482 0.000000 -39.080801 0.000000 0.000000 1.000000 0.000000
0.769773 0.638318 0.000000 78.921296 -0.638318 0.769773 0.000000 -39.074112 0.000000 0.000000 1.000000 0.000000
0.769074 0.639160 0.000000 78.936425 -0.639160 0.769074 0.000000 -39.077397 0.000000 0.000000 1.000000 0.000000
0.768666 0.639650 0.000000 78.951738 -0.639650 0.768666 0.000000 -39.078534 0.000000 0.000000 1.000000 0.000000
0.768674 0.639641 0.000000 78.945160 -0.639641 0.768674 0.000000 -39.072249 0.000000 0.000000 1.000000 0.000000
