0.999997 0.002296 0.000000 0.580770 -0.002296 0.999997 0.000000 -0.006667 0.000000 0.000000 1.000000 0.000000
0.999998 0.001853 0.000000 1.128599 -0.001853 0.999998 0.000000 -0.013907 0.000000 0.000000 1.000000 0.000000
0.999997 0.002348 0.000000 1.707957 -0.002348 0.999997 0.000000 -0.023472 0.000000 0.000000 1.000000 0.000000
0.999999 0.001661 0.000000 2.293575 -0.001661 0.999999 0.000000 -0.033740 0.000000 0.000000 1.000000 0.000000
0.999985 0.005433 0.000000 2.839652 -0.005433 0.999985 0.000000 -0.046299 0.000000 0.000000 1.000000 0.000000
0.999951 0.009949 0.000000 3.425676 -0.009949 0.999951 0.000000 -0.048523 0.000000 0.000000 1.000000 0.000000
0.999878 0.015598 0.000000 4.563537 -0.015598 0.999878 0.000000 -0.077770 0.000000 0.000000 1.000000 0.000000
0.999890 0.014836 0.000000 5.153093 -0.014836 0.999890 0.000000 -0.090051 0.000000 0.000000 1.000000 0.000000
0.999866 0.016393 0.000000 5.958344 -0.016393 0.999866 0.000000 -0.116560 0.000000 0.000000 1.000000 0.000000
0.999863 0.016536 0.000000 6.533103 -0.016536 0.999863 0.000000 -0.119008 0.000000 0.000000 1.000000 0.000000
0.999848 0.017422 0.000000 7.119832 -0.017422 0.999848 0.000000 -0.142950 0.000000 0.000000 1.000000 0.000000
0.999832 0.018328 0.000000 7.705893 -0.018328 0.999832 0.000000 -0.154442 0.000000 0.000000 1.000000 0.000000
0.999812 0.019371 0.000000 8.252626 -0.019371 0.999812 0.000000 -0.166254 0.000000 0.000000 1.000000 0.000000
0.999751 0.022336 0.000000 8.838302 -0.022336 0.999751 0.000000 -0.181688 0.000000 0.000000 1.000000 0.000000
0.999715 0.023853 0.000000 9.383241 -0.023853 0.999715 0.000000 -0.194907 0.000000 0.000000 1.000000 0.000000
0.999708 0.024169 0.000000 9.963153 -0.024169 0.999708 0.000000 -0.194992 0.000000 0.000000 1.000000 0.000000
0.999662 0.025995 0.000000 10.526205 -0.025995 0.999662 0.000000 -0.194497 0.000000 0.000000 1.000000 0.000000
0.999672 0.025626 0.000000 11.094075 -0.025626 0.999672 0.000000 -0.216618 0.000000 0.000000 1.000000 0.000000
0.999623 0.027440 0.000000 11.675154 -0.027440 0.999623 0.000000 -0.229901 0.000000 0.000000 1.000000 0.000000
0.999565 0.029490 0.000000 12.431665 -0.029490 0.999565 0.000000 -0.249852 0.000000 0.000000 1.000000 0.000000
0.999523 0.030897 0.000000 13.050985 -0.030897 0.999523 0.000000 -0.270587 0.000000 0.000000 1.000000 0.000000
0.999503 0.031516 0.000000 13.595591 -0.031516 0.999503 0.000000 -0.284684 0.000000 0.000000 1.000000 0.000000
0.999434 0.033633 0.000000 14.210699 -0.033633 0.999434 0.000000 -0.289218 0.000000 0.000000 1.000000 0.000000
0.999328 0.036662 0.000000 14.790391 -0.036662 0.999328 0.000000 -0.298116 0.000000 0.000000 1.000000 0.000000
0.999311 0.037114 0.000000 15.367458 -0.037114 0.999311 0.000000 -0.322628 0.000000 0.000000 1.000000 0.000000
0.999191 0.040225 0.000000 15.949840 -0.040225 0.999191 0.000000 -0.346477 0.000000 0.000000 1.000000 0.000000
0.999158 0.041019 0.000000 16.530105 -0.041019 0.999158 0.000000 -0.385874 0.000000 0.000000 1.000000 0.000000
0.999124 0.041858 0.000000 17.106039 -0.041858 0.999124 0.000000 -0.411967 0.000000 0.000000 1.000000 0.000000
0.999092 0.042599 0.000000 17.684523 -0.042599 0.999092 0.000000 -0.444285 0.000000 0.000000 1.000000 0.000000
0.998988 0.044977 0.000000 18.254017 -0.044977 0.998988 0.000000 -0.468095 0.000000 0.000000 1.000000 0.000000
0.998871 0.047512 0.000000 18.828174 -0.047512 0.998871 0.000000 -0.506847 0.000000 0.000000 1.000000 0.000000
0.998857 0.047792 0.000000 19.376237 -0.047792 0.998857 0.000000 -0.546096 0.000000 0.000000 1.000000 0.000000
0.998730 0.050389 0.000000 19.946227 -0.050389 0.998730 0.000000 -0.580503 0.000000 0.000000 1.000000 0.000000
0.998638 0.052167 0.000000 21.045519 -0.052167 0.998638 0.000000 -0.632642 0.000000 0.000000 1.000000 0.000000
0.998686 0.051255 0.000000 21.975234 -0.051255 0.998686 0.000000 -0.687140 0.000000 0.000000 1.000000 0.000000
0.998740 0.050191 0.000000 22.540540 -0.050191 0.998740 0.000000 -0.728619 0.000000 0.000000 1.000000 0.000000
0.998634 0.052253 0.000000 23.107459 -0.052253 0.998634 0.000000 -0.765456 0.000000 0.000000 1.000000 0.000000
0.998497 0.054813 0.000000 23.670616 -0.054813 0.998497 0.000000 -0.802990 0.000000 0.000000 1.000000 0.000000
0.998463 0.055423 0.000000 24.230375 -0.055423 0.998463 0.000000 -0.842214 0.000000 0.000000 1.000000 0.000000
0.998431 0.055989 0.000000 24.828520 -0.055989 0.998431 0.000000 -0.889519 0.000000 0.000000 1.000000 0.000000
0.997864 0.065331 0.000000 25.391486 -0.065331 0.997864 0.000000 -0.933635 0.000000 0.000000 1.000000 0.000000
0.996935 0.078240 0.000000 26.506793 -0.078240 0.996935 0.000000 -1.018714 0.000000 0.000000 1.000000 0.000000
0.997045 0.076824 0.000000 27.064869 -0.076824 0.997045 0.000000 -1.081571 0.000000 0.000000 1.000000 0.000000
0.996918 0.078451 0.000000 27.621147 -0.078451 0.996918 0.000000 -1.137632 0.000000 0.000000 1.000000 0.000000
0.996976 0.077708 0.000000 28.148065 -0.077708 0.996976 0.000000 -1.198782 0.000000 0.000000 1.000000 0.000000
0.997068 0.076518 0.000000 28.711758 -0.076518 0.997068 0.000000 -1.248787 0.000000 0.000000 1.000000 0.000000
0.996544 0.083062 0.000000 29.613378 -0.083062 0.996544 0.000000 -1.330678 0.000000 0.000000 1.000000 0.000000
0.996514 0.083429 0.000000 30.216359 -0.083429 0.996514 0.000000 -1.390419 0.000000 0.000000 1.000000 0.000000
0.996302 0.085926 0.000000 30.774757 -0.085926 0.996302 0.000000 -1.432144 0.000000 0.000000 1.000000 0.000000
0.996240 0.086635 0.000000 31.344713 -0.086635 0.996240 0.000000 -1.484092 0.000000 0.000000 1.000000 0.000000
0.996129 0.087904 0.000000 31.913476 -0.087904 0.996129 0.000000 -1.545853 0.000000 0.000000 1.000000 0.000000
0.996009 0.089249 0.000000 32.474256 -0.089249 0.996009 0.000000 -1.611219 0.000000 0.000000 1.000000 0.000000
0.995795 0.091609 0.000000 33.036728 -0.091609 0.995795 0.000000 -1.662175 0.000000 0.000000 1.000000 0.000000
0.995841 0.091112 0.000000 33.609124 -0.091112 0.995841 0.000000 -1.716814 0.000000 0.000000 1.000000 0.000000
0.995737 0.092239 0.000000 34.166611 -0.092239 0.995737 0.000000 -1.769818 0.000000 0.000000 1.000000 0.000000
0.995618 0.093511 0.000000 34.682307 -0.093511 0.995618 0.000000 -1.828762 0.000000 0.000000 1.000000 0.000000
0.995350 0.096328 0.000000 35.614461 -0.096328 0.995350 0.000000 -1.931564 0.000000 0.000000 1.000000 0.000000
0.994900 0.100862 0.000000 36.172091 -0.100862 0.994900 0.000000 -1.998620 0.000000 0.000000 1.000000 0.000000
0.994722 0.102606 0.000000 36.727046 -0.102606 0.994722 0.000000 -2.059729 0.000000 0.000000 1.000000 0.000000
0.994619 0.103599 0.000000 37.289498 -0.103599 0.994619 0.000000 -2.122425 0.000000 0.000000 1.000000 0.000000
0.994368 0.105985 0.000000 37.846178 -0.105985 0.994368 0.000000 -2.176135 0.000000 0.000000 1.000000 0.000000
0.994277 0.106830 0.000000 38.407909 -0.106830 0.994277 0.000000 -2.242293 0.000000 0.000000 1.000000 0.000000
0.994122 0.108269 0.000000 39.002710 -0.108269 0.994122 0.000000 -2.309562 0.000000 0.000000 1.000000 0.000000
0.994073 0.108717 0.000000 39.531625 -0.108717 0.994073 0.000000 -2.367533 0.000000 0.000000 1.000000 0.000000
0.994083 0.108621 0.000000 40.080979 -0.108621 0.994083 0.000000 -2.426754 0.000000 0.000000 1.000000 0.000000
0.994160 0.107920 0.000000 40.633965 -0.107920 0.994160 0.000000 -2.495951 0.000000 0.000000 1.000000 0.000000
0.993753 0.111600 0.000000 41.189077 -0.111600 0.993753 0.000000 -2.553894 0.000000 0.000000 1.000000 0.000000
0.993583 0.113106 0.000000 41.707081 -0.113106 0.993583 0.000000 -2.611845 0.000000 0.000000 1.000000 0.000000
0.993411 0.114605 0.000000 42.259350 -0.114605 0.993411 0.000000 -2.682224 0.000000 0.000000 1.000000 0.000000
0.993349 0.115144 0.000000 42.779469 -0.115144 0.993349 0.000000 -2.746341 0.000000 0.000000 1.000000 0.000000
0.993426 0.114474 0.000000 43.732403 -0.114474 0.993426 0.000000 -2.869462 0.000000 0.000000 1.000000 0.000000
0.993350 0.115132 0.000000 44.282398 -0.115132 0.993350 0.000000 -2.937460 0.000000 0.000000 1.000000 0.000000
0.993017 0.117970 0.000000 44.839717 -0.117970 0.993017 0.000000 -3.004986 0.000000 0.000000 1.000000 0.000000
0.992529 0.122009 0.000000 45.931230 -0.122009 0.992529 0.000000 -3.130033 0.000000 0.000000 1.000000 0.000000
0.992083 0.125585 0.000000 46.511192 -0.125585 0.992083 0.000000 -3.207857 0.000000 0.000000 1.000000 0.000000
0.991891 0.127092 0.000000 47.004178 -0.127092 0.991891 0.000000 -3.264574 0.000000 0.000000 1.000000 0.000000
0.991721 0.128415 0.000000 48.025519 -0.128415 0.991721 0.000000 -3.395721 0.000000 0.000000 1.000000 0.000000
0.991616 0.129218 0.000000 48.544457 -0.129218 0.991616 0.000000 -3.463505 0.000000 0.000000 1.000000 0.000000
0.991713 0.128476 0.000000 49.056417 -0.128476 0.991713 0.000000 -3.537330 0.000000 0.000000 1.000000 0.000000
0.991696 0.128607 0.000000 49.540740 -0.128607 0.991696 0.000000 -3.605392 0.000000 0.000000 1.000000 0.000000
0.991312 0.131534 0.000000 50.432270 -0.131534 0.991312 0.000000 -3.732137 0.000000 0.000000 1.000000 0.000000
0.991440 0.130562 0.000000 50.934685 -0.130562 0.991440 0.000000 -3.817685 0.000000 0.000000 1.000000 0.000000
0.990860 0.134891 0.000000 51.439215 -0.134891 0.990860 0.000000 -3.877519 0.000000 0.000000 1.000000 0.000000
0.990085 0.140469 0.000000 51.935241 -0.140469 0.990085 0.000000 -3.950565 0.000000 0.000000 1.000000 0.000000
0.989978 0.141218 0.000000 52.426211 -0.141218 0.989978 0.000000 -4.015546 0.000000 0.000000 1.000000 0.000000
0.989865 0.142010 0.000000 52.897361 -0.142010 0.989865 0.000000 -4.079426 0.000000 0.000000 1.000000 0.000000
0.989532 0.144317 0.000000 53.370736 -0.144317 0.989532 0.000000 -4.147181 0.000000 0.000000 1.000000 0.000000
0.988923 0.148429 0.000000 54.077899 -0.148429 0.988923 0.000000 -4.252845 0.000000 0.000000 1.000000 0.000000
0.988967 0.148133 0.000000 54.505024 -0.148133 0.988967 0.000000 -4.320908 0.000000 0.000000 1.000000 0.000000
0.988745 0.149609 0.000000 54.963857 -0.149609 0.988745 0.000000 -4.396068 0.000000 0.000000 1.000000 0.000000
0.988845 0.148948 0.000000 55.409650 -0.148948 0.988845 0.000000 -4.463478 0.000000 0.000000 1.000000 0.000000
0.988719 0.149781 0.000000 55.830507 -0.149781 0.988719 0.000000 -4.524163 0.000000 0.000000 1.000000 0.000000
0.989112 0.147162 0.000000 56.252358 -0.147162 0.989112 0.000000 -4.590571 0.000000 0.000000 1.000000 0.000000
0.989125 0.147079 0.000000 56.985437 -0.147079 0.989125 0.000000 -4.712098 0.000000 0.000000 1.000000 0.000000
0.988763 0.149489 0.000000 57.365427 -0.149489 0.988763 0.000000 -4.764997 0.000000 0.000000 1.000000 0.000000
0.988567 0.150783 0.000000 57.801815 -0.150783 0.988567 0.000000 -4.817815 0.000000 0.000000 1.000000 0.000000
0.988430 0.151677 0.000000 58.194512 -0.151677 0.988430 0.000000 -4.881070 0.000000 0.000000 1.000000 0.000000
0.988345 0.152233 0.000000 58.590768 -0.152233 0.988345 0.000000 -4.947597 0.000000 0.000000 1.000000 0.000000
0.988304 0.152497 0.000000 58.975319 -0.152497 0.988304 0.000000 -5.002861 0.000000 0.000000 1.000000 0.000000
0.988080 0.153940 0.000000 59.353401 -0.153940 0.988080 0.000000 -5.073734 0.000000 0.000000 1.000000 0.000000
0.988011 0.154385 0.000000 59.720908 -0.154385 0.988011 0.000000 -5.135752 0.000000 0.000000 1.000000 0.000000
0.987771 0.155914 0.000000 60.082071 -0.155914 0.987771 0.000000 -5.184205 0.000000 0.000000 1.000000 0.000000
0.987555 0.157273 0.000000 60.443967 -0.157273 0.987555 0.000000 -5.240076 0.000000 0.000000 1.000000 0.000000
0.987041 0.160468 0.000000 61.121871 -0.160468 0.987041 0.000000 -5.354322 0.000000 0.000000 1.000000 0.000000
0.987183 0.159594 0.000000 61.461414 -0.159594 0.987183 0.000000 -5.416624 0.000000 0.000000 1.000000 0.000000
0.987241 0.159236 0.000000 61.778222 -0.159236 0.987241 0.000000 -5.472680 0.000000 0.000000 1.000000 0.000000
0.987165 0.159705 0.000000 62.113487 -0.159705 0.987165 0.000000 -5.532605 0.000000 0.000000 1.000000 0.000000
0.986972 0.160889 0.000000 62.437154 -0.160889 0.986972 0.000000 -5.584826 0.000000 0.000000 1.000000 0.000000
0.986798 0.161954 0.000000 62.736619 -0.161954 0.986798 0.000000 -5.632213 0.000000 0.000000 1.000000 0.000000
0.985817 0.167822 0.000000 63.060524 -0.167822 0.985817 0.000000 -5.674425 0.000000 0.000000 1.000000 0.000000
0.985747 0.168237 0.000000 63.383472 -0.168237 0.985747 0.000000 -5.739925 0.000000 0.000000 1.000000 0.000000
0.986176 0.165700 0.000000 63.896728 -0.165700 0.986176 0.000000 -5.841251 0.000000 0.000000 1.000000 0.000000
0.986194 0.165596 0.000000 64.199146 -0.165596 0.986194 0.000000 -5.896315 0.000000 0.000000 1.000000 0.000000
0.985902 0.167326 0.000000 64.499548 -0.167326 0.985902 0.000000 -5.949728 0.000000 0.000000 1.000000 0.000000
0.985567 0.169287 0.000000 64.812066 -0.169287 0.985567 0.000000 -6.002854 0.000000 0.000000 1.000000 0.000000
0.985458 0.169920 0.000000 65.103996 -0.169920 0.985458 0.000000 -6.055177 0.000000 0.000000 1.000000 0.000000
0.985102 0.171974 0.000000 65.376386 -0.171974 0.985102 0.000000 -6.105929 0.000000 0.000000 1.000000 0.000000
0.985160 0.171638 0.000000 65.676589 -0.171638 0.985160 0.000000 -6.164602 0.000000 0.000000 1.000000 0.000000
0.985201 0.171403 0.000000 65.954676 -0.171403 0.985201 0.000000 -6.216203 0.000000 0.000000 1.000000 0.000000
0.985026 0.172405 0.000000 66.228194 -0.172405 0.985026 0.000000 -6.262290 0.000000 0.000000 1.000000 0.000000
0.984405 0.175917 0.000000 66.684663 -0.175917 0.984405 0.000000 -6.346732 0.000000 0.000000 1.000000 0.000000
0.984121 0.177500 0.000000 66.925523 -0.177500 0.984121 0.000000 -6.387017 0.000000 0.000000 1.000000 0.000000
0.984070 0.177779 0.000000 67.202469 -0.177779 0.984070 0.000000 -6.437569 0.000000 0.000000 1.000000 0.000000
0.983942 0.178486 0.000000 67.463802 -0.178486 0.983942 0.000000 -6.488849 0.000000 0.000000 1.000000 0.000000
0.983765 0.179459 0.000000 67.726336 -0.179459 0.983765 0.000000 -6.540954 0.000000 0.000000 1.000000 0.000000
0.983647 0.180107 0.000000 67.987260 -0.180107 0.983647 0.000000 -6.597184 0.000000 0.000000 1.000000 0.000000
0.983373 0.181600 0.000000 68.245035 -0.181600 0.983373 0.000000 -6.647523 0.000000 0.000000 1.000000 0.000000
0.983251 0.182257 0.000000 68.503064 -0.182257 0.983251 0.000000 -6.700923 0.000000 0.000000 1.000000 0.000000
0.983071 0.183227 0.000000 68.743331 -0.183227 0.983071 0.000000 -6.750739 0.000000 0.000000 1.000000 0.000000
0.983082 0.183168 0.000000 69.008404 -0.183168 0.983082 0.000000 -6.803966 0.000000 0.000000 1.000000 0.000000
0.982888 0.184203 0.000000 69.256544 -0.184203 0.982888 0.000000 -6.853121 0.000000 0.000000 1.000000 0.000000
0.982695 0.185232 0.000000 69.510426 -0.185232 0.982695 0.000000 -6.896629 0.000000 0.000000 1.000000 0.000000
0.982342 0.187092 0.000000 69.942500 -0.187092 0.982342 0.000000 -6.982151 0.000000 0.000000 1.000000 0.000000
0.982038 0.188681 0.000000 70.210374 -0.188681 0.982038 0.000000 -7.028660 0.000000 0.000000 1.000000 0.000000
0.981903 0.189385 0.000000 70.480257 -0.189385 0.981903 0.000000 -7.082943 0.000000 0.000000 1.000000 0.000000
0.981679 0.190540 0.000000 70.748351 -0.190540 0.981679 0.000000 -7.136653 0.000000 0.000000 1.000000 0.000000
0.981646 0.190712 0.000000 71.023281 -0.190712 0.981646 0.000000 -7.195803 0.000000 0.000000 1.000000 0.000000
0.981320 0.192381 0.000000 71.307872 -0.192381 0.981320 0.000000 -7.256445 0.000000 0.000000 1.000000 0.000000
0.981186 0.193064 0.000000 71.560102 -0.193064 0.981186 0.000000 -7.316093 0.000000 0.000000 1.000000 0.000000
0.981208 0.192955 0.000000 71.844243 -0.192955 0.981208 0.000000 -7.381124 0.000000 0.000000 1.000000 0.000000
0.980668 0.195678 0.000000 72.115580 -0.195678 0.980668 0.000000 -7.435480 0.000000 0.000000 1.000000 0.000000
0.980130 0.198354 0.000000 72.373896 -0.198354 0.980130 0.000000 -7.493696 0.000000 0.000000 1.000000 0.000000
0.980040 0.198801 0.000000 72.653207 -0.198801 0.980040 0.000000 -7.553890 0.000000 0.000000 1.000000 0.000000
0.980164 0.198189 0.000000 72.911124 -0.198189 0.980164 0.000000 -7.617823 0.000000 0.000000 1.000000 0.000000
0.979599 0.200963 0.000000 73.685451 -0.200963 0.979599 0.000000 -7.784666 0.000000 0.000000 1.000000 0.000000
0.978870 0.204483 0.000000 73.977320 -0.204483 0.978870 0.000000 -7.836480 0.000000 0.000000 1.000000 0.000000
0.978295 0.207215 0.000000 74.268233 -0.207215 0.978295 0.000000 -7.889401 0.000000 0.000000 1.000000 0.000000
0.977860 0.209262 0.000000 74.553034 -0.209262 0.977860 0.000000 -7.949471 0.000000 0.000000 1.000000 0.000000
0.978305 0.207168 0.000000 74.842036 -0.207168 0.978305 0.000000 -8.013056 0.000000 0.000000 1.000000 0.000000
0.977774 0.209660 0.000000 75.419988 -0.209660 0.977774 0.000000 -8.144818 0.000000 0.000000 1.000000 0.000000
0.977810 0.209495 0.000000 75.715844 -0.209495 0.977810 0.000000 -8.213426 0.000000 0.000000 1.000000 0.000000
0.977476 0.211047 0.000000 75.998832 -0.211047 0.977476 0.000000 -8.273421 0.000000 0.000000 1.000000 0.000000
0.977171 0.212456 0.000000 76.462025 -0.212456 0.977171 0.000000 -8.381092 0.000000 0.000000 1.000000 0.000000
0.976494 0.215543 0.000000 76.780841 -0.215543 0.976494 0.000000 -8.452843 0.000000 0.000000 1.000000 0.000000
0.975323 0.220783 0.000000 77.314897 -0.220783 0.975323 0.000000 -8.576731 0.000000 0.000000 1.000000 0.000000
0.975113 0.221708 0.000000 77.646602 -0.221708 0.975113 0.000000 -8.653207 0.000000 0.000000 1.000000 0.000000
0.975220 0.221237 0.000000 77.983737 -0.221237 0.975220 0.000000 -8.730582 0.000000 0.000000 1.000000 0.000000
0.973595 0.228283 0.000000 78.305078 -0.228283 0.973595 0.000000 -8.791307 0.000000 0.000000 1.000000 0.000000
0.973597 0.228275 0.000000 78.655952 -0.228275 0.973597 0.000000 -8.874459 0.000000 0.000000 1.000000 0.000000
0.972947 0.231027 0.000000 79.215950 -0.231027 0.972947 0.000000 -9.008406 0.000000 0.000000 1.000000 0.000000
0.973618 0.228185 0.000000 79.558777 -0.228185 0.973618 0.000000 -9.094964 0.000000 0.000000 1.000000 0.000000
0.973247 0.229761 0.000000 79.936775 -0.229761 0.973247 0.000000 -9.185579 0.000000 0.000000 1.000000 0.000000
0.973116 0.230314 0.000000 80.288195 -0.230314 0.973116 0.000000 -9.265308 0.000000 0.000000 1.000000 0.000000
0.972925 0.231122 0.000000 80.929151 -0.231122 0.972925 0.000000 -9.428308 0.000000 0.000000 1.000000 0.000000
0.972941 0.231052 0.000000 81.585043 -0.231052 0.972941 0.000000 -9.583091 0.000000 0.000000 1.000000 0.000000
0.973183 0.230034 0.000000 81.965807 -0.230034 0.973183 0.000000 -9.688607 0.000000 0.000000 1.000000 0.000000
0.973362 0.229275 0.000000 82.377954 -0.229275 0.973362 0.000000 -9.780320 0.000000 0.000000 1.000000 0.000000
0.972819 0.231568 0.000000 82.769836 -0.231568 0.972819 0.000000 -9.874706 0.000000 0.000000 1.000000 0.000000
0.973248 0.229759 0.000000 83.194078 -0.229759 0.973248 0.000000 -9.986895 0.000000 0.000000 1.000000 0.000000
0.972691 0.232102 0.000000 83.592002 -0.232102 0.972691 0.000000 -10.086947 0.000000 0.000000 1.000000 0.000000
0.972900 0.231226 0.000000 84.036650 -0.231226 0.972900 0.000000 -10.194326 0.000000 0.000000 1.000000 0.000000
0.973793 0.227437 0.000000 84.712822 -0.227437 0.973793 0.000000 -10.358683 0.000000 0.000000 1.000000 0.000000
0.973700 0.227835 0.000000 85.508406 -0.227835 0.973700 0.000000 -10.550580 0.000000 0.000000 1.000000 0.000000
0.973868 0.227114 0.000000 85.973723 -0.227114 0.973868 0.000000 -10.668532 0.000000 0.000000 1.000000 0.000000
0.973060 0.230554 0.000000 86.439306 -0.230554 0.973060 0.000000 -10.791288 0.000000 0.000000 1.000000 0.000000
0.972911 0.231181 0.000000 86.897000 -0.231181 0.972911 0.000000 -10.905240 0.000000 0.000000 1.000000 0.000000
0.972712 0.232017 0.000000 87.398814 -0.232017 0.972712 0.000000 -11.028299 0.000000 0.000000 1.000000 0.000000
0.972628 0.232369 0.000000 87.844506 -0.232369 0.972628 0.000000 -11.136746 0.000000 0.000000 1.000000 0.000000
0.971189 0.238312 0.000000 88.341278 -0.238312 0.971189 0.000000 -11.251711 0.000000 0.000000 1.000000 0.000000
0.970739 0.240138 0.000000 88.847888 -0.240138 0.970739 0.000000 -11.375949 0.000000 0.000000 1.000000 0.000000
0.969897 0.243515 0.000000 89.364755 -0.243515 0.969897 0.000000 -11.499545 0.000000 0.000000 1.000000 0.000000
0.969500 0.245092 0.000000 89.844859 -0.245092 0.969500 0.000000 -11.622146 0.000000 0.000000 1.000000 0.000000
0.969203 0.246264 0.000000 90.364035 -0.246264 0.969203 0.000000 -11.763132 0.000000 0.000000 1.000000 0.000000
0.968036 0.250810 0.000000 91.299153 -0.250810 0.968036 0.000000 -12.013144 0.000000 0.000000 1.000000 0.000000
0.968135 0.250430 0.000000 91.828757 -0.250430 0.968135 0.000000 -12.164388 0.000000 0.000000 1.000000 0.000000
0.968051 0.250755 0.000000 92.368266 -0.250755 0.968051 0.000000 -12.305407 0.000000 0.000000 1.000000 0.000000
0.966844 0.255369 0.000000 92.909895 -0.255369 0.966844 0.000000 -12.443004 0.000000 0.000000 1.000000 0.000000
0.965477 0.260490 0.000000 93.457084 -0.260490 0.965477 0.000000 -12.592581 0.000000 0.000000 1.000000 0.000000
0.965340 0.260994 0.000000 94.290398 -0.260994 0.965340 0.000000 -12.834364 0.000000 0.000000 1.000000 0.000000
0.964898 0.262623 0.000000 94.813953 -0.262623 0.964898 0.000000 -12.979290 0.000000 0.000000 1.000000 0.000000
0.962241 0.272199 0.000000 95.903762 -0.272199 0.962241 0.000000 -13.294522 0.000000 0.000000 1.000000 0.000000
0.961313 0.275458 0.000000 96.622043 -0.275458 0.961313 0.000000 -13.506461 0.000000 0.000000 1.000000 0.000000
0.960514 0.278233 0.000000 97.197244 -0.278233 0.960514 0.000000 -13.662142 0.000000 0.000000 1.000000 0.000000
0.959369 0.282153 0.000000 97.772428 -0.282153 0.959369 0.000000 -13.837265 0.000000 0.000000 1.000000 0.000000
0.957872 0.287196 0.000000 98.349530 -0.287196 0.957872 0.000000 -14.015366 0.000000 0.000000 1.000000 0.000000
0.957606 0.288082 0.000000 98.928004 -0.288082 0.957606 0.000000 -14.189512 0.000000 0.000000 1.000000 0.000000
0.957429 0.288669 0.000000 99.539090 -0.288669 0.957429 0.000000 -14.377115 0.000000 0.000000 1.000000 0.000000
0.956820 0.290681 0.000000 100.098255 -0.290681 0.956820 0.000000 -14.547034 0.000000 0.000000 1.000000 0.000000
0.955865 0.293806 0.000000 100.672543 -0.293806 0.955865 0.000000 -14.730694 0.000000 0.000000 1.000000 0.000000
0.955317 0.295584 0.000000 101.263264 -0.295584 0.955317 0.000000 -14.914845 0.000000 0.000000 1.000000 0.000000
0.956208 0.292687 0.000000 101.819996 -0.292687 0.956208 0.000000 -15.095906 0.000000 0.000000 1.000000 0.000000
0.956841 0.290613 0.000000 102.417134 -0.290613 0.956841 0.000000 -15.287148 0.000000 0.000000 1.000000 0.000000
0.956637 0.291282 0.000000 103.011751 -0.291282 0.956637 0.000000 -15.480325 0.000000 0.000000 1.000000 0.000000
0.956002 0.293360 0.000000 103.564658 -0.293360 0.956002 0.000000 -15.658708 0.000000 0.000000 1.000000 0.000000
0.955698 0.294350 0.000000 104.629179 -0.294350 0.955698 0.000000 -15.986918 0.000000 0.000000 1.000000 0.000000
0.955215 0.295912 0.000000 105.273012 -0.295912 0.955215 0.000000 -16.193616 0.000000 0.000000 1.000000 0.000000
0.955057 0.296422 0.000000 105.871884 -0.296422 0.955057 0.000000 -16.394892 0.000000 0.000000 1.000000 0.000000
0.954311 0.298814 0.000000 106.481540 -0.298814 0.954311 0.000000 -16.592690 0.000000 0.000000 1.000000 0.000000
0.953310 0.301995 0.000000 107.070290 -0.301995 0.953310 0.000000 -16.781829 0.000000 0.000000 1.000000 0.000000
0.953900 0.300126 0.000000 107.674263 -0.300126 0.953900 0.000000 -16.992673 0.000000 0.000000 1.000000 0.000000
0.953765 0.300552 0.000000 108.246648 -0.300552 0.953765 0.000000 -17.174942 0.000000 0.000000 1.000000 0.000000
0.953746 0.300613 0.000000 108.859449 -0.300613 0.953746 0.000000 -17.368595 0.000000 0.000000 1.000000 0.000000
0.953589 0.301112 0.000000 109.437206 -0.301112 0.953589 0.000000 -17.552191 0.000000 0.000000 1.000000 0.000000
0.952775 0.303678 0.000000 110.060299 -0.303678 0.952775 0.000000 -17.768319 0.000000 0.000000 1.000000 0.000000
0.952124 0.305712 0.000000 110.678216 -0.305712 0.952124 0.000000 -17.975875 0.000000 0.000000 1.000000 0.000000
0.951774 0.306800 0.000000 111.307647 -0.306800 0.951774 0.000000 -18.182194 0.000000 0.000000 1.000000 0.000000
0.952099 0.305790 0.000000 112.084913 -0.305790 0.952099 0.000000 -18.444027 0.000000 0.000000 1.000000 0.000000
0.952003 0.306088 0.000000 112.677094 -0.306088 0.952003 0.000000 -18.626799 0.000000 0.000000 1.000000 0.000000
0.950109 0.311917 0.000000 113.310558 -0.311917 0.950109 0.000000 -18.840635 0.000000 0.000000 1.000000 0.000000
0.950720 0.310050 0.000000 114.313034 -0.310050 0.950720 0.000000 -19.170780 0.000000 0.000000 1.000000 0.000000
0.950512 0.310688 0.000000 114.946366 -0.310688 0.950512 0.000000 -19.382059 0.000000 0.000000 1.000000 0.000000
0.950319 0.311277 0.000000 115.586921 -0.311277 0.950319 0.000000 -19.597375 0.000000 0.000000 1.000000 0.000000
0.949364 0.314178 0.000000 116.227572 -0.314178 0.949364 0.000000 -19.822397 0.000000 0.000000 1.000000 0.000000
0.949234 0.314572 0.000000 116.853988 -0.314572 0.949234 0.000000 -20.047252 0.000000 0.000000 1.000000 0.000000
0.948999 0.315280 0.000000 117.495085 -0.315280 0.948999 0.000000 -20.270852 0.000000 0.000000 1.000000 0.000000
0.949311 0.314337 0.000000 118.091025 -0.314337 0.949311 0.000000 -20.484266 0.000000 0.000000 1.000000 0.000000
0.949194 0.314691 0.000000 119.213336 -0.314691 0.949194 0.000000 -20.872677 0.000000 0.000000 1.000000 0.000000
0.949087 0.315014 0.000000 119.853458 -0.315014 0.949087 0.000000 -21.094160 0.000000 0.000000 1.000000 0.000000
0.949233 0.314573 0.000000 120.492735 -0.314573 0.949233 0.000000 -21.319651 0.000000 0.000000 1.000000 0.000000
0.949083 0.315027 0.000000 121.128621 -0.315027 0.949083 0.000000 -21.542586 0.000000 0.000000 1.000000 0.000000
0.948432 0.316980 0.000000 122.425061 -0.316980 0.948432 0.000000 -21.982839 0.000000 0.000000 1.000000 0.000000
0.948584 0.316525 0.000000 123.014482 -0.316525 0.948584 0.000000 -22.183542 0.000000 0.000000 1.000000 0.000000
0.947585 0.319503 0.000000 123.658259 -0.319503 0.947585 0.000000 -22.412555 0.000000 0.000000 1.000000 0.000000
0.947540 0.319637 0.000000 124.251219 -0.319637 0.947540 0.000000 -22.627360 0.000000 0.000000 1.000000 0.000000
0.947367 0.320150 0.000000 124.844425 -0.320150 0.947367 0.000000 -22.828157 0.000000 0.000000 1.000000 0.000000
0.940717 0.339193 0.000000 129.445928 -0.339193 0.940717 0.000000 -24.541965 0.000000 0.000000 1.000000 0.000000
0.942364 0.334589 0.000000 130.082878 -0.334589 0.942364 0.000000 -24.773195 0.000000 0.000000 1.000000 0.000000
0.941942 0.335776 0.000000 130.679109 -0.335776 0.941942 0.000000 -24.999454 0.000000 0.000000 1.000000 0.000000
0.943207 0.332205 0.000000 131.289904 -0.332205 0.943207 0.000000 -25.237803 0.000000 0.000000 1.000000 0.000000
0.942561 0.334034 0.000000 131.878605 -0.334034 0.942561 0.000000 -25.465302 0.000000 0.000000 1.000000 0.000000
0.943735 0.330702 0.000000 132.482580 -0.330702 0.943735 0.000000 -25.688646 0.000000 0.000000 1.000000 0.000000
0.942136 0.335230 0.000000 133.098783 -0.335230 0.942136 0.000000 -25.924064 0.000000 0.000000 1.000000 0.000000
0.942548 0.334070 0.000000 133.892594 -0.334070 0.942548 0.000000 -26.213528 0.000000 0.000000 1.000000 0.000000
0.942003 0.335605 0.000000 134.497413 -0.335605 0.942003 0.000000 -26.437960 0.000000 0.000000 1.000000 0.000000
0.940717 0.339193 0.000000 135.115715 -0.339193 0.940717 0.000000 -26.649734 0.000000 0.000000 1.000000 0.000000
0.940705 0.339226 0.000000 136.004837 -0.339226 0.940705 0.000000 -26.973521 0.000000 0.000000 1.000000 0.000000
0.940853 0.338815 0.000000 136.614818 -0.338815 0.940853 0.000000 -27.201808 0.000000 0.000000 1.000000 0.000000
0.940700 0.339239 0.000000 137.229499 -0.339239 0.940700 0.000000 -27.428280 0.000000 0.000000 1.000000 0.000000
0.940824 0.338896 0.000000 137.830047 -0.338896 0.940824 0.000000 -27.652869 0.000000 0.000000 1.000000 0.000000
0.940764 0.339063 0.000000 138.431674 -0.339063 0.940764 0.000000 -27.884650 0.000000 0.000000 1.000000 0.000000
0.940260 0.340458 0.000000 139.327739 -0.340458 0.940260 0.000000 -28.218913 0.000000 0.000000 1.000000 0.000000
0.939961 0.341282 0.000000 139.908060 -0.341282 0.939961 0.000000 -28.443748 0.000000 0.000000 1.000000 0.000000
0.939550 0.342410 0.000000 140.505114 -0.342410 0.939550 0.000000 -28.663999 0.000000 0.000000 1.000000 0.000000
0.938925 0.344121 0.000000 141.061598 -0.344121 0.938925 0.000000 -28.880433 0.000000 0.000000 1.000000 0.000000
0.938108 0.346344 0.000000 141.829307 -0.346344 0.938108 0.000000 -29.179886 0.000000 0.000000 1.000000 0.000000
0.937577 0.347778 0.000000 142.415479 -0.347778 0.937577 0.000000 -29.413356 0.000000 0.000000 1.000000 0.000000
0.937319 0.348473 0.000000 143.003224 -0.348473 0.937319 0.000000 -29.639424 0.000000 0.000000 1.000000 0.000000
0.937697 0.347454 0.000000 143.589318 -0.347454 0.937697 0.000000 -29.867480 0.000000 0.000000 1.000000 0.000000
0.938663 0.344837 0.000000 144.177664 -0.344837 0.938663 0.000000 -30.089725 0.000000 0.000000 1.000000 0.000000
0.938425 0.345483 0.000000 145.308482 -0.345483 0.938425 0.000000 -30.529796 0.000000 0.000000 1.000000 0.000000
0.939135 0.343548 0.000000 145.851917 -0.343548 0.939135 0.000000 -30.726354 0.000000 0.000000 1.000000 0.000000
0.936570 0.350481 0.000000 146.418805 -0.350481 0.936570 0.000000 -30.930880 0.000000 0.000000 1.000000 0.000000
0.937211 0.348764 0.000000 146.982216 -0.348764 0.937211 0.000000 -31.154210 0.000000 0.000000 1.000000 0.000000
0.936100 0.351733 0.000000 147.518819 -0.351733 0.936100 0.000000 -31.366156 0.000000 0.000000 1.000000 0.000000
0.936471 0.350745 0.000000 148.084545 -0.350745 0.936471 0.000000 -31.594955 0.000000 0.000000 1.000000 0.000000
0.938410 0.345524 0.000000 148.775426 -0.345524 0.938410 0.000000 -31.871786 0.000000 0.000000 1.000000 0.000000
0.939087 0.343680 0.000000 149.335126 -0.343680 0.939087 0.000000 -32.094315 0.000000 0.000000 1.000000 0.000000
0.938929 0.344111 0.000000 149.857728 -0.344111 0.938929 0.000000 -32.297054 0.000000 0.000000 1.000000 0.000000
0.938828 0.344386 0.000000 150.419605 -0.344386 0.938828 0.000000 -32.514377 0.000000 0.000000 1.000000 0.000000
0.938493 0.345298 0.000000 150.976390 -0.345298 0.938493 0.000000 -32.733459 0.000000 0.000000 1.000000 0.000000
0.938259 0.345935 0.000000 151.499428 -0.345935 0.938259 0.000000 -32.937436 0.000000 0.000000 1.000000 0.000000
0.937733 0.347357 0.000000 152.054945 -0.347357 0.937733 0.000000 -33.157195 0.000000 0.000000 1.000000 0.000000
0.938785 0.344505 0.000000 152.581961 -0.344505 0.938785 0.000000 -33.358784 0.000000 0.000000 1.000000 0.000000
0.938421 0.345494 0.000000 153.135611 -0.345494 0.938421 0.000000 -33.571067 0.000000 0.000000 1.000000 0.000000
0.937660 0.347553 0.000000 153.683793 -0.347553 0.937660 0.000000 -33.784772 0.000000 0.000000 1.000000 0.000000
0.937620 0.347662 0.000000 154.387624 -0.347662 0.937620 0.000000 -34.060986 0.000000 0.000000 1.000000 0.000000
0.936810 0.349837 0.000000 154.910610 -0.349837 0.936810 0.000000 -34.252461 0.000000 0.000000 1.000000 0.000000
0.936213 0.351434 0.000000 155.458249 -0.351434 0.936213 0.000000 -34.462598 0.000000 0.000000 1.000000 0.000000
0.935586 0.353098 0.000000 155.970862 -0.353098 0.935586 0.000000 -34.663583 0.000000 0.000000 1.000000 0.000000
0.935298 0.353860 0.000000 156.516606 -0.353860 0.935298 0.000000 -34.868658 0.000000 0.000000 1.000000 0.000000
0.935170 0.354199 0.000000 157.033535 -0.354199 0.935170 0.000000 -35.061713 0.000000 0.000000 1.000000 0.000000
0.935019 0.354597 0.000000 157.735799 -0.354597 0.935019 0.000000 -35.329881 0.000000 0.000000 1.000000 0.000000
0.934979 0.354704 0.000000 158.245269 -0.354704 0.934979 0.000000 -35.526988 0.000000 0.000000 1.000000 0.000000
0.932474 0.361236 0.000000 158.783309 -0.361236 0.932474 0.000000 -35.746620 0.000000 0.000000 1.000000 0.000000
0.932456 0.361284 0.000000 159.284656 -0.361284 0.932456 0.000000 -35.948119 0.000000 0.000000 1.000000 0.000000
0.931832 0.362891 0.000000 159.821916 -0.362891 0.931832 0.000000 -36.164182 0.000000 0.000000 1.000000 0.000000
0.931770 0.363049 0.000000 160.326693 -0.363049 0.931770 0.000000 -36.363572 0.000000 0.000000 1.000000 0.000000
0.931482 0.363788 0.000000 161.049017 -0.363788 0.931482 0.000000 -36.659042 0.000000 0.000000 1.000000 0.000000
0.931253 0.364374 0.000000 161.591380 -0.364374 0.931253 0.000000 -36.876958 0.000000 0.000000 1.000000 0.000000
0.932055 0.362317 0.000000 162.127762 -0.362317 0.932055 0.000000 -37.099528 0.000000 0.000000 1.000000 0.000000
0.932779 0.360450 0.000000 162.661931 -0.360450 0.932779 0.000000 -37.311814 0.000000 0.000000 1.000000 0.000000
0.933591 0.358341 0.000000 163.189480 -0.358341 0.933591 0.000000 -37.527925 0.000000 0.000000 1.000000 0.000000
0.932551 0.361037 0.000000 163.716323 -0.361037 0.932551 0.000000 -37.743386 0.000000 0.000000 1.000000 0.000000
0.933338 0.358999 0.000000 164.252147 -0.358999 0.933338 0.000000 -37.958416 0.000000 0.000000 1.000000 0.000000
0.934425 0.356159 0.000000 164.760537 -0.356159 0.934425 0.000000 -38.162348 0.000000 0.000000 1.000000 0.000000
0.935506 0.353311 0.000000 165.291714 -0.353311 0.935506 0.000000 -38.375530 0.000000 0.000000 1.000000 0.000000
0.935557 0.353176 0.000000 165.835980 -0.353176 0.935557 0.000000 -38.596937 0.000000 0.000000 1.000000 0.000000
0.935790 0.352559 0.000000 166.338567 -0.352559 0.935790 0.000000 -38.794147 0.000000 0.000000 1.000000 0.000000
0.936111 0.351704 0.000000 166.875692 -0.351704 0.936111 0.000000 -39.014978 0.000000 0.000000 1.000000 0.000000
0.937208 0.348770 0.000000 167.383180 -0.348770 0.937208 0.000000 -39.208074 0.000000 0.000000 1.000000 0.000000
0.937641 0.347604 0.000000 167.921028 -0.347604 0.937641 0.000000 -39.418574 0.000000 0.000000 1.000000 0.000000
0.939313 0.343062 0.000000 168.448064 -0.343062 0.939313 0.000000 -39.634410 0.000000 0.000000 1.000000 0.000000
0.940817 0.338915 0.000000 168.995329 -0.338915 0.940817 0.000000 -39.848588 0.000000 0.000000 1.000000 0.000000
0.941702 0.336448 0.000000 169.496360 -0.336448 0.941702 0.000000 -40.044510 0.000000 0.000000 1.000000 0.000000
0.942995 0.332808 0.000000 170.035067 -0.332808 0.942995 0.000000 -40.245475 0.000000 0.000000 1.000000 0.000000
0.944105 0.329645 0.000000 170.520723 -0.329645 0.944105 0.000000 -40.442860 0.000000 0.000000 1.000000 0.000000
0.946113 0.323838 0.000000 171.065099 -0.323838 0.946113 0.000000 -40.647591 0.000000 0.000000 1.000000 0.000000
0.947671 0.319248 0.000000 171.768670 -0.319248 0.947671 0.000000 -40.905227 0.000000 0.000000 1.000000 0.000000
0.948115 0.317926 0.000000 172.307503 -0.317926 0.948115 0.000000 -41.083380 0.000000 0.000000 1.000000 0.000000
0.948860 0.315697 0.000000 172.801034 -0.315697 0.948860 0.000000 -41.263444 0.000000 0.000000 1.000000 0.000000
0.948471 0.316865 0.000000 173.345296 -0.316865 0.948471 0.000000 -41.456641 0.000000 0.000000 1.000000 0.000000
0.948981 0.315334 0.000000 174.023857 -0.315334 0.948981 0.000000 -41.681514 0.000000 0.000000 1.000000 0.000000
0.950344 0.311203 0.000000 175.090114 -0.311203 0.950344 0.000000 -42.049255 0.000000 0.000000 1.000000 0.000000
0.950141 0.311820 0.000000 175.620570 -0.311820 0.950141 0.000000 -42.240570 0.000000 0.000000 1.000000 0.000000
0.950866 0.309602 0.000000 176.160207 -0.309602 0.950866 0.000000 -42.416274 0.000000 0.000000 1.000000 0.000000
0.950664 0.310224 0.000000 176.693502 -0.310224 0.950664 0.000000 -42.600338 0.000000 0.000000 1.000000 0.000000
0.951080 0.308945 0.000000 177.231042 -0.308945 0.951080 0.000000 -42.779936 0.000000 0.000000 1.000000 0.000000
0.951374 0.308038 0.000000 177.759005 -0.308038 0.951374 0.000000 -42.946306 0.000000 0.000000 1.000000 0.000000
0.950885 0.309545 0.000000 178.310795 -0.309545 0.950885 0.000000 -43.127901 0.000000 0.000000 1.000000 0.000000
0.951060 0.309005 0.000000 178.836969 -0.309005 0.951060 0.000000 -43.306812 0.000000 0.000000 1.000000 0.000000
0.950452 0.310873 0.000000 179.324910 -0.310873 0.950452 0.000000 -43.468640 0.000000 0.000000 1.000000 0.000000
0.949959 0.312374 0.000000 179.805828 -0.312374 0.949959 0.000000 -43.643687 0.000000 0.000000 1.000000 0.000000
0.950069 0.312041 0.000000 180.329160 -0.312041 0.950069 0.000000 -43.823294 0.000000 0.000000 1.000000 0.000000
0.950496 0.310738 0.000000 180.824054 -0.310738 0.950496 0.000000 -43.986424 0.000000 0.000000 1.000000 0.000000
0.951340 0.308144 0.000000 181.347769 -0.308144 0.951340 0.000000 -44.147688 0.000000 0.000000 1.000000 0.000000
0.951782 0.306776 0.000000 181.844119 -0.306776 0.951782 0.000000 -44.300448 0.000000 0.000000 1.000000 0.000000
0.951751 0.306871 0.000000 182.366782 -0.306871 0.951751 0.000000 -44.470462 0.000000 0.000000 1.000000 0.000000
0.951802 0.306712 0.000000 182.850150 -0.306712 0.951802 0.000000 -44.625119 0.000000 0.000000 1.000000 0.000000
0.952816 0.303549 0.000000 183.365881 -0.303549 0.952816 0.000000 -44.795904 0.000000 0.000000 1.000000 0.000000
0.953254 0.302169 0.000000 183.842286 -0.302169 0.953254 0.000000 -44.950115 0.000000 0.000000 1.000000 0.000000
0.953290 0.302058 0.000000 184.361671 -0.302058 0.953290 0.000000 -45.111500 0.000000 0.000000 1.000000 0.000000
0.953324 0.301950 0.000000 184.843568 -0.301950 0.953324 0.000000 -45.259490 0.000000 0.000000 1.000000 0.000000
0.952881 0.303345 0.000000 185.356531 -0.303345 0.952881 0.000000 -45.417609 0.000000 0.000000 1.000000 0.000000
0.954015 0.299757 0.000000 185.985284 -0.299757 0.954015 0.000000 -45.638166 0.000000 0.000000 1.000000 0.000000
0.955237 0.295842 0.000000 186.488809 -0.295842 0.955237 0.000000 -45.794576 0.000000 0.000000 1.000000 0.000000
0.956485 0.291783 0.000000 186.982990 -0.291783 0.956485 0.000000 -45.961533 0.000000 0.000000 1.000000 0.000000
0.956637 0.291284 0.000000 187.459123 -0.291284 0.956637 0.000000 -46.108415 0.000000 0.000000 1.000000 0.000000
0.958645 0.284605 0.000000 188.158554 -0.284605 0.958645 0.000000 -46.330708 0.000000 0.000000 1.000000 0.000000
0.959298 0.282396 0.000000 188.665847 -0.282396 0.959298 0.000000 -46.487079 0.000000 0.000000 1.000000 0.000000
0.959972 0.280097 0.000000 189.173934 -0.280097 0.959972 0.000000 -46.636901 0.000000 0.000000 1.000000 0.000000
0.960804 0.277227 0.000000 189.673947 -0.277227 0.960804 0.000000 -46.786613 0.000000 0.000000 1.000000 0.000000
0.962698 0.270577 0.000000 190.173894 -0.270577 0.962698 0.000000 -46.932088 0.000000 0.000000 1.000000 0.000000
0.965864 0.259049 0.000000 191.166352 -0.259049 0.965864 0.000000 -47.212438 0.000000 0.000000 1.000000 0.000000
0.967550 0.252679 0.000000 191.653950 -0.252679 0.967550 0.000000 -47.326346 0.000000 0.000000 1.000000 0.000000
0.969415 0.245428 0.000000 192.137520 -0.245428 0.969415 0.000000 -47.458788 0.000000 0.000000 1.000000 0.000000
0.971392 0.237481 0.000000 192.591656 -0.237481 0.971392 0.000000 -47.578740 0.000000 0.000000 1.000000 0.000000
0.973048 0.230602 0.000000 193.082869 -0.230602 0.973048 0.000000 -47.695011 0.000000 0.000000 1.000000 0.000000
0.975067 0.221911 0.000000 193.544476 -0.221911 0.975067 0.000000 -47.806086 0.000000 0.000000 1.000000 0.000000
0.979225 0.202776 0.000000 194.478679 -0.202776 0.979225 0.000000 -48.016854 0.000000 0.000000 1.000000 0.000000
0.980978 0.194121 0.000000 194.959990 -0.194121 0.980978 0.000000 -48.115767 0.000000 0.000000 1.000000 0.000000
0.983024 0.183476 0.000000 195.404849 -0.183476 0.983024 0.000000 -48.209306 0.000000 0.000000 1.000000 0.000000
0.985082 0.172086 0.000000 196.073763 -0.172086 0.985082 0.000000 -48.338310 0.000000 0.000000 1.000000 0.000000
0.986833 0.161743 0.000000 196.541281 -0.161743 0.986833 0.000000 -48.423056 0.000000 0.000000 1.000000 0.000000
0.988483 0.151333 0.000000 197.004968 -0.151333 0.988483 0.000000 -48.509361 0.000000 0.000000 1.000000 0.000000
0.989969 0.141287 0.000000 197.446920 -0.141287 0.989969 0.000000 -48.582935 0.000000 0.000000 1.000000 0.000000
0.991143 0.132802 0.000000 197.915739 -0.132802 0.991143 0.000000 -48.648822 0.000000 0.000000 1.000000 0.000000
0.993095 0.117315 0.000000 198.380964 -0.117315 0.993095 0.000000 -48.725729 0.000000 0.000000 1.000000 0.000000
