0.999998 0.001933 0.000000 0.829737 -0.001933 0.999998 0.000000 -0.021929 0.000000 0.000000 1.000000 0.000000
1.000000 0.000063 0.000000 1.410483 -0.000063 1.000000 0.000000 -0.033518 0.000000 0.000000 1.000000 0.000000
0.999999 0.001505 0.000000 2.036556 -0.001505 0.999999 0.000000 -0.043204 0.000000 0.000000 1.000000 0.000000
1.000000 -0.000102 0.000000 2.967811 0.000102 1.000000 0.000000 -0.066190 0.000000 0.000000 1.000000 0.000000
0.999996 -0.002722 0.000000 3.587980 0.002722 0.999996 0.000000 -0.089461 0.000000 0.000000 1.000000 0.000000
0.999996 -0.002921 0.000000 4.228653 0.002921 0.999996 0.000000 -0.102454 0.000000 0.000000 1.000000 0.000000
0.999984 -0.005737 0.000000 4.860755 0.005737 0.999984 0.000000 -0.121854 0.000000 0.000000 1.000000 0.000000
0.999959 -0.009096 0.000000 6.116657 0.009096 0.999959 0.000000 -0.143037 0.000000 0.000000 1.000000 0.000000
0.999962 -0.008755 0.000000 6.744457 0.008755 0.999962 0.000000 -0.153739 0.000000 0.000000 1.000000 0.000000
0.999968 -0.008016 0.000000 7.383749 0.008016 0.999968 0.000000 -0.162324 0.000000 0.000000 1.000000 0.000000
0.999977 -0.006848 0.000000 8.019203 0.006848 0.999977 0.000000 -0.168038 0.000000 0.000000 1.000000 0.000000
0.999967 -0.008141 0.000000 8.688858 0.008141 0.999967 0.000000 -0.182737 0.000000 0.000000 1.000000 0.000000
0.999964 -0.008480 0.000000 9.310437 0.008480 0.999964 0.000000 -0.208160 0.000000 0.000000 1.000000 0.000000
0.999962 -0.008757 0.000000 9.937613 0.008757 0.999962 0.000000 -0.215094 0.000000 0.000000 1.000000 0.000000
0.999951 -0.009947 0.000000 10.565075 0.009947 0.999951 0.000000 -0.218349 0.000000 0.000000 1.000000 0.000000
0.999937 -0.011198 0.000000 11.189706 0.011198 0.999937 0.000000 -0.227830 0.000000 0.000000 1.000000 0.000000
0.999940 -0.010945 0.000000 11.806202 0.010945 0.999940 0.000000 -0.229847 0.000000 0.000000 1.000000 0.000000
0.999951 -0.009867 0.000000 12.432483 0.009867 0.999951 0.000000 -0.239134 0.000000 0.000000 1.000000 0.000000
0.999940 -0.010979 0.000000 13.048628 0.010979 0.999940 0.000000 -0.258497 0.000000 0.000000 1.000000 0.000000
0.999947 -0.010316 0.000000 13.690979 0.010316 0.999947 0.000000 -0.268878 0.000000 0.000000 1.000000 0.000000
0.999936 -0.011273 0.000000 14.272742 0.011273 0.999936 0.000000 -0.272835 0.000000 0.000000 1.000000 0.000000
0.999935 -0.011378 0.000000 14.891395 0.011378 0.999935 0.000000 -0.283185 0.000000 0.000000 1.000000 0.000000
0.999940 -0.010940 0.000000 15.506896 0.010940 0.999940 0.000000 -0.297150 0.000000 0.000000 1.000000 0.000000
0.999918 -0.012811 0.000000 16.152199 0.012811 0.999918 0.000000 -0.306161 0.000000 0.000000 1.000000 0.000000
0.999901 -0.014047 0.000000 16.770475 0.014047 0.999901 0.000000 -0.308861 0.000000 0.000000 1.000000 0.000000
0.999888 -0.014978 0.000000 17.392099 0.014978 0.999888 0.000000 -0.316552 0.000000 0.000000 1.000000 0.000000
0.999873 -0.015909 0.000000 18.013765 0.015909 0.999873 0.000000 -0.324007 0.000000 0.000000 1.000000 0.000000
0.999891 -0.014739 0.000000 18.641705 0.014739 0.999891 0.000000 -0.331627 0.000000 0.000000 1.000000 0.000000
0.999855 -0.017014 0.000000 19.261183 0.017014 0.999855 0.000000 -0.335845 0.000000 0.000000 1.000000 0.000000
0.999852 -0.017223 0.000000 19.860071 0.017223 0.999852 0.000000 -0.343253 0.000000 0.000000 1.000000 0.000000
0.999827 -0.018587 0.000000 20.487931 0.018587 0.999827 0.000000 -0.346731 0.000000 0.000000 1.000000 0.000000
0.999854 -0.017077 0.000000 21.115177 0.017077 0.999854 0.000000 -0.350850 0.000000 0.000000 1.000000 0.000000
0.999883 -0.015292 0.000000 21.693822 0.015292 0.999883 0.000000 -0.353077 0.000000 0.000000 1.000000 0.000000
0.999842 -0.017802 0.000000 22.320053 0.017802 0.999842 0.000000 -0.364966 0.000000 0.000000 1.000000 0.000000
0.999797 -0.020140 0.000000 22.929458 0.020140 0.999797 0.000000 -0.369858 0.000000 0.000000 1.000000 0.000000
0.999759 -0.021944 0.000000 23.521688 0.021944 0.999759 0.000000 -0.378101 0.000000 0.000000 1.000000 0.000000
0.999767 -0.021563 0.000000 24.143074 0.021563 0.999767 0.000000 -0.378546 0.000000 0.000000 1.000000 0.000000
0.999784 -0.020792 0.000000 24.769424 0.020792 0.999784 0.000000 -0.384544 0.000000 0.000000 1.000000 0.000000
0.999788 -0.020605 0.000000 25.387142 0.020605 0.999788 0.000000 -0.390037 0.000000 0.000000 1.000000 0.000000
0.999814 -0.019310 0.000000 25.972457 0.019310 0.999814 0.000000 -0.389332 0.000000 0.000000 1.000000 0.000000
0.999879 -0.015580 0.000000 26.604592 0.015580 0.999879 0.000000 -0.397318 0.000000 0.000000 1.000000 0.000000
0.999893 -0.014606 0.000000 27.193354 0.014606 0.999893 0.000000 -0.406202 0.000000 0.000000 1.000000 0.000000
0.999884 -0.015236 0.000000 27.830066 0.015236 0.999884 0.000000 -0.411228 0.000000 0.000000 1.000000 0.000000
0.999857 -0.016938 0.000000 28.464204 0.016938 0.999857 0.000000 -0.419221 0.000000 0.000000 1.000000 0.000000
0.999831 -0.018404 0.000000 29.288717 0.018404 0.999831 0.000000 -0.433660 0.000000 0.000000 1.000000 0.000000
0.999844 -0.017668 0.000000 29.936329 0.017668 0.999844 0.000000 -0.429827 0.000000 0.000000 1.000000 0.000000
0.999862 -0.016587 0.000000 30.575036 0.016587 0.999862 0.000000 -0.426146 0.000000 0.000000 1.000000 0.000000
0.999878 -0.015612 0.000000 31.211156 0.015612 0.999878 0.000000 -0.425173 0.000000 0.000000 1.000000 0.000000
0.999894 -0.014591 0.000000 31.835966 0.014591 0.999894 0.000000 -0.426901 0.000000 0.000000 1.000000 0.000000
0.999873 -0.015943 0.000000 32.480090 0.015943 0.999873 0.000000 -0.432985 0.000000 0.000000 1.000000 0.000000
0.999902 -0.013994 0.000000 33.121486 0.013994 0.999902 0.000000 -0.438160 0.000000 0.000000 1.000000 0.000000
0.999921 -0.012563 0.000000 33.769119 0.012563 0.999921 0.000000 -0.441187 0.000000 0.000000 1.000000 0.000000
0.999949 -0.010130 0.000000 34.405268 0.010130 0.999949 0.000000 -0.440946 0.000000 0.000000 1.000000 0.000000
0.999951 -0.009865 0.000000 35.046565 0.009865 0.999951 0.000000 -0.449297 0.000000 0.000000 1.000000 0.000000
0.999971 -0.007611 0.000000 35.686100 0.007611 0.999971 0.000000 -0.451808 0.000000 0.000000 1.000000 0.000000
0.999961 -0.008854 0.000000 36.316969 0.008854 0.999961 0.000000 -0.463737 0.000000 0.000000 1.000000 0.000000
0.999968 -0.007964 0.000000 36.950661 0.007964 0.999968 0.000000 -0.472616 0.000000 0.000000 1.000000 0.000000
0.999977 -0.006843 0.000000 37.580906 0.006843 0.999977 0.000000 -0.478547 0.000000 0.000000 1.000000 0.000000
0.999970 -0.007787 0.000000 38.181251 0.007787 0.999970 0.000000 -0.489998 0.000000 0.000000 1.000000 0.000000
0.999981 -0.006152 0.000000 38.824403 0.006152 0.999981 0.000000 -0.497904 0.000000 0.000000 1.000000 0.000000
0.999994 -0.003328 0.000000 39.451202 0.003328 0.999994 0.000000 -0.501605 0.000000 0.000000 1.000000 0.000000
0.999994 -0.003462 0.000000 40.098025 0.003462 0.999994 0.000000 -0.511027 0.000000 0.000000 1.000000 0.000000
0.999987 -0.005097 0.000000 40.728248 0.005097 0.999987 0.000000 -0.521047 0.000000 0.000000 1.000000 0.000000
0.999990 -0.004528 0.000000 41.364928 0.004528 0.999990 0.000000 -0.526832 0.000000 0.000000 1.000000 0.000000
0.999996 -0.002963 0.000000 42.006057 0.002963 0.999996 0.000000 -0.539928 0.000000 0.000000 1.000000 0.000000
0.999998 -0.001984 0.000000 42.651471 0.001984 0.999998 0.000000 -0.548303 0.000000 0.000000 1.000000 0.000000
0.999999 -0.001447 0.000000 43.297765 0.001447 0.999999 0.000000 -0.551005 0.000000 0.000000 1.000000 0.000000
1.000000 0.000603 0.000000 43.936347 -0.000603 1.000000 0.000000 -0.556479 0.000000 0.000000 1.000000 0.000000
1.000000 0.000809 0.000000 44.585939 -0.000809 1.000000 0.000000 -0.568186 0.000000 0.000000 1.000000 0.000000
1.000000 -0.000945 0.000000 45.196855 0.000945 1.000000 0.000000 -0.583250 0.000000 0.000000 1.000000 0.000000
0.999999 0.001449 0.000000 45.854036 -0.001449 0.999999 0.000000 -0.578691 0.000000 0.000000 1.000000 0.000000
0.999998 0.001970 0.000000 46.511930 -0.001970 0.999998 0.000000 -0.584560 0.000000 0.000000 1.000000 0.000000
0.999991 0.004127 0.000000 47.173461 -0.004127 0.999991 0.000000 -0.597968 0.000000 0.000000 1.000000 0.000000
1.000000 0.000070 0.000000 47.842764 -0.000070 1.000000 0.000000 -0.613850 0.000000 0.000000 1.000000 0.000000
0.999997 -0.002449 0.000000 48.487942 0.002449 0.999997 0.000000 -0.629497 0.000000 0.000000 1.000000 0.000000
0.999997 -0.002352 0.000000 49.102145 0.002352 0.999997 0.000000 -0.639498 0.000000 0.000000 1.000000 0.000000
0.999999 -0.001450 0.000000 49.752986 0.001450 0.999999 0.000000 -0.643782 0.000000 0.000000 1.000000 0.000000
0.999999 0.001163 0.000000 50.406453 -0.001163 0.999999 0.000000 -0.645430 0.000000 0.000000 1.000000 0.000000
0.999998 0.001912 0.000000 51.072153 -0.001912 0.999998 0.000000 -0.653891 0.000000 0.000000 1.000000 0.000000
1.000000 0.000655 0.000000 51.734787 -0.000655 1.000000 0.000000 -0.666248 0.000000 0.000000 1.000000 0.000000
0.999996 -0.002694 0.000000 52.393939 0.002694 0.999996 0.000000 -0.674225 0.000000 0.000000 1.000000 0.000000
0.999999 -0.001153 0.000000 53.423266 0.001153 0.999999 0.000000 -0.695907 0.000000 0.000000 1.000000 0.000000
0.999993 -0.003634 0.000000 54.109910 0.003634 0.999993 0.000000 -0.710219 0.000000 0.000000 1.000000 0.000000
1.000000 -0.000543 0.000000 54.746040 0.000543 1.000000 0.000000 -0.723023 0.000000 0.000000 1.000000 0.000000
0.999999 -0.001212 0.000000 55.402200 0.001212 0.999999 0.000000 -0.735199 0.000000 0.000000 1.000000 0.000000
0.999999 -0.001329 0.000000 56.068897 0.001329 0.999999 0.000000 -0.745693 0.000000 0.000000 1.000000 0.000000
0.999998 -0.002147 0.000000 56.724224 0.002147 0.999998 0.000000 -0.758030 0.000000 0.000000 1.000000 0.000000
0.999999 -0.001090 0.000000 57.377551 0.001090 0.999999 0.000000 -0.769248 0.000000 0.000000 1.000000 0.000000
0.999998 -0.002102 0.000000 58.027483 0.002102 0.999998 0.000000 -0.784684 0.000000 0.000000 1.000000 0.000000
0.999993 -0.003642 0.000000 59.369205 0.003642 0.999993 0.000000 -0.791882 0.000000 0.000000 1.000000 0.000000
0.999995 -0.003298 0.000000 60.014660 0.003298 0.999995 0.000000 -0.785383 0.000000 0.000000 1.000000 0.000000
0.999981 -0.006186 0.000000 60.654634 0.006186 0.999981 0.000000 -0.781744 0.000000 0.000000 1.000000 0.000000
0.999987 -0.005074 0.000000 61.293111 0.005074 0.999987 0.000000 -0.781743 0.000000 0.000000 1.000000 0.000000
0.999997 -0.002367 0.000000 61.927035 0.002367 0.999997 0.000000 -0.781193 0.000000 0.000000 1.000000 0.000000
1.000000 -0.000094 0.000000 62.592280 0.000094 1.000000 0.000000 -0.787803 0.000000 0.000000 1.000000 0.000000
1.000000 0.000321 0.000000 63.225705 -0.000321 1.000000 0.000000 -0.794401 0.000000 0.000000 1.000000 0.000000
0.999999 0.001145 0.000000 63.828659 -0.001145 0.999999 0.000000 -0.798651 0.000000 0.000000 1.000000 0.000000
1.000000 0.000224 0.000000 64.456093 -0.000224 1.000000 0.000000 -0.811041 0.000000 0.000000 1.000000 0.000000
1.000000 0.000324 0.000000 65.048432 -0.000324 1.000000 0.000000 -0.821780 0.000000 0.000000 1.000000 0.000000
0.999999 0.001068 0.000000 65.678160 -0.001068 0.999999 0.000000 -0.841845 0.000000 0.000000 1.000000 0.000000
0.999998 0.002022 0.000000 66.302161 -0.002022 0.999998 0.000000 -0.858078 0.000000 0.000000 1.000000 0.000000
0.999998 0.002154 0.000000 66.882994 -0.002154 0.999998 0.000000 -0.869750 0.000000 0.000000 1.000000 0.000000
0.999995 0.003289 0.000000 67.500502 -0.003289 0.999995 0.000000 -0.880628 0.000000 0.000000 1.000000 0.000000
0.999999 0.001205 0.000000 68.108434 -0.001205 0.999999 0.000000 -0.898997 0.000000 0.000000 1.000000 0.000000
0.999999 0.001337 0.000000 68.672984 -0.001337 0.999999 0.000000 -0.918078 0.000000 0.000000 1.000000 0.000000
1.000000 0.000024 0.000000 69.278412 -0.000024 1.000000 0.000000 -0.936141 0.000000 0.000000 1.000000 0.000000
1.000000 0.000050 0.000000 69.846965 -0.000050 1.000000 0.000000 -0.943378 0.000000 0.000000 1.000000 0.000000
0.999994 0.003554 0.000000 70.458650 -0.003554 0.999994 0.000000 -0.950854 0.000000 0.000000 1.000000 0.000000
0.999991 0.004148 0.000000 71.063204 -0.004148 0.999991 0.000000 -0.960683 0.000000 0.000000 1.000000 0.000000
0.999992 0.004051 0.000000 71.901639 -0.004051 0.999992 0.000000 -0.980236 0.000000 0.000000 1.000000 0.000000
0.999987 0.005038 0.000000 72.504465 -0.005038 0.999987 0.000000 -0.991863 0.000000 0.000000 1.000000 0.000000
0.999983 0.005783 0.000000 73.102266 -0.005783 0.999983 0.000000 -1.006850 0.000000 0.000000 1.000000 0.000000
0.999991 0.004318 0.000000 73.694655 -0.004318 0.999991 0.000000 -1.019090 0.000000 0.000000 1.000000 0.000000
0.999992 0.004017 0.000000 74.288222 -0.004017 0.999992 0.000000 -1.028167 0.000000 0.000000 1.000000 0.000000
0.999998 0.001899 0.000000 74.878137 -0.001899 0.999998 0.000000 -1.034983 0.000000 0.000000 1.000000 0.000000
1.000000 0.000836 0.000000 75.510567 -0.000836 1.000000 0.000000 -1.047683 0.000000 0.000000 1.000000 0.000000
0.999999 0.001480 0.000000 76.109233 -0.001480 0.999999 0.000000 -1.059228 0.000000 0.000000 1.000000 0.000000
0.999999 0.001177 0.000000 76.704951 -0.001177 0.999999 0.000000 -1.076253 0.000000 0.000000 1.000000 0.000000
0.999990 0.004491 0.000000 77.896571 -0.004491 0.999990 0.000000 -1.112477 0.000000 0.000000 1.000000 0.000000
0.999995 0.003069 0.000000 78.485248 -0.003069 0.999995 0.000000 -1.126446 0.000000 0.000000 1.000000 0.000000
0.999987 0.005096 0.000000 79.071157 -0.005096 0.999987 0.000000 -1.139705 0.000000 0.000000 1.000000 0.000000
0.999987 0.005112 0.000000 79.649804 -0.005112 0.999987 0.000000 -1.161518 0.000000 0.000000 1.000000 0.000000
0.999989 0.004606 0.000000 80.233711 -0.004606 0.999989 0.000000 -1.178462 0.000000 0.000000 1.000000 0.000000
0.999980 0.006400 0.000000 80.814215 -0.006400 0.999980 0.000000 -1.195897 0.000000 0.000000 1.000000 0.000000
0.999986 0.005326 0.000000 81.390735 -0.005326 0.999986 0.000000 -1.221084 0.000000 0.000000 1.000000 0.000000
0.999993 0.003691 0.000000 81.958811 -0.003691 0.999993 0.000000 -1.231352 0.000000 0.000000 1.000000 0.000000
0.999994 0.003580 0.000000 82.524430 -0.003580 0.999994 0.000000 -1.240950 0.000000 0.000000 1.000000 0.000000
0.999984 0.005671 0.000000 83.074804 -0.005671 0.999984 0.000000 -1.253977 0.000000 0.000000 1.000000 0.000000
0.999983 0.005824 0.000000 83.630039 -0.005824 0.999983 0.000000 -1.263474 0.000000 0.000000 1.000000 0.000000
0.999983 0.005823 0.000000 84.168376 -0.005823 0.999983 0.000000 -1.274339 0.000000 0.000000 1.000000 0.000000
0.999983 0.005780 0.000000 84.702723 -0.005780 0.999983 0.000000 -1.291757 0.000000 0.000000 1.000000 0.000000
0.999972 0.007534 0.000000 85.219148 -0.007534 0.999972 0.000000 -1.308803 0.000000 0.000000 1.000000 0.000000
0.999958 0.009110 0.000000 85.764584 -0.009110 0.999958 0.000000 -1.323848 0.000000 0.000000 1.000000 0.000000
0.999932 0.011640 0.000000 86.291393 -0.011640 0.999932 0.000000 -1.341789 0.000000 0.000000 1.000000 0.000000
0.999904 0.013882 0.000000 86.799636 -0.013882 0.999904 0.000000 -1.352965 0.000000 0.000000 1.000000 0.000000
0.999902 0.014003 0.000000 87.338202 -0.014003 0.999902 0.000000 -1.376247 0.000000 0.000000 1.000000 0.000000
0.999911 0.013357 0.000000 87.860098 -0.013357 0.999911 0.000000 -1.397300 0.000000 0.000000 1.000000 0.000000
0.999910 0.013385 0.000000 88.345691 -0.013385 0.999910 0.000000 -1.415621 0.000000 0.000000 1.000000 0.000000
0.999898 0.014274 0.000000 88.873774 -0.014274 0.999898 0.000000 -1.443065 0.000000 0.000000 1.000000 0.000000
0.999852 0.017232 0.000000 89.392991 -0.017232 0.999852 0.000000 -1.466519 0.000000 0.000000 1.000000 0.000000
0.999860 0.016711 0.000000 89.878985 -0.016711 0.999860 0.000000 -1.489496 0.000000 0.000000 1.000000 0.000000
0.999854 0.017060 0.000000 90.402835 -0.017060 0.999854 0.000000 -1.509954 0.000000 0.000000 1.000000 0.000000
0.999830 0.018452 0.000000 90.924196 -0.018452 0.999830 0.000000 -1.525099 0.000000 0.000000 1.000000 0.000000
0.999789 0.020560 0.000000 91.412673 -0.020560 0.999789 0.000000 -1.548019 0.000000 0.000000 1.000000 0.000000
0.999770 0.021427 0.000000 91.919692 -0.021427 0.999770 0.000000 -1.574946 0.000000 0.000000 1.000000 0.000000
0.999764 0.021734 0.000000 92.403547 -0.021734 0.999764 0.000000 -1.595809 0.000000 0.000000 1.000000 0.000000
0.999715 0.023879 0.000000 92.912475 -0.023879 0.999715 0.000000 -1.619730 0.000000 0.000000 1.000000 0.000000
0.999706 0.024259 0.000000 93.576289 -0.024259 0.999706 0.000000 -1.648836 0.000000 0.000000 1.000000 0.000000
0.999613 0.027806 0.000000 94.076404 -0.027806 0.999613 0.000000 -1.660428 0.000000 0.000000 1.000000 0.000000
0.999559 0.029698 0.000000 94.573934 -0.029698 0.999559 0.000000 -1.679127 0.000000 0.000000 1.000000 0.000000
0.999525 0.030811 0.000000 95.069799 -0.030811 0.999525 0.000000 -1.700404 0.000000 0.000000 1.000000 0.000000
0.999531 0.030619 0.000000 95.557879 -0.030619 0.999531 0.000000 -1.727066 0.000000 0.000000 1.000000 0.000000
0.999561 0.029632 0.000000 96.035993 -0.029632 0.999561 0.000000 -1.755564 0.000000 0.000000 1.000000 0.000000
0.999522 0.030904 0.000000 96.500019 -0.030904 0.999522 0.000000 -1.779728 0.000000 0.000000 1.000000 0.000000
0.999402 0.034568 0.000000 97.459109 -0.034568 0.999402 0.000000 -1.842283 0.000000 0.000000 1.000000 0.000000
0.999341 0.036286 0.000000 97.929629 -0.036286 0.999341 0.000000 -1.879145 0.000000 0.000000 1.000000 0.000000
0.999213 0.039676 0.000000 98.399477 -0.039676 0.999213 0.000000 -1.906488 0.000000 0.000000 1.000000 0.000000
0.999130 0.041708 0.000000 98.869626 -0.041708 0.999130 0.000000 -1.945611 0.000000 0.000000 1.000000 0.000000
0.999084 0.042781 0.000000 99.348983 -0.042781 0.999084 0.000000 -1.984082 0.000000 0.000000 1.000000 0.000000
0.998936 0.046116 0.000000 99.807498 -0.046116 0.998936 0.000000 -2.015287 0.000000 0.000000 1.000000 0.000000
0.998849 0.047969 0.000000 100.273510 -0.047969 0.998849 0.000000 -2.057127 0.000000 0.000000 1.000000 0.000000
0.998650 0.051948 0.000000 100.734268 -0.051948 0.998650 0.000000 -2.094175 0.000000 0.000000 1.000000 0.000000
0.998491 0.054920 0.000000 101.197521 -0.054920 0.998491 0.000000 -2.134110 0.000000 0.000000 1.000000 0.000000
0.998339 0.057605 0.000000 101.657900 -0.057605 0.998339 0.000000 -2.170694 0.000000 0.000000 1.000000 0.000000
0.998196 0.060032 0.000000 102.083878 -0.060032 0.998196 0.000000 -2.210458 0.000000 0.000000 1.000000 0.000000
0.998092 0.061742 0.000000 102.531433 -0.061742 0.998092 0.000000 -2.248468 0.000000 0.000000 1.000000 0.000000
0.997876 0.065140 0.000000 102.975593 -0.065140 0.997876 0.000000 -2.289872 0.000000 0.000000 1.000000 0.000000
0.997826 0.065905 0.000000 103.417361 -0.065905 0.997826 0.000000 -2.337029 0.000000 0.000000 1.000000 0.000000
0.997570 0.069664 0.000000 103.841379 -0.069664 0.997570 0.000000 -2.383762 0.000000 0.000000 1.000000 0.000000
0.997424 0.071735 0.000000 104.265121 -0.071735 0.997424 0.000000 -2.420037 0.000000 0.000000 1.000000 0.000000
0.996805 0.079871 0.000000 104.687174 -0.079871 0.996805 0.000000 -2.459180 0.000000 0.000000 1.000000 0.000000
0.996569 0.082763 0.000000 105.103374 -0.082763 0.996569 0.000000 -2.498123 0.000000 0.000000 1.000000 0.000000
0.996275 0.086229 0.000000 105.515932 -0.086229 0.996275 0.000000 -2.545683 0.000000 0.000000 1.000000 0.000000
0.996270 0.086292 0.000000 105.930906 -0.086292 0.996270 0.000000 -2.589604 0.000000 0.000000 1.000000 0.000000
0.995965 0.089744 0.000000 106.329604 -0.089744 0.995965 0.000000 -2.640778 0.000000 0.000000 1.000000 0.000000
0.996027 0.089053 0.000000 106.725020 -0.089053 0.996027 0.000000 -2.695243 0.000000 0.000000 1.000000 0.000000
0.995412 0.095678 0.000000 107.110317 -0.095678 0.995412 0.000000 -2.733045 0.000000 0.000000 1.000000 0.000000
0.995053 0.099349 0.000000 107.516400 -0.099349 0.995053 0.000000 -2.776018 0.000000 0.000000 1.000000 0.000000
0.995121 0.098661 0.000000 107.900907 -0.098661 0.995121 0.000000 -2.825860 0.000000 0.000000 1.000000 0.000000
0.994783 0.102015 0.000000 108.278041 -0.102015 0.994783 0.000000 -2.863845 0.000000 0.000000 1.000000 0.000000
0.994391 0.105767 0.000000 108.693208 -0.105767 0.994391 0.000000 -2.917356 0.000000 0.000000 1.000000 0.000000
0.993897 0.110310 0.000000 109.090654 -0.110310 0.993897 0.000000 -2.966557 0.000000 0.000000 1.000000 0.000000
0.993516 0.113690 0.000000 109.658639 -0.113690 0.993516 0.000000 -3.052197 0.000000 0.000000 1.000000 0.000000
0.993272 0.115804 0.000000 110.074348 -0.115804 0.993272 0.000000 -3.110281 0.000000 0.000000 1.000000 0.000000
0.993050 0.117696 0.000000 110.486063 -0.117696 0.993050 0.000000 -3.176854 0.000000 0.000000 1.000000 0.000000
0.992800 0.119784 0.000000 110.907130 -0.119784 0.992800 0.000000 -3.232772 0.000000 0.000000 1.000000 0.000000
0.992518 0.122101 0.000000 111.325926 -0.122101 0.992518 0.000000 -3.301411 0.000000 0.000000 1.000000 0.000000
0.992464 0.122535 0.000000 111.744382 -0.122535 0.992464 0.000000 -3.361722 0.000000 0.000000 1.000000 0.000000
0.992384 0.123179 0.000000 112.161162 -0.123179 0.992384 0.000000 -3.430829 0.000000 0.000000 1.000000 0.000000
0.992074 0.125655 0.000000 112.584321 -0.125655 0.992074 0.000000 -3.494994 0.000000 0.000000 1.000000 0.000000
0.991226 0.132179 0.000000 113.315934 -0.132179 0.991226 0.000000 -3.614452 0.000000 0.000000 1.000000 0.000000
0.991210 0.132301 0.000000 113.733844 -0.132301 0.991210 0.000000 -3.694214 0.000000 0.000000 1.000000 0.000000
0.991360 0.131172 0.000000 114.166320 -0.131172 0.991360 0.000000 -3.769580 0.000000 0.000000 1.000000 0.000000
0.991448 0.130503 0.000000 114.593431 -0.130503 0.991448 0.000000 -3.841110 0.000000 0.000000 1.000000 0.000000
0.991568 0.129585 0.000000 115.029308 -0.129585 0.991568 0.000000 -3.905899 0.000000 0.000000 1.000000 0.000000
0.991032 0.133626 0.000000 115.467075 -0.133626 0.991032 0.000000 -3.961784 0.000000 0.000000 1.000000 0.000000
0.991136 0.132853 0.000000 115.908121 -0.132853 0.991136 0.000000 -4.031585 0.000000 0.000000 1.000000 0.000000
0.991177 0.132549 0.000000 116.350477 -0.132549 0.991177 0.000000 -4.098452 0.000000 0.000000 1.000000 0.000000
0.991104 0.133088 0.000000 116.793840 -0.133088 0.991104 0.000000 -4.168058 0.000000 0.000000 1.000000 0.000000
0.990895 0.134637 0.000000 117.243386 -0.134637 0.990895 0.000000 -4.241432 0.000000 0.000000 1.000000 0.000000
0.990305 0.138912 0.000000 117.689527 -0.138912 0.990305 0.000000 -4.317450 0.000000 0.000000 1.000000 0.000000
0.990260 0.139234 0.000000 118.512764 -0.139234 0.990260 0.000000 -4.455198 0.000000 0.000000 1.000000 0.000000
0.990314 0.138843 0.000000 118.965098 -0.138843 0.990314 0.000000 -4.534337 0.000000 0.000000 1.000000 0.000000
0.990174 0.139839 0.000000 119.418698 -0.139839 0.990174 0.000000 -4.607595 0.000000 0.000000 1.000000 0.000000
0.989927 0.141582 0.000000 119.874838 -0.141582 0.989927 0.000000 -4.694675 0.000000 0.000000 1.000000 0.000000
0.989580 0.143983 0.000000 120.332973 -0.143983 0.989580 0.000000 -4.780124 0.000000 0.000000 1.000000 0.000000
0.989424 0.145051 0.000000 120.790338 -0.145051 0.989424 0.000000 -4.864719 0.000000 0.000000 1.000000 0.000000
0.989288 0.145974 0.000000 121.255697 -0.145974 0.989288 0.000000 -4.951913 0.000000 0.000000 1.000000 0.000000
0.988780 0.149376 0.000000 121.720321 -0.149376 0.988780 0.000000 -5.035922 0.000000 0.000000 1.000000 0.000000
0.988245 0.152881 0.000000 122.223944 -0.152881 0.988245 0.000000 -5.125580 0.000000 0.000000 1.000000 0.000000
0.987791 0.155784 0.000000 122.668008 -0.155784 0.987791 0.000000 -5.206653 0.000000 0.000000 1.000000 0.000000
0.987875 0.155251 0.000000 123.175857 -0.155251 0.987875 0.000000 -5.307522 0.000000 0.000000 1.000000 0.000000
0.987730 0.156168 0.000000 123.651464 -0.156168 0.987730 0.000000 -5.400201 0.000000 0.000000 1.000000 0.000000
0.987374 0.158407 0.000000 124.119473 -0.158407 0.987374 0.000000 -5.490073 0.000000 0.000000 1.000000 0.000000
0.987697 0.156380 0.000000 124.585588 -0.156380 0.987697 0.000000 -5.589346 0.000000 0.000000 1.000000 0.000000
0.987141 0.159851 0.000000 125.062318 -0.159851 0.987141 0.000000 -5.673500 0.000000 0.000000 1.000000 0.000000
0.986814 0.161858 0.000000 125.528911 -0.161858 0.986814 0.000000 -5.766607 0.000000 0.000000 1.000000 0.000000
0.986231 0.165376 0.000000 126.000346 -0.165376 0.986231 0.000000 -5.862928 0.000000 0.000000 1.000000 0.000000
0.985235 0.171209 0.000000 126.476818 -0.171209 0.985235 0.000000 -5.958615 0.000000 0.000000 1.000000 0.000000
0.985051 0.172265 0.000000 126.925993 -0.172265 0.985051 0.000000 -6.047777 0.000000 0.000000 1.000000 0.000000
0.984998 0.172564 0.000000 127.405861 -0.172564 0.984998 0.000000 -6.139882 0.000000 0.000000 1.000000 0.000000
0.984693 0.174300 0.000000 127.882412 -0.174300 0.984693 0.000000 -6.236934 0.000000 0.000000 1.000000 0.000000
0.984637 0.174616 0.000000 128.671355 -0.174616 0.984637 0.000000 -6.394734 0.000000 0.000000 1.000000 0.000000
0.984546 0.175124 0.000000 129.156913 -0.175124 0.984546 0.000000 -6.495228 0.000000 0.000000 1.000000 0.000000
0.986369 0.164548 0.000000 130.132648 -0.164548 0.986369 0.000000 -6.702940 0.000000 0.000000 1.000000 0.000000
0.986118 0.166045 0.000000 130.624793 -0.166045 0.986118 0.000000 -6.797389 0.000000 0.000000 1.000000 0.000000
0.986101 0.166147 0.000000 131.122987 -0.166147 0.986101 0.000000 -6.895403 0.000000 0.000000 1.000000 0.000000
0.985920 0.167219 0.000000 131.626886 -0.167219 0.985920 0.000000 -6.992605 0.000000 0.000000 1.000000 0.000000
0.986156 0.165818 0.000000 132.124992 -0.165818 0.986156 0.000000 -7.091467 0.000000 0.000000 1.000000 0.000000
0.985944 0.167073 0.000000 132.623138 -0.167073 0.985944 0.000000 -7.181724 0.000000 0.000000 1.000000 0.000000
0.985955 0.167009 0.000000 133.159254 -0.167009 0.985955 0.000000 -7.285088 0.000000 0.000000 1.000000 0.000000
0.985528 0.169513 0.000000 133.644332 -0.169513 0.985528 0.000000 -7.375456 0.000000 0.000000 1.000000 0.000000
0.985248 0.171134 0.000000 134.156010 -0.171134 0.985248 0.000000 -7.473316 0.000000 0.000000 1.000000 0.000000
0.985450 0.169964 0.000000 134.669249 -0.169964 0.985450 0.000000 -7.567158 0.000000 0.000000 1.000000 0.000000
0.986064 0.166369 0.000000 135.150439 -0.166369 0.986064 0.000000 -7.668265 0.000000 0.000000 1.000000 0.000000
0.986006 0.166708 0.000000 135.661451 -0.166708 0.986006 0.000000 -7.763704 0.000000 0.000000 1.000000 0.000000
0.985969 0.166926 0.000000 136.183799 -0.166926 0.985969 0.000000 -7.859996 0.000000 0.000000 1.000000 0.000000
0.985496 0.169698 0.000000 136.669937 -0.169698 0.985496 0.000000 -7.943085 0.000000 0.000000 1.000000 0.000000
0.986091 0.166204 0.000000 137.191028 -0.166204 0.986091 0.000000 -8.030555 0.000000 0.000000 1.000000 0.000000
0.985498 0.169689 0.000000 137.724060 -0.169689 0.985498 0.000000 -8.137681 0.000000 0.000000 1.000000 0.000000
0.985132 0.171797 0.000000 138.357108 -0.171797 0.985132 0.000000 -8.253888 0.000000 0.000000 1.000000 0.000000
0.984901 0.173121 0.000000 138.920032 -0.173121 0.984901 0.000000 -8.361094 0.000000 0.000000 1.000000 0.000000
0.984489 0.175448 0.000000 139.408680 -0.175448 0.984489 0.000000 -8.452339 0.000000 0.000000 1.000000 0.000000
0.984447 0.175681 0.000000 139.933100 -0.175681 0.984447 0.000000 -8.562310 0.000000 0.000000 1.000000 0.000000
0.983548 0.180648 0.000000 140.468855 -0.180648 0.983548 0.000000 -8.672031 0.000000 0.000000 1.000000 0.000000
0.983059 0.183290 0.000000 141.005786 -0.183290 0.983059 0.000000 -8.784854 0.000000 0.000000 1.000000 0.000000
0.981915 0.189323 0.000000 144.817151 -0.189323 0.981915 0.000000 -9.618662 0.000000 0.000000 1.000000 0.000000
0.982115 0.188283 0.000000 145.339395 -0.188283 0.982115 0.000000 -9.724872 0.000000 0.000000 1.000000 0.000000
0.982849 0.184411 0.000000 146.494030 -0.184411 0.982849 0.000000 -9.970037 0.000000 0.000000 1.000000 0.000000
0.981707 0.190396 0.000000 147.610906 -0.190396 0.981707 0.000000 -10.223293 0.000000 0.000000 1.000000 0.000000
0.981502 0.191451 0.000000 148.174396 -0.191451 0.981502 0.000000 -10.350109 0.000000 0.000000 1.000000 0.000000
0.981334 0.192310 0.000000 148.736285 -0.192310 0.981334 0.000000 -10.479688 0.000000 0.000000 1.000000 0.000000
0.981239 0.192796 0.000000 149.305110 -0.192796 0.981239 0.000000 -10.606702 0.000000 0.000000 1.000000 0.000000
0.981521 0.191353 0.000000 149.874692 -0.191353 0.981521 0.000000 -10.750473 0.000000 0.000000 1.000000 0.000000
0.982297 0.187329 0.000000 150.449774 -0.187329 0.982297 0.000000 -10.885550 0.000000 0.000000 1.000000 0.000000
0.981653 0.190675 0.000000 151.024439 -0.190675 0.981653 0.000000 -11.016424 0.000000 0.000000 1.000000 0.000000
0.981617 0.190861 0.000000 151.604325 -0.190861 0.981617 0.000000 -11.145953 0.000000 0.000000 1.000000 0.000000
0.981804 0.189895 0.000000 152.175451 -0.189895 0.981804 0.000000 -11.289220 0.000000 0.000000 1.000000 0.000000
0.981683 0.190519 0.000000 153.092593 -0.190519 0.981683 0.000000 -11.506800 0.000000 0.000000 1.000000 0.000000
0.981036 0.193826 0.000000 153.670637 -0.193826 0.981036 0.000000 -11.638987 0.000000 0.000000 1.000000 0.000000
0.981439 0.191775 0.000000 154.229870 -0.191775 0.981439 0.000000 -11.784556 0.000000 0.000000 1.000000 0.000000
0.980977 0.194122 0.000000 154.805107 -0.194122 0.980977 0.000000 -11.920893 0.000000 0.000000 1.000000 0.000000
0.980639 0.195823 0.000000 155.419047 -0.195823 0.980639 0.000000 -12.066944 0.000000 0.000000 1.000000 0.000000
0.980220 0.197910 0.000000 155.947231 -0.197910 0.980220 0.000000 -12.191411 0.000000 0.000000 1.000000 0.000000
0.980104 0.198484 0.000000 156.550930 -0.198484 0.980104 0.000000 -12.349395 0.000000 0.000000 1.000000 0.000000
0.980221 0.197904 0.000000 157.118584 -0.197904 0.980221 0.000000 -12.492401 0.000000 0.000000 1.000000 0.000000
0.980285 0.197587 0.000000 157.698272 -0.197587 0.980285 0.000000 -12.627716 0.000000 0.000000 1.000000 0.000000
0.980411 0.196962 0.000000 158.269964 -0.196962 0.980411 0.000000 -12.752210 0.000000 0.000000 1.000000 0.000000
0.980444 0.196797 0.000000 158.835510 -0.196797 0.980444 0.000000 -12.880489 0.000000 0.000000 1.000000 0.000000
0.980788 0.195078 0.000000 159.403649 -0.195078 0.980788 0.000000 -13.008660 0.000000 0.000000 1.000000 0.000000
0.981038 0.193814 0.000000 159.974972 -0.193814 0.981038 0.000000 -13.131230 0.000000 0.000000 1.000000 0.000000
0.980962 0.194200 0.000000 160.541757 -0.194200 0.980962 0.000000 -13.249343 0.000000 0.000000 1.000000 0.000000
0.981302 0.192473 0.000000 161.116893 -0.192473 0.981302 0.000000 -13.380343 0.000000 0.000000 1.000000 0.000000
0.980645 0.195793 0.000000 161.689182 -0.195793 0.980645 0.000000 -13.501658 0.000000 0.000000 1.000000 0.000000
0.980247 0.197778 0.000000 162.821872 -0.197778 0.980247 0.000000 -13.756204 0.000000 0.000000 1.000000 0.000000
0.980134 0.198335 0.000000 163.393623 -0.198335 0.980134 0.000000 -13.884260 0.000000 0.000000 1.000000 0.000000
0.980255 0.197740 0.000000 163.924884 -0.197740 0.980255 0.000000 -14.006627 0.000000 0.000000 1.000000 0.000000
0.980040 0.198801 0.000000 164.514847 -0.198801 0.980040 0.000000 -14.138962 0.000000 0.000000 1.000000 0.000000
0.979732 0.200313 0.000000 165.076920 -0.200313 0.979732 0.000000 -14.259861 0.000000 0.000000 1.000000 0.000000
0.980033 0.198835 0.000000 166.186508 -0.198835 0.980033 0.000000 -14.513746 0.000000 0.000000 1.000000 0.000000
0.980214 0.197940 0.000000 166.753619 -0.197940 0.980214 0.000000 -14.638914 0.000000 0.000000 1.000000 0.000000
0.979936 0.199313 0.000000 167.287806 -0.199313 0.979936 0.000000 -14.766424 0.000000 0.000000 1.000000 0.000000
0.979759 0.200178 0.000000 167.851320 -0.200178 0.979759 0.000000 -14.893718 0.000000 0.000000 1.000000 0.000000
0.980049 0.198757 0.000000 168.422817 -0.198757 0.980049 0.000000 -15.023268 0.000000 0.000000 1.000000 0.000000
0.979826 0.199850 0.000000 168.961118 -0.199850 0.979826 0.000000 -15.132977 0.000000 0.000000 1.000000 0.000000
0.979424 0.201815 0.000000 169.720277 -0.201815 0.979424 0.000000 -15.293697 0.000000 0.000000 1.000000 0.000000
0.978545 0.206034 0.000000 170.293378 -0.206034 0.978545 0.000000 -15.407677 0.000000 0.000000 1.000000 0.000000
0.978396 0.206741 0.000000 170.863766 -0.206741 0.978396 0.000000 -15.530709 0.000000 0.000000 1.000000 0.000000
0.977418 0.211316 0.000000 171.475470 -0.211316 0.977418 0.000000 -15.656951 0.000000 0.000000 1.000000 0.000000
0.977473 0.211060 0.000000 172.015446 -0.211060 0.977473 0.000000 -15.775546 0.000000 0.000000 1.000000 0.000000
0.978101 0.208132 0.000000 172.625038 -0.208132 0.978101 0.000000 -15.925578 0.000000 0.000000 1.000000 0.000000
0.977320 0.211770 0.000000 173.198998 -0.211770 0.977320 0.000000 -16.052870 0.000000 0.000000 1.000000 0.000000
0.977853 0.209292 0.000000 173.774738 -0.209292 0.977853 0.000000 -16.185224 0.000000 0.000000 1.000000 0.000000
0.976894 0.213725 0.000000 174.359649 -0.213725 0.976894 0.000000 -16.312634 0.000000 0.000000 1.000000 0.000000
0.977518 0.210854 0.000000 174.927206 -0.210854 0.977518 0.000000 -16.450101 0.000000 0.000000 1.000000 0.000000
0.977778 0.209643 0.000000 175.508158 -0.209643 0.977778 0.000000 -16.583122 0.000000 0.000000 1.000000 0.000000
0.977639 0.210289 0.000000 176.081817 -0.210289 0.977639 0.000000 -16.722336 0.000000 0.000000 1.000000 0.000000
0.978695 0.205318 0.000000 176.661967 -0.205318 0.978695 0.000000 -16.867964 0.000000 0.000000 1.000000 0.000000
0.979486 0.201513 0.000000 177.232862 -0.201513 0.979486 0.000000 -17.008906 0.000000 0.000000 1.000000 0.000000
0.979315 0.202342 0.000000 177.809156 -0.202342 0.979315 0.000000 -17.136787 0.000000 0.000000 1.000000 0.000000
0.978844 0.204606 0.000000 178.381048 -0.204606 0.978844 0.000000 -17.272422 0.000000 0.000000 1.000000 0.000000
0.978668 0.205450 0.000000 178.951141 -0.205450 0.978668 0.000000 -17.401956 0.000000 0.000000 1.000000 0.000000
0.978422 0.206614 0.000000 179.488166 -0.206614 0.978422 0.000000 -17.533576 0.000000 0.000000 1.000000 0.000000
0.978446 0.206505 0.000000 180.103205 -0.206505 0.978446 0.000000 -17.678345 0.000000 0.000000 1.000000 0.000000
0.978932 0.204185 0.000000 180.634768 -0.204185 0.978932 0.000000 -17.801345 0.000000 0.000000 1.000000 0.000000
0.978795 0.204840 0.000000 181.215900 -0.204840 0.978795 0.000000 -17.936538 0.000000 0.000000 1.000000 0.000000
0.978662 0.205478 0.000000 181.801718 -0.205478 0.978662 0.000000 -18.067345 0.000000 0.000000 1.000000 0.000000
0.978098 0.208146 0.000000 182.386302 -0.208146 0.978098 0.000000 -18.204493 0.000000 0.000000 1.000000 0.000000
0.976525 0.215405 0.000000 182.964138 -0.215405 0.976525 0.000000 -18.337918 0.000000 0.000000 1.000000 0.000000
0.976557 0.215259 0.000000 183.537075 -0.215259 0.976557 0.000000 -18.469473 0.000000 0.000000 1.000000 0.000000
0.976687 0.214666 0.000000 184.113478 -0.214666 0.976687 0.000000 -18.607485 0.000000 0.000000 1.000000 0.000000
0.976746 0.214402 0.000000 184.692484 -0.214402 0.976746 0.000000 -18.747744 0.000000 0.000000 1.000000 0.000000
0.976660 0.214791 0.000000 185.274819 -0.214791 0.976660 0.000000 -18.891829 0.000000 0.000000 1.000000 0.000000
0.976262 0.216591 0.000000 185.860808 -0.216591 0.976262 0.000000 -19.032532 0.000000 0.000000 1.000000 0.000000
0.976654 0.214819 0.000000 186.436261 -0.214819 0.976654 0.000000 -19.174513 0.000000 0.000000 1.000000 0.000000
0.976734 0.214456 0.000000 187.016118 -0.214456 0.976734 0.000000 -19.315153 0.000000 0.000000 1.000000 0.000000
0.976204 0.216854 0.000000 187.597028 -0.216854 0.976204 0.000000 -19.448364 0.000000 0.000000 1.000000 0.000000
0.976021 0.217676 0.000000 188.144263 -0.217676 0.976021 0.000000 -19.576649 0.000000 0.000000 1.000000 0.000000
0.976128 0.217197 0.000000 188.714265 -0.217197 0.976128 0.000000 -19.719849 0.000000 0.000000 1.000000 0.000000
0.976117 0.217244 0.000000 189.293624 -0.217244 0.976117 0.000000 -19.857030 0.000000 0.000000 1.000000 0.000000
0.976074 0.217439 0.000000 189.847990 -0.217439 0.976074 0.000000 -19.992593 0.000000 0.000000 1.000000 0.000000
0.976684 0.214682 0.000000 190.415956 -0.214682 0.976684 0.000000 -20.135170 0.000000 0.000000 1.000000 0.000000
0.976281 0.216509 0.000000 190.993540 -0.216509 0.976281 0.000000 -20.280866 0.000000 0.000000 1.000000 0.000000
0.977052 0.213002 0.000000 191.537484 -0.213002 0.977052 0.000000 -20.416009 0.000000 0.000000 1.000000 0.000000
0.977067 0.212931 0.000000 192.102398 -0.212931 0.977067 0.000000 -20.557454 0.000000 0.000000 1.000000 0.000000
0.976305 0.216399 0.000000 192.674653 -0.216399 0.976305 0.000000 -20.694031 0.000000 0.000000 1.000000 0.000000
0.976389 0.216021 0.000000 193.213348 -0.216021 0.976389 0.000000 -20.820019 0.000000 0.000000 1.000000 0.000000
0.975992 0.217805 0.000000 193.789950 -0.217805 0.975992 0.000000 -20.955278 0.000000 0.000000 1.000000 0.000000
0.975736 0.218953 0.000000 194.354454 -0.218953 0.975736 0.000000 -21.089350 0.000000 0.000000 1.000000 0.000000
0.975621 0.219460 0.000000 195.178510 -0.219460 0.975621 0.000000 -21.304852 0.000000 0.000000 1.000000 0.000000
0.975295 0.220904 0.000000 195.741823 -0.220904 0.975295 0.000000 -21.435440 0.000000 0.000000 1.000000 0.000000
0.975131 0.221629 0.000000 196.311977 -0.221629 0.975131 0.000000 -21.569575 0.000000 0.000000 1.000000 0.000000
0.975406 0.220417 0.000000 196.879753 -0.220417 0.975406 0.000000 -21.710413 0.000000 0.000000 1.000000 0.000000
0.975229 0.221200 0.000000 197.448729 -0.221200 0.975229 0.000000 -21.855005 0.000000 0.000000 1.000000 0.000000
0.975591 0.219596 0.000000 198.020958 -0.219596 0.975591 0.000000 -21.984009 0.000000 0.000000 1.000000 0.000000
0.976370 0.216104 0.000000 198.582307 -0.216104 0.976370 0.000000 -22.127699 0.000000 0.000000 1.000000 0.000000
0.976238 0.216701 0.000000 199.165497 -0.216701 0.976238 0.000000 -22.266299 0.000000 0.000000 1.000000 0.000000
0.976214 0.216811 0.000000 199.669448 -0.216811 0.976214 0.000000 -22.390078 0.000000 0.000000 1.000000 0.000000
0.975958 0.217960 0.000000 200.656066 -0.217960 0.975958 0.000000 -22.634807 0.000000 0.000000 1.000000 0.000000
0.975926 0.218101 0.000000 201.225853 -0.218101 0.975926 0.000000 -22.769504 0.000000 0.000000 1.000000 0.000000
0.975824 0.218560 0.000000 201.944024 -0.218560 0.975824 0.000000 -22.947858 0.000000 0.000000 1.000000 0.000000
0.975722 0.219013 0.000000 202.663440 -0.219013 0.975722 0.000000 -23.126029 0.000000 0.000000 1.000000 0.000000
0.975267 0.221031 0.000000 203.628966 -0.221031 0.975267 0.000000 -23.372783 0.000000 0.000000 1.000000 0.000000
0.975433 0.220298 0.000000 204.191108 -0.220298 0.975433 0.000000 -23.512614 0.000000 0.000000 1.000000 0.000000
0.975534 0.219850 0.000000 204.767597 -0.219850 0.975534 0.000000 -23.660108 0.000000 0.000000 1.000000 0.000000
0.975462 0.220168 0.000000 205.328319 -0.220168 0.975462 0.000000 -23.802381 0.000000 0.000000 1.000000 0.000000
0.975331 0.220750 0.000000 205.861716 -0.220750 0.975331 0.000000 -23.933791 0.000000 0.000000 1.000000 0.000000
0.975872 0.218345 0.000000 206.430078 -0.218345 0.975872 0.000000 -24.074569 0.000000 0.000000 1.000000 0.000000
0.975187 0.221383 0.000000 206.986864 -0.221383 0.975187 0.000000 -24.213657 0.000000 0.000000 1.000000 0.000000
0.975102 0.221757 0.000000 207.787386 -0.221757 0.975102 0.000000 -24.426188 0.000000 0.000000 1.000000 0.000000
0.975489 0.220049 0.000000 208.353516 -0.220049 0.975489 0.000000 -24.569003 0.000000 0.000000 1.000000 0.000000
0.975579 0.219651 0.000000 208.918790 -0.219651 0.975579 0.000000 -24.709165 0.000000 0.000000 1.000000 0.000000
0.975493 0.220031 0.000000 209.478453 -0.220031 0.975493 0.000000 -24.846381 0.000000 0.000000 1.000000 0.000000
0.976348 0.216207 0.000000 210.071770 -0.216207 0.976348 0.000000 -24.988447 0.000000 0.000000 1.000000 0.000000
0.976299 0.216428 0.000000 210.595175 -0.216428 0.976299 0.000000 -25.114755 0.000000 0.000000 1.000000 0.000000
0.976188 0.216925 0.000000 211.197789 -0.216925 0.976188 0.000000 -25.259615 0.000000 0.000000 1.000000 0.000000
0.976341 0.216237 0.000000 211.731276 -0.216237 0.976341 0.000000 -25.391084 0.000000 0.000000 1.000000 0.000000
