0.999993 0.003686 0.000000 1.187400 -0.003686 0.999993 0.000000 -0.007648 0.000000 0.000000 1.000000 0.000000
0.999981 0.006094 0.000000 1.764112 -0.006095 0.999981 0.000000 -0.015834 0.000000 0.000000 1.000000 0.000000
0.999918 0.012769 0.000000 2.960790 -0.012769 0.999918 0.000000 -0.037643 0.000000 0.000000 1.000000 0.000000
0.999874 0.015734 0.000000 3.571506 -0.015737 0.999875 0.000000 -0.051462 0.000000 0.000000 1.000000 0.000000
0.999813 0.019029 0.000000 4.127731 -0.019032 0.999818 0.000000 -0.065441 0.000000 0.000000 1.000000 0.000000
0.999734 0.022671 0.000000 4.732797 -0.022678 0.999742 0.000000 -0.084435 0.000000 0.000000 1.000000 0.000000
0.999602 0.028135 0.000000 5.542239 -0.028139 0.999602 0.000000 -0.112271 0.000000 0.000000 1.000000 0.000000
0.999463 0.032758 0.000000 6.128632 -0.032758 0.999463 0.000000 -0.135481 0.000000 0.000000 1.000000 0.000000
0.999323 0.036794 0.000000 6.687376 -0.036793 0.999321 0.000000 -0.157908 0.000000 0.000000 1.000000 0.000000
0.999128 0.041752 0.000000 7.280175 -0.041751 0.999124 0.000000 -0.185858 0.000000 0.000000 1.000000 0.000000
0.998912 0.046628 0.000000 7.824927 -0.046626 0.998909 0.000000 -0.214012 0.000000 0.000000 1.000000 0.000000
0.998586 0.053114 0.000000 8.409401 -0.053111 0.998588 0.000000 -0.248247 0.000000 0.000000 1.000000 0.000000
0.998247 0.059111 0.000000 8.947828 -0.059106 0.998250 0.000000 -0.281867 0.000000 0.000000 1.000000 0.000000
0.997733 0.067206 0.000000 9.685787 -0.067201 0.997738 0.000000 -0.334124 0.000000 0.000000 1.000000 0.000000
0.997313 0.073167 0.000000 10.279592 -0.073167 0.997320 0.000000 -0.378369 0.000000 0.000000 1.000000 0.000000
0.996807 0.079741 0.000000 10.865461 -0.079746 0.996815 0.000000 -0.428069 0.000000 0.000000 1.000000 0.000000
0.996218 0.086759 0.000000 11.434772 -0.086762 0.996229 0.000000 -0.480345 0.000000 0.000000 1.000000 0.000000
0.994900 0.100549 0.000000 12.595251 -0.100545 0.994932 0.000000 -0.595771 0.000000 0.000000 1.000000 0.000000
0.994087 0.108278 0.000000 13.137054 -0.108282 0.994120 0.000000 -0.656760 0.000000 0.000000 1.000000 0.000000
0.993189 0.116244 0.000000 13.710102 -0.116240 0.993221 0.000000 -0.726404 0.000000 0.000000 1.000000 0.000000
0.992169 0.124575 0.000000 14.240206 -0.124565 0.992210 0.000000 -0.795132 0.000000 0.000000 1.000000 0.000000
0.991133 0.132472 0.000000 14.798048 -0.132473 0.991186 0.000000 -0.871956 0.000000 0.000000 1.000000 0.000000
0.990174 0.139327 0.000000 15.323883 -0.139353 0.990242 0.000000 -0.947514 0.000000 0.000000 1.000000 0.000000
0.989243 0.145610 0.000000 15.897285 -0.145673 0.989326 0.000000 -1.032542 0.000000 0.000000 1.000000 0.000000
0.988200 0.152529 0.000000 16.427325 -0.152597 0.988281 0.000000 -1.115248 0.000000 0.000000 1.000000 0.000000
0.986844 0.161230 0.000000 17.171390 -0.161283 0.986902 0.000000 -1.233994 0.000000 0.000000 1.000000 0.000000
0.985698 0.168176 0.000000 17.752766 -0.168228 0.985740 0.000000 -1.331364 0.000000 0.000000 1.000000 0.000000
0.984343 0.175917 0.000000 18.305392 -0.175977 0.984383 0.000000 -1.429728 0.000000 0.000000 1.000000 0.000000
0.983070 0.182798 0.000000 18.862763 -0.182873 0.983124 0.000000 -1.534078 0.000000 0.000000 1.000000 0.000000
0.981904 0.188831 0.000000 19.426968 -0.188924 0.981977 0.000000 -1.642829 0.000000 0.000000 1.000000 0.000000
0.980608 0.195351 0.000000 19.951971 -0.195461 0.980694 0.000000 -1.746687 0.000000 0.000000 1.000000 0.000000
0.979119 0.202617 0.000000 20.489819 -0.202743 0.979212 0.000000 -1.857077 0.000000 0.000000 1.000000 0.000000
0.977445 0.210556 0.000000 21.057924 -0.210674 0.977539 0.000000 -1.981117 0.000000 0.000000 1.000000 0.000000
0.975817 0.217973 0.000000 21.594839 -0.218087 0.975913 0.000000 -2.102724 0.000000 0.000000 1.000000 0.000000
0.974092 0.225448 0.000000 22.173813 -0.225587 0.974203 0.000000 -2.238099 0.000000 0.000000 1.000000 0.000000
0.971701 0.235476 0.000000 22.934021 -0.235627 0.971823 0.000000 -2.423774 0.000000 0.000000 1.000000 0.000000
0.969931 0.242554 0.000000 23.497092 -0.242722 0.970075 0.000000 -2.564928 0.000000 0.000000 1.000000 0.000000
0.967839 0.250640 0.000000 24.091165 -0.250838 0.968004 0.000000 -2.719875 0.000000 0.000000 1.000000 0.000000
0.965728 0.258644 0.000000 24.633301 -0.258855 0.965887 0.000000 -2.868363 0.000000 0.000000 1.000000 0.000000
0.964010 0.264927 0.000000 25.168056 -0.265151 0.964176 0.000000 -3.016504 0.000000 0.000000 1.000000 0.000000
0.962037 0.271908 0.000000 25.668955 -0.272157 0.962219 0.000000 -3.156388 0.000000 0.000000 1.000000 0.000000
0.959811 0.279529 0.000000 26.234314 -0.279816 0.960014 0.000000 -3.320899 0.000000 0.000000 1.000000 0.000000
0.957723 0.286545 0.000000 26.737504 -0.286836 0.957943 0.000000 -3.472020 0.000000 0.000000 1.000000 0.000000
0.955619 0.293472 0.000000 27.260329 -0.293761 0.955844 0.000000 -3.633585 0.000000 0.000000 1.000000 0.000000
0.951257 0.307345 0.000000 28.290364 -0.307649 0.951458 0.000000 -3.961885 0.000000 0.000000 1.000000 0.000000
0.949361 0.313254 0.000000 28.771688 -0.313529 0.949541 0.000000 -4.122332 0.000000 0.000000 1.000000 0.000000
0.947187 0.319835 0.000000 29.282867 -0.320074 0.947364 0.000000 -4.296711 0.000000 0.000000 1.000000 0.000000
0.944119 0.328828 0.000000 29.929280 -0.329052 0.944286 0.000000 -4.523562 0.000000 0.000000 1.000000 0.000000
0.942063 0.334617 0.000000 30.400490 -0.334845 0.942251 0.000000 -4.691814 0.000000 0.000000 1.000000 0.000000
0.940013 0.340139 0.000000 30.864960 -0.340389 0.940268 0.000000 -4.861232 0.000000 0.000000 1.000000 0.000000
0.937659 0.346454 0.000000 31.355272 -0.346724 0.937951 0.000000 -5.044527 0.000000 0.000000 1.000000 0.000000
0.935667 0.351812 0.000000 31.812983 -0.352093 0.935946 0.000000 -5.217456 0.000000 0.000000 1.000000 0.000000
0.933024 0.358784 0.000000 32.472328 -0.359061 0.933295 0.000000 -5.469669 0.000000 0.000000 1.000000 0.000000
0.930905 0.364355 0.000000 32.978055 -0.364618 0.931136 0.000000 -5.668981 0.000000 0.000000 1.000000 0.000000
0.928593 0.370256 0.000000 33.498860 -0.370535 0.928788 0.000000 -5.879841 0.000000 0.000000 1.000000 0.000000
0.926425 0.375671 0.000000 33.983540 -0.375951 0.926607 0.000000 -6.079229 0.000000 0.000000 1.000000 0.000000
0.924198 0.381105 0.000000 34.481652 -0.381375 0.924393 0.000000 -6.287916 0.000000 0.000000 1.000000 0.000000
0.921565 0.387364 0.000000 34.976912 -0.387614 0.921807 0.000000 -6.498101 0.000000 0.000000 1.000000 0.000000
0.918772 0.393997 0.000000 35.430073 -0.394175 0.919032 0.000000 -6.694026 0.000000 0.000000 1.000000 0.000000
0.915984 0.400391 0.000000 35.914577 -0.400561 0.916269 0.000000 -6.905319 0.000000 0.000000 1.000000 0.000000
0.913013 0.407016 0.000000 36.369656 -0.407209 0.913334 0.000000 -7.108672 0.000000 0.000000 1.000000 0.000000
0.909947 0.413796 0.000000 36.849559 -0.413974 0.910289 0.000000 -7.328660 0.000000 0.000000 1.000000 0.000000
0.907027 0.420152 0.000000 37.309009 -0.420317 0.907377 0.000000 -7.543414 0.000000 0.000000 1.000000 0.000000
0.903922 0.426817 0.000000 37.803499 -0.426943 0.904278 0.000000 -7.776001 0.000000 0.000000 1.000000 0.000000
0.900828 0.433295 0.000000 38.274244 -0.433435 0.901184 0.000000 -8.001749 0.000000 0.000000 1.000000 0.000000
0.897448 0.440209 0.000000 38.752856 -0.440381 0.897811 0.000000 -8.238914 0.000000 0.000000 1.000000 0.000000
0.895069 0.444976 0.000000 39.195743 -0.445162 0.895450 0.000000 -8.459137 0.000000 0.000000 1.000000 0.000000
0.891177 0.452676 0.000000 39.862254 -0.452912 0.891554 0.000000 -8.798065 0.000000 0.000000 1.000000 0.000000
0.887314 0.460204 0.000000 40.553127 -0.460436 0.887692 0.000000 -9.151729 0.000000 0.000000 1.000000 0.000000
0.884383 0.465862 0.000000 41.028536 -0.466092 0.884735 0.000000 -9.400935 0.000000 0.000000 1.000000 0.000000
0.879317 0.475554 0.000000 41.841068 -0.475764 0.879570 0.000000 -9.840737 0.000000 0.000000 1.000000 0.000000
0.876411 0.480862 0.000000 42.298583 -0.481065 0.876683 0.000000 -10.093646 0.000000 0.000000 1.000000 0.000000
0.873538 0.486021 0.000000 42.746577 -0.486223 0.873834 0.000000 -10.346759 0.000000 0.000000 1.000000 0.000000
0.870505 0.491432 0.000000 43.203160 -0.491624 0.870807 0.000000 -10.605698 0.000000 0.000000 1.000000 0.000000
0.867401 0.496876 0.000000 43.658341 -0.497072 0.867709 0.000000 -10.869371 0.000000 0.000000 1.000000 0.000000
0.864018 0.502711 0.000000 44.134682 -0.502914 0.864336 0.000000 -11.149450 0.000000 0.000000 1.000000 0.000000
0.861282 0.507415 0.000000 44.555057 -0.507612 0.861586 0.000000 -11.399977 0.000000 0.000000 1.000000 0.000000
0.858628 0.511891 0.000000 44.985093 -0.512086 0.858934 0.000000 -11.657504 0.000000 0.000000 1.000000 0.000000
0.855566 0.516948 0.000000 45.420668 -0.517149 0.855895 0.000000 -11.921051 0.000000 0.000000 1.000000 0.000000
0.852757 0.521545 0.000000 45.848551 -0.521744 0.853102 0.000000 -12.184913 0.000000 0.000000 1.000000 0.000000
0.850166 0.525751 0.000000 46.263386 -0.525964 0.850507 0.000000 -12.442687 0.000000 0.000000 1.000000 0.000000
0.847277 0.530359 0.000000 46.683113 -0.530570 0.847641 0.000000 -12.707862 0.000000 0.000000 1.000000 0.000000
0.844715 0.534372 0.000000 47.069852 -0.534607 0.845101 0.000000 -12.954274 0.000000 0.000000 1.000000 0.000000
0.842320 0.538163 0.000000 47.473711 -0.538389 0.842697 0.000000 -13.213054 0.000000 0.000000 1.000000 0.000000
0.839744 0.542228 0.000000 47.844598 -0.542445 0.840091 0.000000 -13.454762 0.000000 0.000000 1.000000 0.000000
0.836969 0.546439 0.000000 48.252317 -0.546685 0.837339 0.000000 -13.723155 0.000000 0.000000 1.000000 0.000000
0.834261 0.550476 0.000000 48.630226 -0.550741 0.834676 0.000000 -13.976356 0.000000 0.000000 1.000000 0.000000
0.831388 0.554749 0.000000 49.003712 -0.555008 0.831844 0.000000 -14.227494 0.000000 0.000000 1.000000 0.000000
0.828768 0.558655 0.000000 49.368015 -0.558907 0.829229 0.000000 -14.475221 0.000000 0.000000 1.000000 0.000000
0.825758 0.563123 0.000000 49.733630 -0.563348 0.826216 0.000000 -14.727062 0.000000 0.000000 1.000000 0.000000
0.822854 0.567391 0.000000 50.094822 -0.567609 0.823295 0.000000 -14.976840 0.000000 0.000000 1.000000 0.000000
0.819876 0.571730 0.000000 50.446632 -0.571949 0.820287 0.000000 -15.221902 0.000000 0.000000 1.000000 0.000000
0.816596 0.576419 0.000000 50.819989 -0.576652 0.816989 0.000000 -15.487727 0.000000 0.000000 1.000000 0.000000
0.811905 0.583013 0.000000 51.336842 -0.583308 0.812250 0.000000 -15.862137 0.000000 0.000000 1.000000 0.000000
0.808350 0.587899 0.000000 51.705382 -0.588216 0.808702 0.000000 -16.133661 0.000000 0.000000 1.000000 0.000000
0.804950 0.592496 0.000000 52.040810 -0.592821 0.805333 0.000000 -16.383805 0.000000 0.000000 1.000000 0.000000
0.802178 0.596163 0.000000 52.375777 -0.596494 0.802618 0.000000 -16.632051 0.000000 0.000000 1.000000 0.000000
0.798742 0.600741 0.000000 52.706010 -0.601068 0.799198 0.000000 -16.882937 0.000000 0.000000 1.000000 0.000000
0.795671 0.604810 0.000000 53.033366 -0.605154 0.796108 0.000000 -17.132480 0.000000 0.000000 1.000000 0.000000
0.792918 0.608382 0.000000 53.367994 -0.608733 0.793375 0.000000 -17.389524 0.000000 0.000000 1.000000 0.000000
0.789512 0.612782 0.000000 53.687465 -0.613142 0.789973 0.000000 -17.639226 0.000000 0.000000 1.000000 0.000000
0.785962 0.617329 0.000000 53.995642 -0.617714 0.786402 0.000000 -17.883118 0.000000 0.000000 1.000000 0.000000
0.783047 0.621050 0.000000 54.300507 -0.621475 0.783429 0.000000 -18.127755 0.000000 0.000000 1.000000 0.000000
0.780139 0.624636 0.000000 54.589937 -0.625100 0.780538 0.000000 -18.362763 0.000000 0.000000 1.000000 0.000000
0.774253 0.631809 0.000000 55.158990 -0.632328 0.774693 0.000000 -18.833591 0.000000 0.000000 1.000000 0.000000
0.771733 0.634837 0.000000 55.427962 -0.635375 0.772197 0.000000 -19.057032 0.000000 0.000000 1.000000 0.000000
0.769415 0.637597 0.000000 55.686221 -0.638134 0.769921 0.000000 -19.272847 0.000000 0.000000 1.000000 0.000000
0.766984 0.640465 0.000000 55.942555 -0.641015 0.767526 0.000000 -19.488168 0.000000 0.000000 1.000000 0.000000
0.764563 0.643322 0.000000 56.210961 -0.643899 0.765107 0.000000 -19.718012 0.000000 0.000000 1.000000 0.000000
0.762524 0.645689 0.000000 56.461691 -0.646305 0.763074 0.000000 -19.932064 0.000000 0.000000 1.000000 0.000000
0.760261 0.648353 0.000000 56.723784 -0.648989 0.760790 0.000000 -20.157547 0.000000 0.000000 1.000000 0.000000
0.757750 0.651258 0.000000 56.965866 -0.651919 0.758279 0.000000 -20.368776 0.000000 0.000000 1.000000 0.000000
0.755090 0.654286 0.000000 57.210012 -0.654973 0.755643 0.000000 -20.583662 0.000000 0.000000 1.000000 0.000000
0.753028 0.656614 0.000000 57.425556 -0.657338 0.753584 0.000000 -20.773280 0.000000 0.000000 1.000000 0.000000
0.750404 0.659590 0.000000 57.650324 -0.660326 0.750967 0.000000 -20.971984 0.000000 0.000000 1.000000 0.000000
0.747853 0.662484 0.000000 57.887665 -0.663230 0.748402 0.000000 -21.183559 0.000000 0.000000 1.000000 0.000000
0.744362 0.666372 0.000000 58.220899 -0.667133 0.744925 0.000000 -21.481638 0.000000 0.000000 1.000000 0.000000
0.741771 0.669213 0.000000 58.456521 -0.670002 0.742346 0.000000 -21.696317 0.000000 0.000000 1.000000 0.000000
0.739341 0.671895 0.000000 58.676528 -0.672673 0.739929 0.000000 -21.897715 0.000000 0.000000 1.000000 0.000000
0.736449 0.675070 0.000000 58.897300 -0.675844 0.737034 0.000000 -22.103241 0.000000 0.000000 1.000000 0.000000
0.733855 0.677903 0.000000 59.113475 -0.678671 0.734432 0.000000 -22.305343 0.000000 0.000000 1.000000 0.000000
0.731518 0.680437 0.000000 59.313033 -0.681189 0.732099 0.000000 -22.493427 0.000000 0.000000 1.000000 0.000000
0.729161 0.682957 0.000000 59.495977 -0.683693 0.729764 0.000000 -22.668638 0.000000 0.000000 1.000000 0.000000
0.726962 0.685283 0.000000 59.681006 -0.686042 0.727554 0.000000 -22.846305 0.000000 0.000000 1.000000 0.000000
0.724922 0.687433 0.000000 59.859104 -0.688195 0.725519 0.000000 -23.016899 0.000000 0.000000 1.000000 0.000000
0.722605 0.689913 0.000000 60.032752 -0.690619 0.723216 0.000000 -23.185483 0.000000 0.000000 1.000000 0.000000
0.718026 0.694701 0.000000 60.384625 -0.695380 0.718641 0.000000 -23.528424 0.000000 0.000000 1.000000 0.000000
0.716007 0.696788 0.000000 60.546240 -0.697464 0.716618 0.000000 -23.687016 0.000000 0.000000 1.000000 0.000000
0.714143 0.698740 0.000000 60.699574 -0.699405 0.714723 0.000000 -23.839116 0.000000 0.000000 1.000000 0.000000
0.712217 0.700686 0.000000 60.853718 -0.701388 0.712775 0.000000 -23.992942 0.000000 0.000000 1.000000 0.000000
0.710604 0.702281 0.000000 60.997635 -0.703004 0.711181 0.000000 -24.136943 0.000000 0.000000 1.000000 0.000000
0.708607 0.704246 0.000000 61.141324 -0.704983 0.709221 0.000000 -24.282589 0.000000 0.000000 1.000000 0.000000
0.706632 0.706211 0.000000 61.290565 -0.706946 0.707266 0.000000 -24.434800 0.000000 0.000000 1.000000 0.000000
0.704775 0.708074 0.000000 61.424303 -0.708796 0.705412 0.000000 -24.571762 0.000000 0.000000 1.000000 0.000000
0.703150 0.709723 0.000000 61.568669 -0.710414 0.703783 0.000000 -24.718263 0.000000 0.000000 1.000000 0.000000
0.699536 0.713500 0.000000 61.819343 -0.714034 0.700111 0.000000 -24.977409 0.000000 0.000000 1.000000 0.000000
0.697639 0.715432 0.000000 61.945845 -0.715916 0.698185 0.000000 -25.110253 0.000000 0.000000 1.000000 0.000000
0.696088 0.716989 0.000000 62.073973 -0.717441 0.696617 0.000000 -25.243654 0.000000 0.000000 1.000000 0.000000
0.692764 0.720152 0.000000 62.277231 -0.720610 0.693336 0.000000 -25.458988 0.000000 0.000000 1.000000 0.000000
0.690465 0.722296 0.000000 62.410565 -0.722765 0.691087 0.000000 -25.600273 0.000000 0.000000 1.000000 0.000000
0.688365 0.724234 0.000000 62.541213 -0.724736 0.689019 0.000000 -25.738082 0.000000 0.000000 1.000000 0.000000
0.685625 0.726774 0.000000 62.678408 -0.727336 0.686278 0.000000 -25.884941 0.000000 0.000000 1.000000 0.000000
0.683239 0.729043 0.000000 62.811829 -0.729596 0.683875 0.000000 -26.029499 0.000000 0.000000 1.000000 0.000000
0.680640 0.731518 0.000000 62.943584 -0.732020 0.681276 0.000000 -26.173010 0.000000 0.000000 1.000000 0.000000
0.677923 0.734020 0.000000 63.080788 -0.734511 0.678587 0.000000 -26.323307 0.000000 0.000000 1.000000 0.000000
0.671077 0.740407 0.000000 63.376237 -0.740741 0.671752 0.000000 -26.653250 0.000000 0.000000 1.000000 0.000000
0.667795 0.743374 0.000000 63.518068 -0.743653 0.668505 0.000000 -26.813249 0.000000 0.000000 1.000000 0.000000
0.664507 0.746274 0.000000 63.652778 -0.746516 0.665281 0.000000 -26.968309 0.000000 0.000000 1.000000 0.000000
0.661184 0.749221 0.000000 63.788652 -0.749427 0.661980 0.000000 -27.126066 0.000000 0.000000 1.000000 0.000000
0.657707 0.752312 0.000000 63.925583 -0.752518 0.658471 0.000000 -27.285597 0.000000 0.000000 1.000000 0.000000
0.654586 0.755054 0.000000 64.061800 -0.755285 0.655311 0.000000 -27.444928 0.000000 0.000000 1.000000 0.000000
0.651178 0.757963 0.000000 64.194802 -0.758240 0.651904 0.000000 -27.602490 0.000000 0.000000 1.000000 0.000000
0.647444 0.761126 0.000000 64.335995 -0.761434 0.648177 0.000000 -27.771350 0.000000 0.000000 1.000000 0.000000
0.644000 0.764031 0.000000 64.473602 -0.764340 0.644744 0.000000 -27.935775 0.000000 0.000000 1.000000 0.000000
0.640007 0.767401 0.000000 64.616407 -0.767681 0.640751 0.000000 -28.109832 0.000000 0.000000 1.000000 0.000000
0.636209 0.770515 0.000000 64.765422 -0.770882 0.636926 0.000000 -28.292510 0.000000 0.000000 1.000000 0.000000
0.633041 0.773125 0.000000 64.895601 -0.773547 0.633707 0.000000 -28.453806 0.000000 0.000000 1.000000 0.000000
0.629265 0.776286 0.000000 65.046280 -0.776668 0.629879 0.000000 -28.641571 0.000000 0.000000 1.000000 0.000000
0.625518 0.779267 0.000000 65.189988 -0.779734 0.626097 0.000000 -28.822918 0.000000 0.000000 1.000000 0.000000
0.621401 0.782523 0.000000 65.344632 -0.783037 0.621967 0.000000 -29.021221 0.000000 0.000000 1.000000 0.000000
0.617859 0.785326 0.000000 65.495953 -0.785767 0.618495 0.000000 -29.215684 0.000000 0.000000 1.000000 0.000000
0.612483 0.789424 0.000000 65.725453 -0.789785 0.613297 0.000000 -29.514378 0.000000 0.000000 1.000000 0.000000
0.608841 0.792253 0.000000 65.882630 -0.792505 0.609719 0.000000 -29.721675 0.000000 0.000000 1.000000 0.000000
0.605180 0.795024 0.000000 66.051037 -0.795265 0.606097 0.000000 -29.944719 0.000000 0.000000 1.000000 0.000000
0.602190 0.797299 0.000000 66.208791 -0.797568 0.603081 0.000000 -30.154238 0.000000 0.000000 1.000000 0.000000
0.595779 0.801851 0.000000 66.541254 -0.802390 0.596724 0.000000 -30.600988 0.000000 0.000000 1.000000 0.000000
0.592674 0.804023 0.000000 66.702031 -0.804645 0.593684 0.000000 -30.818450 0.000000 0.000000 1.000000 0.000000
0.589730 0.806089 0.000000 66.859750 -0.806797 0.590768 0.000000 -31.033812 0.000000 0.000000 1.000000 0.000000
0.586095 0.808786 0.000000 67.027499 -0.809503 0.587067 0.000000 -31.268063 0.000000 0.000000 1.000000 0.000000
0.581950 0.811948 0.000000 67.246585 -0.812597 0.582788 0.000000 -31.573481 0.000000 0.000000 1.000000 0.000000
0.579308 0.813975 0.000000 67.401257 -0.814523 0.580085 0.000000 -31.791327 0.000000 0.000000 1.000000 0.000000
0.575866 0.816420 0.000000 67.553014 -0.816960 0.576644 0.000000 -32.007340 0.000000 0.000000 1.000000 0.000000
0.573062 0.818363 0.000000 67.702920 -0.818919 0.573858 0.000000 -32.221548 0.000000 0.000000 1.000000 0.000000
0.569720 0.820661 0.000000 67.839509 -0.821245 0.570527 0.000000 -32.421594 0.000000 0.000000 1.000000 0.000000
0.566861 0.822581 0.000000 67.984812 -0.823219 0.567681 0.000000 -32.634124 0.000000 0.000000 1.000000 0.000000
0.564007 0.824495 0.000000 68.140872 -0.825176 0.564838 0.000000 -32.865143 0.000000 0.000000 1.000000 0.000000
0.562138 0.825770 0.000000 68.283782 -0.826435 0.562987 0.000000 -33.077028 0.000000 0.000000 1.000000 0.000000
0.560096 0.827177 0.000000 68.420862 -0.827805 0.560960 0.000000 -33.281210 0.000000 0.000000 1.000000 0.000000
0.558065 0.828575 0.000000 68.568510 -0.829185 0.558915 0.000000 -33.500828 0.000000 0.000000 1.000000 0.000000
0.555726 0.830189 0.000000 68.705365 -0.830781 0.556543 0.000000 -33.707800 0.000000 0.000000 1.000000 0.000000
0.553108 0.831930 0.000000 68.893019 -0.832526 0.553928 0.000000 -33.993430 0.000000 0.000000 1.000000 0.000000
0.551607 0.832886 0.000000 69.045044 -0.833499 0.552459 0.000000 -34.226742 0.000000 0.000000 1.000000 0.000000
0.550436 0.833624 0.000000 69.187792 -0.834225 0.551345 0.000000 -34.445891 0.000000 0.000000 1.000000 0.000000
0.549334 0.834321 0.000000 69.326679 -0.834898 0.550302 0.000000 -34.659468 0.000000 0.000000 1.000000 0.000000
0.548680 0.834732 0.000000 69.463896 -0.835285 0.549694 0.000000 -34.870852 0.000000 0.000000 1.000000 0.000000
0.548775 0.834681 0.000000 69.601892 -0.835210 0.549798 0.000000 -35.081723 0.000000 0.000000 1.000000 0.000000
0.548906 0.834626 0.000000 69.742261 -0.835149 0.549897 0.000000 -35.295588 0.000000 0.000000 1.000000 0.000000
0.548958 0.834637 0.000000 69.873813 -0.835158 0.549899 0.000000 -35.497188 0.000000 0.000000 1.000000 0.000000
0.548828 0.834749 0.000000 70.004487 -0.835282 0.549726 0.000000 -35.700670 0.000000 0.000000 1.000000 0.000000
0.549162 0.834564 0.000000 70.122394 -0.835090 0.550025 0.000000 -35.883040 0.000000 0.000000 1.000000 0.000000
0.549697 0.834292 0.000000 70.362472 -0.834761 0.550520 0.000000 -36.257112 0.000000 0.000000 1.000000 0.000000
0.549740 0.834283 0.000000 70.491341 -0.834729 0.550561 0.000000 -36.456384 0.000000 0.000000 1.000000 0.000000
0.550504 0.833783 0.000000 70.615980 -0.834218 0.551330 0.000000 -36.648563 0.000000 0.000000 1.000000 0.000000
0.550546 0.833753 0.000000 70.729125 -0.834196 0.551368 0.000000 -36.823257 0.000000 0.000000 1.000000 0.000000
0.550676 0.833645 0.000000 70.850997 -0.834110 0.551503 0.000000 -37.010980 0.000000 0.000000 1.000000 0.000000
0.551063 0.833331 0.000000 70.967023 -0.833833 0.551924 0.000000 -37.189308 0.000000 0.000000 1.000000 0.000000
0.551697 0.832829 0.000000 71.092809 -0.833381 0.552607 0.000000 -37.382494 0.000000 0.000000 1.000000 0.000000
0.553363 0.831720 0.000000 71.292892 -0.832231 0.554314 0.000000 -37.689953 0.000000 0.000000 1.000000 0.000000
0.554521 0.830950 0.000000 71.408705 -0.831419 0.555508 0.000000 -37.866430 0.000000 0.000000 1.000000 0.000000
0.555733 0.830158 0.000000 71.522171 -0.830571 0.556745 0.000000 -38.039860 0.000000 0.000000 1.000000 0.000000
0.557592 0.828994 0.000000 71.633570 -0.829339 0.558564 0.000000 -38.208486 0.000000 0.000000 1.000000 0.000000
0.559766 0.827599 0.000000 71.743179 -0.827929 0.560671 0.000000 -38.373448 0.000000 0.000000 1.000000 0.000000
0.561612 0.826344 0.000000 71.855136 -0.826717 0.562485 0.000000 -38.541459 0.000000 0.000000 1.000000 0.000000
0.567029 0.822585 0.000000 72.089248 -0.823017 0.567907 0.000000 -38.891399 0.000000 0.000000 1.000000 0.000000
0.569608 0.820783 0.000000 72.188830 -0.821256 0.570470 0.000000 -39.038617 0.000000 0.000000 1.000000 0.000000
0.572590 0.818774 0.000000 72.290468 -0.819233 0.573385 0.000000 -39.187199 0.000000 0.000000 1.000000 0.000000
0.578564 0.814643 0.000000 72.470771 -0.815083 0.579285 0.000000 -39.445897 0.000000 0.000000 1.000000 0.000000
0.587529 0.808308 0.000000 72.705935 -0.808643 0.588222 0.000000 -39.776865 0.000000 0.000000 1.000000 0.000000
0.593522 0.803931 0.000000 72.848841 -0.804274 0.594192 0.000000 -39.973192 0.000000 0.000000 1.000000 0.000000
0.597820 0.800746 0.000000 72.941873 -0.801096 0.598477 0.000000 -40.100989 0.000000 0.000000 1.000000 0.000000
0.606479 0.794221 0.000000 73.119689 -0.794526 0.607156 0.000000 -40.339064 0.000000 0.000000 1.000000 0.000000
0.610786 0.790921 0.000000 73.204813 -0.791191 0.611481 0.000000 -40.449769 0.000000 0.000000 1.000000 0.000000
0.615120 0.787579 0.000000 73.287641 -0.787812 0.615816 0.000000 -40.557315 0.000000 0.000000 1.000000 0.000000
0.619535 0.784150 0.000000 73.373767 -0.784349 0.620214 0.000000 -40.668758 0.000000 0.000000 1.000000 0.000000
0.624993 0.779854 0.000000 73.497183 -0.780034 0.625637 0.000000 -40.827234 0.000000 0.000000 1.000000 0.000000
0.631464 0.774664 0.000000 73.639094 -0.774841 0.632068 0.000000 -41.006665 0.000000 0.000000 1.000000 0.000000
0.635311 0.771540 0.000000 73.713291 -0.771696 0.635901 0.000000 -41.098667 0.000000 0.000000 1.000000 0.000000
0.638959 0.768549 0.000000 73.788620 -0.768687 0.639534 0.000000 -41.191131 0.000000 0.000000 1.000000 0.000000
0.642400 0.765701 0.000000 73.863804 -0.765823 0.642959 0.000000 -41.283325 0.000000 0.000000 1.000000 0.000000
0.646196 0.762535 0.000000 73.942247 -0.762641 0.646730 0.000000 -41.378925 0.000000 0.000000 1.000000 0.000000
0.649804 0.759504 0.000000 74.013608 -0.759598 0.650306 0.000000 -41.464890 0.000000 0.000000 1.000000 0.000000
0.655641 0.754524 0.000000 74.148817 -0.754612 0.656096 0.000000 -41.626378 0.000000 0.000000 1.000000 0.000000
0.657728 0.752728 0.000000 74.206186 -0.752806 0.658168 0.000000 -41.694433 0.000000 0.000000 1.000000 0.000000
0.660121 0.750644 0.000000 74.258394 -0.750727 0.660545 0.000000 -41.756240 0.000000 0.000000 1.000000 0.000000
0.662512 0.748552 0.000000 74.304838 -0.748643 0.662915 0.000000 -41.810778 0.000000 0.000000 1.000000 0.000000
0.664727 0.746602 0.000000 74.350630 -0.746697 0.665112 0.000000 -41.864405 0.000000 0.000000 1.000000 0.000000
0.666267 0.745228 0.000000 74.390884 -0.745335 0.666644 0.000000 -41.912014 0.000000 0.000000 1.000000 0.000000
0.667424 0.744179 0.000000 74.427004 -0.744307 0.667800 0.000000 -41.954057 0.000000 0.000000 1.000000 0.000000
0.669739 0.742074 0.000000 74.482009 -0.742233 0.670114 0.000000 -42.017371 0.000000 0.000000 1.000000 0.000000
0.671250 0.740695 0.000000 74.511845 -0.740862 0.671630 0.000000 -42.052104 0.000000 0.000000 1.000000 0.000000
0.672622 0.739451 0.000000 74.541811 -0.739613 0.673004 0.000000 -42.086561 0.000000 0.000000 1.000000 0.000000
0.673708 0.738472 0.000000 74.567632 -0.738626 0.674086 0.000000 -42.116053 0.000000 0.000000 1.000000 0.000000
0.674834 0.737447 0.000000 74.593087 -0.737597 0.675211 0.000000 -42.145173 0.000000 0.000000 1.000000 0.000000
0.675834 0.736522 0.000000 74.611700 -0.736672 0.676219 0.000000 -42.166452 0.000000 0.000000 1.000000 0.000000
0.676885 0.735553 0.000000 74.629049 -0.735703 0.677273 0.000000 -42.186401 0.000000 0.000000 1.000000 0.000000
0.677676 0.734824 0.000000 74.644990 -0.734975 0.678063 0.000000 -42.204750 0.000000 0.000000 1.000000 0.000000
0.678117 0.734415 0.000000 74.662040 -0.734566 0.678506 0.000000 -42.224761 0.000000 0.000000 1.000000 0.000000
0.678364 0.734187 0.000000 74.669067 -0.734335 0.678755 0.000000 -42.233360 0.000000 0.000000 1.000000 0.000000
0.678953 0.733642 0.000000 74.683198 -0.733785 0.679348 0.000000 -42.250393 0.000000 0.000000 1.000000 0.000000
0.678979 0.733615 0.000000 74.688649 -0.733752 0.679380 0.000000 -42.257180 0.000000 0.000000 1.000000 0.000000
0.678752 0.733814 0.000000 74.690671 -0.733950 0.679164 0.000000 -42.260346 0.000000 0.000000 1.000000 0.000000
0.678646 0.733886 0.000000 74.690048 -0.734019 0.679083 0.000000 -42.260526 0.000000 0.000000 1.000000 0.000000
0.678800 0.733714 0.000000 74.688577 -0.733836 0.679270 0.000000 -42.259638 0.000000 0.000000 1.000000 0.000000
0.679048 0.733469 0.000000 74.686351 -0.733572 0.679543 0.000000 -42.258060 0.000000 0.000000 1.000000 0.000000
0.679108 0.733412 0.000000 74.684125 -0.733504 0.679610 0.000000 -42.256483 0.000000 0.000000 1.000000 0.000000
0.679050 0.733473 0.000000 74.682263 -0.733567 0.679545 0.000000 -42.255277 0.000000 0.000000 1.000000 0.000000
0.679122 0.733412 0.000000 74.680597 -0.733511 0.679609 0.000000 -42.254230 0.000000 0.000000 1.000000 0.000000
0.679332 0.733212 0.000000 74.679296 -0.733321 0.679818 0.000000 -42.253556 0.000000 0.000000 1.000000 0.000000
0.679426 0.733111 0.000000 74.678190 -0.733238 0.679914 0.000000 -42.253040 0.000000 0.000000 1.000000 0.000000
0.679499 0.733038 0.000000 74.677254 -0.733172 0.679987 0.000000 -42.252737 0.000000 0.000000 1.000000 0.000000
0.679602 0.732936 0.000000 74.676513 -0.733074 0.680094 0.000000 -42.252594 0.000000 0.000000 1.000000 0.000000
0.679689 0.732847 0.000000 74.675448 -0.732983 0.680189 0.000000 -42.252568 0.000000 0.000000 1.000000 0.000000
0.679757 0.732804 0.000000 74.674876 -0.732921 0.680251 0.000000 -42.252638 0.000000 0.000000 1.000000 0.000000
0.679830 0.732747 0.000000 74.674526 -0.732852 0.680321 0.000000 -42.252811 0.000000 0.000000 1.000000 0.000000
0.679845 0.732736 0.000000 74.673954 -0.732836 0.680336 0.000000 -42.252881 0.000000 0.000000 1.000000 0.000000
0.679883 0.732697 0.000000 74.673578 -0.732799 0.680377 0.000000 -42.253110 0.000000 0.000000 1.000000 0.000000
0.679947 0.732628 0.000000 74.673228 -0.732739 0.680444 0.000000 -42.253283 0.000000 0.000000 1.000000 0.000000
0.680000 0.732575 0.000000 74.672877 -0.732692 0.680497 0.000000 -42.253456 0.000000 0.000000 1.000000 0.000000
0.680043 0.732538 0.000000 74.672722 -0.732651 0.680540 0.000000 -42.253788 0.000000 0.000000 1.000000 0.000000
0.680073 0.732514 0.000000 74.672372 -0.732622 0.680569 0.000000 -42.253961 0.000000 0.000000 1.000000 0.000000
0.680129 0.732468 0.000000 74.671723 -0.732569 0.680623 0.000000 -42.254197 0.000000 0.000000 1.000000 0.000000
0.680136 0.732459 0.000000 74.671620 -0.732561 0.680632 0.000000 -42.254418 0.000000 0.000000 1.000000 0.000000
0.680146 0.732444 0.000000 74.671269 -0.732552 0.680644 0.000000 -42.254591 0.000000 0.000000 1.000000 0.000000
0.680207 0.732384 0.000000 74.670919 -0.732496 0.680706 0.000000 -42.254764 0.000000 0.000000 1.000000 0.000000
0.680250 0.732348 0.000000 74.670816 -0.732457 0.680747 0.000000 -42.254986 0.000000 0.000000 1.000000 0.000000
0.680222 0.732376 0.000000 74.670491 -0.732482 0.680719 0.000000 -42.255104 0.000000 0.000000 1.000000 0.000000
0.680209 0.732392 0.000000 74.670362 -0.732494 0.680705 0.000000 -42.255380 0.000000 0.000000 1.000000 0.000000
0.680251 0.732355 0.000000 74.670038 -0.732454 0.680747 0.000000 -42.255498 0.000000 0.000000 1.000000 0.000000
0.680267 0.732339 0.000000 74.669713 -0.732442 0.680761 0.000000 -42.255616 0.000000 0.000000 1.000000 0.000000
0.680278 0.732330 0.000000 74.669636 -0.732434 0.680770 0.000000 -42.255782 0.000000 0.000000 1.000000 0.000000
0.680286 0.732320 0.000000 74.669311 -0.732426 0.680779 0.000000 -42.255900 0.000000 0.000000 1.000000 0.000000
0.680292 0.732312 0.000000 74.669208 -0.732419 0.680787 0.000000 -42.256121 0.000000 0.000000 1.000000 0.000000
0.680302 0.732306 0.000000 74.669104 -0.732408 0.680797 0.000000 -42.256342 0.000000 0.000000 1.000000 0.000000
0.680309 0.732302 0.000000 74.668806 -0.732402 0.680803 0.000000 -42.256405 0.000000 0.000000 1.000000 0.000000
0.680313 0.732300 0.000000 74.668728 -0.732399 0.680806 0.000000 -42.256570 0.000000 0.000000 1.000000 0.000000
0.680291 0.732317 0.000000 74.668378 -0.732416 0.680787 0.000000 -42.256744 0.000000 0.000000 1.000000 0.000000
0.680276 0.732323 0.000000 74.668300 -0.732424 0.680778 0.000000 -42.256910 0.000000 0.000000 1.000000 0.000000
0.680294 0.732305 0.000000 74.668197 -0.732406 0.680797 0.000000 -42.257131 0.000000 0.000000 1.000000 0.000000
0.680308 0.732293 0.000000 74.667898 -0.732390 0.680812 0.000000 -42.257193 0.000000 0.000000 1.000000 0.000000
0.680390 0.732220 0.000000 74.667821 -0.732314 0.680894 0.000000 -42.257359 0.000000 0.000000 1.000000 0.000000
0.680433 0.732183 0.000000 74.667548 -0.732275 0.680935 0.000000 -42.257367 0.000000 0.000000 1.000000 0.000000
0.680515 0.732106 0.000000 74.667471 -0.732198 0.681018 0.000000 -42.257532 0.000000 0.000000 1.000000 0.000000
0.680620 0.732007 0.000000 74.667198 -0.732097 0.681125 0.000000 -42.257540 0.000000 0.000000 1.000000 0.000000
0.680825 0.731816 0.000000 74.666899 -0.731904 0.681331 0.000000 -42.257602 0.000000 0.000000 1.000000 0.000000
0.680995 0.731662 0.000000 74.666626 -0.731749 0.681498 0.000000 -42.257610 0.000000 0.000000 1.000000 0.000000
0.681074 0.731604 0.000000 74.666106 -0.731694 0.681562 0.000000 -42.257569 0.000000 0.000000 1.000000 0.000000
0.681114 0.731569 0.000000 74.665859 -0.731661 0.681599 0.000000 -42.257521 0.000000 0.000000 1.000000 0.000000
0.681189 0.731501 0.000000 74.665808 -0.731594 0.681671 0.000000 -42.257632 0.000000 0.000000 1.000000 0.000000
0.681223 0.731470 0.000000 74.665535 -0.731566 0.681703 0.000000 -42.257639 0.000000 0.000000 1.000000 0.000000
0.681078 0.731605 0.000000 74.665211 -0.731701 0.681558 0.000000 -42.257757 0.000000 0.000000 1.000000 0.000000
0.681026 0.731649 0.000000 74.665133 -0.731743 0.681511 0.000000 -42.257923 0.000000 0.000000 1.000000 0.000000
0.681008 0.731663 0.000000 74.665081 -0.731756 0.681496 0.000000 -42.258034 0.000000 0.000000 1.000000 0.000000
0.680937 0.731728 0.000000 74.664978 -0.731823 0.681425 0.000000 -42.258255 0.000000 0.000000 1.000000 0.000000
0.680821 0.731834 0.000000 74.664901 -0.731930 0.681310 0.000000 -42.258421 0.000000 0.000000 1.000000 0.000000
0.680751 0.731898 0.000000 74.664849 -0.731993 0.681242 0.000000 -42.258531 0.000000 0.000000 1.000000 0.000000
0.680745 0.731905 0.000000 74.664993 -0.731999 0.681235 0.000000 -42.258800 0.000000 0.000000 1.000000 0.000000
0.680699 0.731948 0.000000 74.664941 -0.732041 0.681189 0.000000 -42.258911 0.000000 0.000000 1.000000 0.000000
0.680608 0.732033 0.000000 74.664863 -0.732125 0.681099 0.000000 -42.259077 0.000000 0.000000 1.000000 0.000000
0.680557 0.732079 0.000000 74.664812 -0.732170 0.681050 0.000000 -42.259187 0.000000 0.000000 1.000000 0.000000
0.680535 0.732098 0.000000 74.664734 -0.732189 0.681029 0.000000 -42.259353 0.000000 0.000000 1.000000 0.000000
0.680529 0.732102 0.000000 74.664683 -0.732194 0.681023 0.000000 -42.259464 0.000000 0.000000 1.000000 0.000000
0.680530 0.732097 0.000000 74.664631 -0.732189 0.681028 0.000000 -42.259574 0.000000 0.000000 1.000000 0.000000
0.680574 0.732048 0.000000 74.664579 -0.732141 0.681079 0.000000 -42.259685 0.000000 0.000000 1.000000 0.000000
0.680598 0.732023 0.000000 74.664553 -0.732113 0.681107 0.000000 -42.259740 0.000000 0.000000 1.000000 0.000000
0.680632 0.731991 0.000000 74.664502 -0.732079 0.681142 0.000000 -42.259851 0.000000 0.000000 1.000000 0.000000
0.680670 0.731954 0.000000 74.664255 -0.732041 0.681182 0.000000 -42.259803 0.000000 0.000000 1.000000 0.000000
0.680738 0.731888 0.000000 74.664229 -0.731974 0.681253 0.000000 -42.259858 0.000000 0.000000 1.000000 0.000000
0.680990 0.731655 0.000000 74.663956 -0.731738 0.681505 0.000000 -42.259865 0.000000 0.000000 1.000000 0.000000
0.681253 0.731421 0.000000 74.663514 -0.731503 0.681759 0.000000 -42.259659 0.000000 0.000000 1.000000 0.000000
0.681358 0.731332 0.000000 74.663488 -0.731415 0.681856 0.000000 -42.259714 0.000000 0.000000 1.000000 0.000000
0.681464 0.731236 0.000000 74.663267 -0.731323 0.681957 0.000000 -42.259611 0.000000 0.000000 1.000000 0.000000
0.681567 0.731145 0.000000 74.663046 -0.731233 0.682055 0.000000 -42.259508 0.000000 0.000000 1.000000 0.000000
0.681743 0.730976 0.000000 74.663528 -0.731065 0.682235 0.000000 -42.260205 0.000000 0.000000 1.000000 0.000000
0.681966 0.730757 0.000000 74.664936 -0.730845 0.682468 0.000000 -42.261804 0.000000 0.000000 1.000000 0.000000
0.682439 0.730311 0.000000 74.664988 -0.730396 0.682947 0.000000 -42.261694 0.000000 0.000000 1.000000 0.000000
0.682893 0.729889 0.000000 74.665769 -0.729971 0.683400 0.000000 -42.262328 0.000000 0.000000 1.000000 0.000000
0.683305 0.729498 0.000000 74.667423 -0.729581 0.683816 0.000000 -42.263975 0.000000 0.000000 1.000000 0.000000
0.683854 0.728979 0.000000 74.671046 -0.729062 0.684368 0.000000 -42.267754 0.000000 0.000000 1.000000 0.000000
0.684564 0.728314 0.000000 74.676857 -0.728394 0.685078 0.000000 -42.273765 0.000000 0.000000 1.000000 0.000000
0.685393 0.727532 0.000000 74.684976 -0.727612 0.685909 0.000000 -42.282335 0.000000 0.000000 1.000000 0.000000
0.686206 0.726766 0.000000 74.695648 -0.726844 0.686722 0.000000 -42.293511 0.000000 0.000000 1.000000 0.000000
0.686939 0.726078 0.000000 74.706346 -0.726152 0.687453 0.000000 -42.304632 0.000000 0.000000 1.000000 0.000000
0.687739 0.725323 0.000000 74.718282 -0.725399 0.688249 0.000000 -42.317139 0.000000 0.000000 1.000000 0.000000
0.688440 0.724667 0.000000 74.730244 -0.724747 0.688940 0.000000 -42.329590 0.000000 0.000000 1.000000 0.000000
0.689284 0.723870 0.000000 74.742935 -0.723955 0.689776 0.000000 -42.342786 0.000000 0.000000 1.000000 0.000000
0.690976 0.722262 0.000000 74.768344 -0.722356 0.691457 0.000000 -42.369123 0.000000 0.000000 1.000000 0.000000
0.691874 0.721402 0.000000 74.782886 -0.721499 0.692353 0.000000 -42.384125 0.000000 0.000000 1.000000 0.000000
0.692674 0.720638 0.000000 74.797037 -0.720735 0.693149 0.000000 -42.398810 0.000000 0.000000 1.000000 0.000000
0.693412 0.719935 0.000000 74.812164 -0.720030 0.693882 0.000000 -42.414288 0.000000 0.000000 1.000000 0.000000
0.693971 0.719405 0.000000 74.823643 -0.719503 0.694431 0.000000 -42.426042 0.000000 0.000000 1.000000 0.000000
0.694549 0.718854 0.000000 74.836048 -0.718958 0.695000 0.000000 -42.438700 0.000000 0.000000 1.000000 0.000000
0.695067 0.718358 0.000000 74.847527 -0.718469 0.695510 0.000000 -42.450455 0.000000 0.000000 1.000000 0.000000
0.695517 0.717923 0.000000 74.859176 -0.718038 0.695956 0.000000 -42.462424 0.000000 0.000000 1.000000 0.000000
0.695845 0.717604 0.000000 74.870146 -0.717720 0.696285 0.000000 -42.473537 0.000000 0.000000 1.000000 0.000000
0.696213 0.717245 0.000000 74.880347 -0.717361 0.696654 0.000000 -42.483415 0.000000 0.000000 1.000000 0.000000
0.696695 0.716774 0.000000 74.895055 -0.716891 0.697138 0.000000 -42.497485 0.000000 0.000000 1.000000 0.000000
0.696917 0.716556 0.000000 74.902167 -0.716673 0.697362 0.000000 -42.504172 0.000000 0.000000 1.000000 0.000000
0.697044 0.716434 0.000000 74.908941 -0.716550 0.697489 0.000000 -42.510430 0.000000 0.000000 1.000000 0.000000
0.697001 0.716477 0.000000 74.912041 -0.716594 0.697444 0.000000 -42.513022 0.000000 0.000000 1.000000 0.000000
0.696922 0.716550 0.000000 74.913003 -0.716670 0.697366 0.000000 -42.513269 0.000000 0.000000 1.000000 0.000000
0.696888 0.716579 0.000000 74.912845 -0.716700 0.697335 0.000000 -42.512454 0.000000 0.000000 1.000000 0.000000
0.696923 0.716535 0.000000 74.912296 -0.716658 0.697378 0.000000 -42.511323 0.000000 0.000000 1.000000 0.000000
0.697004 0.716448 0.000000 74.911577 -0.716568 0.697467 0.000000 -42.509977 0.000000 0.000000 1.000000 0.000000
0.697062 0.716390 0.000000 74.910833 -0.716504 0.697530 0.000000 -42.508687 0.000000 0.000000 1.000000 0.000000
0.697117 0.716338 0.000000 74.910284 -0.716449 0.697586 0.000000 -42.507555 0.000000 0.000000 1.000000 0.000000
0.697190 0.716271 0.000000 74.909905 -0.716382 0.697655 0.000000 -42.506638 0.000000 0.000000 1.000000 0.000000
0.697302 0.716160 0.000000 74.909511 -0.716274 0.697767 0.000000 -42.505174 0.000000 0.000000 1.000000 0.000000
0.697383 0.716079 0.000000 74.909276 -0.716196 0.697848 0.000000 -42.504526 0.000000 0.000000 1.000000 0.000000
0.697424 0.716036 0.000000 74.909431 -0.716151 0.697893 0.000000 -42.504194 0.000000 0.000000 1.000000 0.000000
0.697463 0.715999 0.000000 74.909390 -0.716112 0.697932 0.000000 -42.503704 0.000000 0.000000 1.000000 0.000000
0.697512 0.715954 0.000000 74.909545 -0.716065 0.697980 0.000000 -42.503372 0.000000 0.000000 1.000000 0.000000
0.697549 0.715921 0.000000 74.909674 -0.716034 0.698013 0.000000 -42.503096 0.000000 0.000000 1.000000 0.000000
0.697581 0.715886 0.000000 74.909804 -0.716000 0.698048 0.000000 -42.502819 0.000000 0.000000 1.000000 0.000000
0.697591 0.715875 0.000000 74.909933 -0.715989 0.698059 0.000000 -42.502543 0.000000 0.000000 1.000000 0.000000
0.697618 0.715849 0.000000 74.910062 -0.715964 0.698085 0.000000 -42.502266 0.000000 0.000000 1.000000 0.000000
0.697646 0.715826 0.000000 74.910386 -0.715940 0.698110 0.000000 -42.502148 0.000000 0.000000 1.000000 0.000000
0.697703 0.715772 0.000000 74.910567 -0.715885 0.698166 0.000000 -42.501761 0.000000 0.000000 1.000000 0.000000
