0.999971 0.007674 0.000000 1.174485 -0.007674 0.999971 0.000000 -0.012271 0.000000 0.000000 1.000000 0.000000
0.999960 0.008936 0.000000 1.728007 -0.008936 0.999960 0.000000 -0.028394 0.000000 0.000000 1.000000 0.000000
0.999899 0.014181 0.000000 2.876651 -0.014181 0.999899 0.000000 -0.078350 0.000000 0.000000 1.000000 0.000000
0.999884 0.015253 0.000000 3.470390 -0.015253 0.999884 0.000000 -0.089251 0.000000 0.000000 1.000000 0.000000
0.999833 0.018290 0.000000 4.027536 -0.018290 0.999833 0.000000 -0.102569 0.000000 0.000000 1.000000 0.000000
0.999786 0.020666 0.000000 4.618658 -0.020666 0.999786 0.000000 -0.119517 0.000000 0.000000 1.000000 0.000000
0.999714 0.023912 0.000000 5.435369 -0.023912 0.999714 0.000000 -0.133279 0.000000 0.000000 1.000000 0.000000
0.999612 0.027841 0.000000 6.003606 -0.027841 0.999612 0.000000 -0.149585 0.000000 0.000000 1.000000 0.000000
0.999555 0.029826 0.000000 6.570590 -0.029826 0.999555 0.000000 -0.169151 0.000000 0.000000 1.000000 0.000000
0.999355 0.035897 0.000000 7.152639 -0.035897 0.999355 0.000000 -0.180471 0.000000 0.000000 1.000000 0.000000
0.999138 0.041505 0.000000 7.699494 -0.041505 0.999138 0.000000 -0.197691 0.000000 0.000000 1.000000 0.000000
0.998866 0.047608 0.000000 8.275848 -0.047608 0.998866 0.000000 -0.239943 0.000000 0.000000 1.000000 0.000000
0.998556 0.053728 0.000000 8.817824 -0.053728 0.998556 0.000000 -0.270391 0.000000 0.000000 1.000000 0.000000
0.998093 0.061724 0.000000 9.539197 -0.061724 0.998093 0.000000 -0.319338 0.000000 0.000000 1.000000 0.000000
0.997777 0.066634 0.000000 10.107614 -0.066634 0.997777 0.000000 -0.365790 0.000000 0.000000 1.000000 0.000000
0.997497 0.070714 0.000000 10.689483 -0.070714 0.997497 0.000000 -0.407782 0.000000 0.000000 1.000000 0.000000
0.997118 0.075863 0.000000 11.261024 -0.075863 0.997118 0.000000 -0.439013 0.000000 0.000000 1.000000 0.000000
0.995979 0.089586 0.000000 12.406768 -0.089586 0.995979 0.000000 -0.533254 0.000000 0.000000 1.000000 0.000000
0.995530 0.094450 0.000000 12.943169 -0.094450 0.995530 0.000000 -0.569991 0.000000 0.000000 1.000000 0.000000
0.994763 0.102208 0.000000 13.522337 -0.102208 0.994763 0.000000 -0.621770 0.000000 0.000000 1.000000 0.000000
0.993874 0.110521 0.000000 14.069633 -0.110521 0.993874 0.000000 -0.677064 0.000000 0.000000 1.000000 0.000000
0.993007 0.118057 0.000000 14.633591 -0.118057 0.993007 0.000000 -0.741461 0.000000 0.000000 1.000000 0.000000
0.992166 0.124927 0.000000 15.155409 -0.124927 0.992166 0.000000 -0.808220 0.000000 0.000000 1.000000 0.000000
0.991547 0.129751 0.000000 15.728938 -0.129751 0.991547 0.000000 -0.894798 0.000000 0.000000 1.000000 0.000000
0.990738 0.135786 0.000000 16.261238 -0.135786 0.990738 0.000000 -0.975495 0.000000 0.000000 1.000000 0.000000
0.989389 0.145293 0.000000 17.003504 -0.145293 0.989389 0.000000 -1.084376 0.000000 0.000000 1.000000 0.000000
0.987805 0.155696 0.000000 17.568752 -0.155696 0.987805 0.000000 -1.171362 0.000000 0.000000 1.000000 0.000000
0.986831 0.161758 0.000000 18.123331 -0.161758 0.986831 0.000000 -1.264751 0.000000 0.000000 1.000000 0.000000
0.986054 0.166428 0.000000 18.666089 -0.166428 0.986054 0.000000 -1.363116 0.000000 0.000000 1.000000 0.000000
0.985208 0.171365 0.000000 19.230265 -0.171365 0.985208 0.000000 -1.459746 0.000000 0.000000 1.000000 0.000000
0.984050 0.177893 0.000000 19.757743 -0.177893 0.984050 0.000000 -1.557447 0.000000 0.000000 1.000000 0.000000
0.982722 0.185090 0.000000 20.280664 -0.185090 0.982722 0.000000 -1.657085 0.000000 0.000000 1.000000 0.000000
0.981475 0.191590 0.000000 20.833972 -0.191590 0.981475 0.000000 -1.761057 0.000000 0.000000 1.000000 0.000000
0.979597 0.200970 0.000000 21.354643 -0.200970 0.979597 0.000000 -1.870455 0.000000 0.000000 1.000000 0.000000
0.978048 0.208382 0.000000 21.913194 -0.208382 0.978048 0.000000 -1.991299 0.000000 0.000000 1.000000 0.000000
0.976246 0.216664 0.000000 22.651544 -0.216664 0.976246 0.000000 -2.160683 0.000000 0.000000 1.000000 0.000000
0.974386 0.224882 0.000000 23.192083 -0.224882 0.974386 0.000000 -2.292957 0.000000 0.000000 1.000000 0.000000
0.972501 0.232900 0.000000 23.773533 -0.232900 0.972501 0.000000 -2.428369 0.000000 0.000000 1.000000 0.000000
0.970801 0.239886 0.000000 24.315359 -0.239886 0.970801 0.000000 -2.564466 0.000000 0.000000 1.000000 0.000000
0.969000 0.247060 0.000000 24.857757 -0.247060 0.969000 0.000000 -2.705048 0.000000 0.000000 1.000000 0.000000
0.967459 0.253028 0.000000 25.358131 -0.253028 0.967459 0.000000 -2.837018 0.000000 0.000000 1.000000 0.000000
0.965723 0.259575 0.000000 25.906154 -0.259575 0.965723 0.000000 -2.970248 0.000000 0.000000 1.000000 0.000000
0.966018 0.258473 0.000000 26.404079 -0.258473 0.966018 0.000000 -3.095290 0.000000 0.000000 1.000000 0.000000
0.964375 0.264539 0.000000 26.937221 -0.264539 0.964375 0.000000 -3.230704 0.000000 0.000000 1.000000 0.000000
0.961018 0.276487 0.000000 27.958820 -0.276487 0.961018 0.000000 -3.521044 0.000000 0.000000 1.000000 0.000000
0.959523 0.281630 0.000000 28.442877 -0.281630 0.959523 0.000000 -3.664097 0.000000 0.000000 1.000000 0.000000
0.957604 0.288088 0.000000 28.968154 -0.288088 0.957604 0.000000 -3.818663 0.000000 0.000000 1.000000 0.000000
0.955480 0.295056 0.000000 29.635104 -0.295056 0.955480 0.000000 -4.021121 0.000000 0.000000 1.000000 0.000000
0.953830 0.300346 0.000000 30.116969 -0.300346 0.953830 0.000000 -4.177410 0.000000 0.000000 1.000000 0.000000
0.952239 0.305355 0.000000 30.598376 -0.305355 0.952239 0.000000 -4.335071 0.000000 0.000000 1.000000 0.000000
0.949934 0.312450 0.000000 31.105784 -0.312450 0.949934 0.000000 -4.506078 0.000000 0.000000 1.000000 0.000000
0.949040 0.315156 0.000000 31.579123 -0.315156 0.949040 0.000000 -4.665468 0.000000 0.000000 1.000000 0.000000
0.946018 0.324116 0.000000 32.239012 -0.324116 0.946018 0.000000 -4.901466 0.000000 0.000000 1.000000 0.000000
0.944264 0.329188 0.000000 32.745139 -0.329188 0.944264 0.000000 -5.088139 0.000000 0.000000 1.000000 0.000000
0.943049 0.332653 0.000000 33.249475 -0.332653 0.943049 0.000000 -5.278578 0.000000 0.000000 1.000000 0.000000
0.941225 0.337779 0.000000 33.727391 -0.337779 0.941225 0.000000 -5.469649 0.000000 0.000000 1.000000 0.000000
0.939652 0.342132 0.000000 34.231751 -0.342132 0.939652 0.000000 -5.668043 0.000000 0.000000 1.000000 0.000000
0.937838 0.347074 0.000000 34.730365 -0.347074 0.937838 0.000000 -5.862571 0.000000 0.000000 1.000000 0.000000
0.935353 0.353716 0.000000 35.195937 -0.353716 0.935353 0.000000 -6.032730 0.000000 0.000000 1.000000 0.000000
0.933822 0.357738 0.000000 35.692626 -0.357738 0.933822 0.000000 -6.233456 0.000000 0.000000 1.000000 0.000000
0.932028 0.362385 0.000000 36.162889 -0.362385 0.932028 0.000000 -6.421603 0.000000 0.000000 1.000000 0.000000
0.929357 0.369181 0.000000 36.656303 -0.369181 0.929357 0.000000 -6.618295 0.000000 0.000000 1.000000 0.000000
0.926994 0.375076 0.000000 37.130210 -0.375076 0.926994 0.000000 -6.811892 0.000000 0.000000 1.000000 0.000000
0.924134 0.382067 0.000000 37.624314 -0.382067 0.924134 0.000000 -7.016283 0.000000 0.000000 1.000000 0.000000
0.921281 0.388899 0.000000 38.092658 -0.388899 0.921281 0.000000 -7.206164 0.000000 0.000000 1.000000 0.000000
0.918906 0.394476 0.000000 38.585388 -0.394476 0.918906 0.000000 -7.426729 0.000000 0.000000 1.000000 0.000000
0.917579 0.397554 0.000000 39.038521 -0.397554 0.917579 0.000000 -7.626066 0.000000 0.000000 1.000000 0.000000
0.914284 0.405073 0.000000 39.713344 -0.405073 0.914284 0.000000 -7.932890 0.000000 0.000000 1.000000 0.000000
0.909955 0.414708 0.000000 40.405995 -0.414708 0.909955 0.000000 -8.249821 0.000000 0.000000 1.000000 0.000000
0.906717 0.421740 0.000000 40.882277 -0.421740 0.906717 0.000000 -8.469661 0.000000 0.000000 1.000000 0.000000
0.900782 0.434271 0.000000 41.715148 -0.434271 0.900782 0.000000 -8.866461 0.000000 0.000000 1.000000 0.000000
0.898519 0.438934 0.000000 42.187601 -0.438934 0.898519 0.000000 -9.097664 0.000000 0.000000 1.000000 0.000000
0.896432 0.443181 0.000000 42.659329 -0.443181 0.896432 0.000000 -9.332815 0.000000 0.000000 1.000000 0.000000
0.895026 0.446014 0.000000 43.125694 -0.446014 0.895026 0.000000 -9.568786 0.000000 0.000000 1.000000 0.000000
0.890642 0.454705 0.000000 43.587490 -0.454705 0.890642 0.000000 -9.796249 0.000000 0.000000 1.000000 0.000000
0.889727 0.456493 0.000000 44.075693 -0.456493 0.889727 0.000000 -10.050634 0.000000 0.000000 1.000000 0.000000
0.888701 0.458488 0.000000 44.492106 -0.458488 0.888701 0.000000 -10.283406 0.000000 0.000000 1.000000 0.000000
0.885710 0.464240 0.000000 44.940681 -0.464240 0.885710 0.000000 -10.527715 0.000000 0.000000 1.000000 0.000000
0.883721 0.468014 0.000000 45.385286 -0.468014 0.883721 0.000000 -10.760897 0.000000 0.000000 1.000000 0.000000
0.882880 0.469599 0.000000 45.829008 -0.469599 0.882880 0.000000 -10.994553 0.000000 0.000000 1.000000 0.000000
0.880344 0.474337 0.000000 46.253684 -0.474337 0.880344 0.000000 -11.221974 0.000000 0.000000 1.000000 0.000000
0.878710 0.477356 0.000000 46.682411 -0.477356 0.878710 0.000000 -11.458026 0.000000 0.000000 1.000000 0.000000
0.876715 0.481009 0.000000 47.075008 -0.481009 0.876715 0.000000 -11.676255 0.000000 0.000000 1.000000 0.000000
0.876346 0.481682 0.000000 47.492717 -0.481682 0.876346 0.000000 -11.919227 0.000000 0.000000 1.000000 0.000000
0.874248 0.485480 0.000000 47.879967 -0.485480 0.874248 0.000000 -12.136254 0.000000 0.000000 1.000000 0.000000
0.872868 0.487956 0.000000 48.296182 -0.487956 0.872868 0.000000 -12.379026 0.000000 0.000000 1.000000 0.000000
0.872232 0.489093 0.000000 48.693288 -0.489093 0.872232 0.000000 -12.602570 0.000000 0.000000 1.000000 0.000000
0.869464 0.493995 0.000000 49.081064 -0.493995 0.869464 0.000000 -12.827505 0.000000 0.000000 1.000000 0.000000
0.869200 0.494461 0.000000 49.470088 -0.494461 0.869200 0.000000 -13.049712 0.000000 0.000000 1.000000 0.000000
0.863867 0.503720 0.000000 49.860791 -0.503720 0.863867 0.000000 -13.255482 0.000000 0.000000 1.000000 0.000000
0.861019 0.508573 0.000000 50.224690 -0.508573 0.861019 0.000000 -13.473560 0.000000 0.000000 1.000000 0.000000
0.859248 0.511560 0.000000 50.578401 -0.511560 0.859248 0.000000 -13.694811 0.000000 0.000000 1.000000 0.000000
0.856850 0.515566 0.000000 50.947924 -0.515566 0.856850 0.000000 -13.929587 0.000000 0.000000 1.000000 0.000000
0.853070 0.521797 0.000000 51.473736 -0.521797 0.853070 0.000000 -14.281133 0.000000 0.000000 1.000000 0.000000
0.848592 0.529047 0.000000 51.851503 -0.529047 0.848592 0.000000 -14.537274 0.000000 0.000000 1.000000 0.000000
0.843501 0.537127 0.000000 52.200571 -0.537127 0.843501 0.000000 -14.769946 0.000000 0.000000 1.000000 0.000000
0.840734 0.541449 0.000000 52.542082 -0.541449 0.840734 0.000000 -15.003234 0.000000 0.000000 1.000000 0.000000
0.838186 0.545385 0.000000 52.874304 -0.545385 0.838186 0.000000 -15.229939 0.000000 0.000000 1.000000 0.000000
0.834370 0.551204 0.000000 53.208998 -0.551204 0.834370 0.000000 -15.457017 0.000000 0.000000 1.000000 0.000000
0.831769 0.555122 0.000000 53.531789 -0.555122 0.831769 0.000000 -15.682261 0.000000 0.000000 1.000000 0.000000
0.828318 0.560258 0.000000 53.867155 -0.560258 0.828318 0.000000 -15.901312 0.000000 0.000000 1.000000 0.000000
0.826060 0.563583 0.000000 54.193268 -0.563583 0.826060 0.000000 -16.119494 0.000000 0.000000 1.000000 0.000000
0.824255 0.566219 0.000000 54.516278 -0.566219 0.824255 0.000000 -16.347993 0.000000 0.000000 1.000000 0.000000
0.821665 0.569970 0.000000 54.828002 -0.569970 0.821665 0.000000 -16.568188 0.000000 0.000000 1.000000 0.000000
0.818770 0.574122 0.000000 55.431034 -0.574122 0.818770 0.000000 -17.005744 0.000000 0.000000 1.000000 0.000000
0.817214 0.576334 0.000000 55.718114 -0.576334 0.817214 0.000000 -17.211714 0.000000 0.000000 1.000000 0.000000
0.815861 0.578248 0.000000 55.989259 -0.578248 0.815861 0.000000 -17.403084 0.000000 0.000000 1.000000 0.000000
0.815263 0.579091 0.000000 56.254706 -0.579091 0.815263 0.000000 -17.589924 0.000000 0.000000 1.000000 0.000000
0.814966 0.579509 0.000000 56.536819 -0.579509 0.814966 0.000000 -17.795681 0.000000 0.000000 1.000000 0.000000
0.812965 0.582312 0.000000 56.794720 -0.582312 0.812965 0.000000 -17.977383 0.000000 0.000000 1.000000 0.000000
0.811562 0.584267 0.000000 57.064284 -0.584267 0.811562 0.000000 -18.169311 0.000000 0.000000 1.000000 0.000000
0.810388 0.585893 0.000000 57.320678 -0.585893 0.810388 0.000000 -18.353038 0.000000 0.000000 1.000000 0.000000
0.809940 0.586513 0.000000 57.584787 -0.586513 0.809940 0.000000 -18.539226 0.000000 0.000000 1.000000 0.000000
0.810112 0.586276 0.000000 57.821464 -0.586276 0.810112 0.000000 -18.716449 0.000000 0.000000 1.000000 0.000000
0.807757 0.589516 0.000000 58.059698 -0.589516 0.807757 0.000000 -18.879671 0.000000 0.000000 1.000000 0.000000
0.806184 0.591664 0.000000 58.310020 -0.591664 0.806184 0.000000 -19.054604 0.000000 0.000000 1.000000 0.000000
0.802496 0.596657 0.000000 58.662343 -0.596657 0.802496 0.000000 -19.315898 0.000000 0.000000 1.000000 0.000000
0.801152 0.598461 0.000000 58.919468 -0.598461 0.801152 0.000000 -19.499441 0.000000 0.000000 1.000000 0.000000
0.797210 0.603702 0.000000 59.157078 -0.603702 0.797210 0.000000 -19.676558 0.000000 0.000000 1.000000 0.000000
0.794580 0.607159 0.000000 59.381600 -0.607159 0.794580 0.000000 -19.847520 0.000000 0.000000 1.000000 0.000000
0.791254 0.611488 0.000000 59.602312 -0.611488 0.791254 0.000000 -20.013899 0.000000 0.000000 1.000000 0.000000
0.788533 0.614992 0.000000 59.812076 -0.614992 0.788533 0.000000 -20.176830 0.000000 0.000000 1.000000 0.000000
0.788465 0.615080 0.000000 60.020491 -0.615080 0.788465 0.000000 -20.346925 0.000000 0.000000 1.000000 0.000000
0.787892 0.615814 0.000000 60.225039 -0.615814 0.787892 0.000000 -20.512951 0.000000 0.000000 1.000000 0.000000
0.790001 0.613106 0.000000 60.428761 -0.613106 0.790001 0.000000 -20.672130 0.000000 0.000000 1.000000 0.000000
0.788489 0.615048 0.000000 60.609279 -0.615048 0.788489 0.000000 -20.832963 0.000000 0.000000 1.000000 0.000000
0.784000 0.620760 0.000000 60.980423 -0.620760 0.784000 0.000000 -21.140336 0.000000 0.000000 1.000000 0.000000
0.780083 0.625676 0.000000 61.149607 -0.625676 0.780083 0.000000 -21.266265 0.000000 0.000000 1.000000 0.000000
0.779294 0.626659 0.000000 61.305458 -0.626659 0.779294 0.000000 -21.406946 0.000000 0.000000 1.000000 0.000000
0.779829 0.625992 0.000000 61.471442 -0.625992 0.779829 0.000000 -21.558059 0.000000 0.000000 1.000000 0.000000
0.779134 0.626858 0.000000 61.625622 -0.626858 0.779134 0.000000 -21.689575 0.000000 0.000000 1.000000 0.000000
0.777808 0.628502 0.000000 61.773475 -0.628502 0.777808 0.000000 -21.812681 0.000000 0.000000 1.000000 0.000000
0.777670 0.628672 0.000000 61.931666 -0.628672 0.777670 0.000000 -21.942767 0.000000 0.000000 1.000000 0.000000
0.776623 0.629966 0.000000 62.075353 -0.629966 0.776623 0.000000 -22.061310 0.000000 0.000000 1.000000 0.000000
0.774765 0.632250 0.000000 62.232871 -0.632250 0.774765 0.000000 -22.188157 0.000000 0.000000 1.000000 0.000000
0.770798 0.637079 0.000000 62.535840 -0.637079 0.770798 0.000000 -22.436036 0.000000 0.000000 1.000000 0.000000
0.769183 0.639029 0.000000 62.680160 -0.639029 0.769183 0.000000 -22.555314 0.000000 0.000000 1.000000 0.000000
0.768459 0.639899 0.000000 62.825252 -0.639899 0.768459 0.000000 -22.673740 0.000000 0.000000 1.000000 0.000000
0.766777 0.641914 0.000000 63.071142 -0.641914 0.766777 0.000000 -22.874957 0.000000 0.000000 1.000000 0.000000
0.765676 0.643226 0.000000 63.225550 -0.643226 0.765676 0.000000 -23.012731 0.000000 0.000000 1.000000 0.000000
0.763212 0.646149 0.000000 63.379174 -0.646149 0.763212 0.000000 -23.144072 0.000000 0.000000 1.000000 0.000000
0.761080 0.648658 0.000000 63.533078 -0.648658 0.761080 0.000000 -23.279168 0.000000 0.000000 1.000000 0.000000
0.761929 0.647661 0.000000 63.685971 -0.647661 0.761929 0.000000 -23.407848 0.000000 0.000000 1.000000 0.000000
0.760405 0.649450 0.000000 63.840768 -0.649450 0.760405 0.000000 -23.532537 0.000000 0.000000 1.000000 0.000000
0.758984 0.651110 0.000000 63.992177 -0.651110 0.758984 0.000000 -23.657809 0.000000 0.000000 1.000000 0.000000
0.755599 0.655034 0.000000 64.300773 -0.655034 0.755599 0.000000 -23.926958 0.000000 0.000000 1.000000 0.000000
0.753156 0.657842 0.000000 64.455571 -0.657842 0.753156 0.000000 -24.063205 0.000000 0.000000 1.000000 0.000000
0.751395 0.659852 0.000000 64.617894 -0.659852 0.751395 0.000000 -24.199487 0.000000 0.000000 1.000000 0.000000
0.749162 0.662387 0.000000 64.772407 -0.662387 0.749162 0.000000 -24.336295 0.000000 0.000000 1.000000 0.000000
0.747006 0.664817 0.000000 64.938384 -0.664817 0.747006 0.000000 -24.482388 0.000000 0.000000 1.000000 0.000000
0.746108 0.665825 0.000000 65.094486 -0.665825 0.746108 0.000000 -24.627707 0.000000 0.000000 1.000000 0.000000
0.744092 0.668077 0.000000 65.248221 -0.668077 0.744092 0.000000 -24.769106 0.000000 0.000000 1.000000 0.000000
0.742331 0.670034 0.000000 65.413317 -0.670034 0.742331 0.000000 -24.923343 0.000000 0.000000 1.000000 0.000000
0.739195 0.673491 0.000000 65.581895 -0.673491 0.739195 0.000000 -25.062154 0.000000 0.000000 1.000000 0.000000
0.735023 0.678042 0.000000 65.752627 -0.678042 0.735023 0.000000 -25.206635 0.000000 0.000000 1.000000 0.000000
0.731112 0.682258 0.000000 65.923149 -0.682258 0.731112 0.000000 -25.362659 0.000000 0.000000 1.000000 0.000000
0.728840 0.684685 0.000000 66.087565 -0.684685 0.728840 0.000000 -25.512165 0.000000 0.000000 1.000000 0.000000
0.726515 0.687151 0.000000 66.267432 -0.687151 0.726515 0.000000 -25.676962 0.000000 0.000000 1.000000 0.000000
0.724771 0.688990 0.000000 66.424323 -0.688990 0.724771 0.000000 -25.842951 0.000000 0.000000 1.000000 0.000000
0.721048 0.692885 0.000000 66.613486 -0.692885 0.721048 0.000000 -26.019951 0.000000 0.000000 1.000000 0.000000
0.718591 0.695432 0.000000 66.786432 -0.695432 0.718591 0.000000 -26.192574 0.000000 0.000000 1.000000 0.000000
0.713160 0.701001 0.000000 67.051738 -0.701001 0.713160 0.000000 -26.449684 0.000000 0.000000 1.000000 0.000000
0.711361 0.702827 0.000000 67.223178 -0.702827 0.711361 0.000000 -26.621884 0.000000 0.000000 1.000000 0.000000
0.709614 0.704590 0.000000 67.408844 -0.704590 0.709614 0.000000 -26.809254 0.000000 0.000000 1.000000 0.000000
0.707960 0.706252 0.000000 67.583013 -0.706252 0.707960 0.000000 -26.994793 0.000000 0.000000 1.000000 0.000000
0.703488 0.710707 0.000000 67.954537 -0.710707 0.703488 0.000000 -27.386290 0.000000 0.000000 1.000000 0.000000
0.701132 0.713032 0.000000 68.131221 -0.713032 0.701132 0.000000 -27.577744 0.000000 0.000000 1.000000 0.000000
0.698913 0.715206 0.000000 68.305230 -0.715206 0.698913 0.000000 -27.759355 0.000000 0.000000 1.000000 0.000000
0.697280 0.716799 0.000000 68.488741 -0.716799 0.697280 0.000000 -27.957087 0.000000 0.000000 1.000000 0.000000
0.694441 0.719550 0.000000 68.755101 -0.719550 0.694441 0.000000 -28.214398 0.000000 0.000000 1.000000 0.000000
0.689236 0.724537 0.000000 68.949393 -0.724537 0.689236 0.000000 -28.401770 0.000000 0.000000 1.000000 0.000000
0.685753 0.727834 0.000000 69.123721 -0.727834 0.685753 0.000000 -28.585709 0.000000 0.000000 1.000000 0.000000
0.681727 0.731606 0.000000 69.303342 -0.731606 0.681727 0.000000 -28.779199 0.000000 0.000000 1.000000 0.000000
0.679168 0.733983 0.000000 69.462649 -0.733983 0.679168 0.000000 -28.966896 0.000000 0.000000 1.000000 0.000000
0.677352 0.735659 0.000000 69.627373 -0.735659 0.677352 0.000000 -29.150086 0.000000 0.000000 1.000000 0.000000
0.674584 0.738198 0.000000 69.798500 -0.738198 0.674584 0.000000 -29.347439 0.000000 0.000000 1.000000 0.000000
0.673751 0.738959 0.000000 69.964149 -0.738959 0.673751 0.000000 -29.535721 0.000000 0.000000 1.000000 0.000000
0.672088 0.740471 0.000000 70.127220 -0.740471 0.672088 0.000000 -29.722962 0.000000 0.000000 1.000000 0.000000
0.669513 0.742801 0.000000 70.301589 -0.742801 0.669513 0.000000 -29.921812 0.000000 0.000000 1.000000 0.000000
0.669371 0.742929 0.000000 70.457790 -0.742929 0.669371 0.000000 -30.105394 0.000000 0.000000 1.000000 0.000000
0.669981 0.742378 0.000000 70.677879 -0.742378 0.669981 0.000000 -30.361537 0.000000 0.000000 1.000000 0.000000
0.669469 0.742840 0.000000 70.854456 -0.742840 0.669469 0.000000 -30.563784 0.000000 0.000000 1.000000 0.000000
0.668708 0.743525 0.000000 71.016975 -0.743525 0.668708 0.000000 -30.752368 0.000000 0.000000 1.000000 0.000000
0.669228 0.743057 0.000000 71.175989 -0.743057 0.669228 0.000000 -30.943656 0.000000 0.000000 1.000000 0.000000
0.667653 0.744473 0.000000 71.338194 -0.744473 0.667653 0.000000 -31.131626 0.000000 0.000000 1.000000 0.000000
0.667272 0.744815 0.000000 71.498121 -0.744815 0.667272 0.000000 -31.317733 0.000000 0.000000 1.000000 0.000000
0.670994 0.741463 0.000000 71.646185 -0.741463 0.670994 0.000000 -31.507800 0.000000 0.000000 1.000000 0.000000
0.671085 0.741380 0.000000 71.809270 -0.741380 0.671085 0.000000 -31.686221 0.000000 0.000000 1.000000 0.000000
0.673202 0.739459 0.000000 71.968605 -0.739459 0.673202 0.000000 -31.873232 0.000000 0.000000 1.000000 0.000000
0.673891 0.738831 0.000000 72.115142 -0.738831 0.673891 0.000000 -32.039773 0.000000 0.000000 1.000000 0.000000
0.674475 0.738298 0.000000 72.418004 -0.738298 0.674475 0.000000 -32.386474 0.000000 0.000000 1.000000 0.000000
0.674714 0.738080 0.000000 72.575976 -0.738080 0.674714 0.000000 -32.562814 0.000000 0.000000 1.000000 0.000000
0.677058 0.735930 0.000000 72.729628 -0.735930 0.677058 0.000000 -32.735736 0.000000 0.000000 1.000000 0.000000
0.679032 0.734109 0.000000 72.861175 -0.734109 0.679032 0.000000 -32.891982 0.000000 0.000000 1.000000 0.000000
0.680383 0.732857 0.000000 73.014190 -0.732857 0.680383 0.000000 -33.049941 0.000000 0.000000 1.000000 0.000000
0.681416 0.731897 0.000000 73.160723 -0.731897 0.681416 0.000000 -33.208328 0.000000 0.000000 1.000000 0.000000
0.681726 0.731608 0.000000 73.307417 -0.731608 0.681726 0.000000 -33.370463 0.000000 0.000000 1.000000 0.000000
0.683105 0.730320 0.000000 73.554255 -0.730320 0.683105 0.000000 -33.639655 0.000000 0.000000 1.000000 0.000000
0.684745 0.728782 0.000000 73.692500 -0.728782 0.684745 0.000000 -33.796781 0.000000 0.000000 1.000000 0.000000
0.687354 0.726323 0.000000 73.827158 -0.726323 0.687354 0.000000 -33.952010 0.000000 0.000000 1.000000 0.000000
0.687885 0.725820 0.000000 73.965692 -0.725820 0.687885 0.000000 -34.103421 0.000000 0.000000 1.000000 0.000000
0.690666 0.723174 0.000000 74.103377 -0.723174 0.690666 0.000000 -34.257116 0.000000 0.000000 1.000000 0.000000
0.693162 0.720782 0.000000 74.235698 -0.720782 0.693162 0.000000 -34.407641 0.000000 0.000000 1.000000 0.000000
0.698799 0.715318 0.000000 74.507872 -0.715318 0.698799 0.000000 -34.690425 0.000000 0.000000 1.000000 0.000000
0.702251 0.711929 0.000000 74.628838 -0.711929 0.702251 0.000000 -34.820117 0.000000 0.000000 1.000000 0.000000
0.705506 0.708704 0.000000 74.747543 -0.708704 0.705506 0.000000 -34.944916 0.000000 0.000000 1.000000 0.000000
0.711840 0.702341 0.000000 74.957911 -0.702341 0.711840 0.000000 -35.162124 0.000000 0.000000 1.000000 0.000000
0.716288 0.697805 0.000000 75.244510 -0.697805 0.716288 0.000000 -35.436881 0.000000 0.000000 1.000000 0.000000
0.723270 0.690566 0.000000 75.411432 -0.690566 0.723270 0.000000 -35.600367 0.000000 0.000000 1.000000 0.000000
0.726422 0.687249 0.000000 75.520147 -0.687249 0.726422 0.000000 -35.694817 0.000000 0.000000 1.000000 0.000000
0.735472 0.677555 0.000000 75.722375 -0.677555 0.735472 0.000000 -35.898058 0.000000 0.000000 1.000000 0.000000
0.739663 0.672978 0.000000 75.820674 -0.672978 0.739663 0.000000 -35.992794 0.000000 0.000000 1.000000 0.000000
0.743366 0.668885 0.000000 75.916040 -0.668885 0.743366 0.000000 -36.073147 0.000000 0.000000 1.000000 0.000000
0.746306 0.665603 0.000000 76.010936 -0.665603 0.746306 0.000000 -36.157587 0.000000 0.000000 1.000000 0.000000
0.751190 0.660086 0.000000 76.162305 -0.660086 0.751190 0.000000 -36.291378 0.000000 0.000000 1.000000 0.000000
0.758027 0.652224 0.000000 76.340888 -0.652224 0.758027 0.000000 -36.458983 0.000000 0.000000 1.000000 0.000000
0.761781 0.647835 0.000000 76.430049 -0.647835 0.761781 0.000000 -36.537978 0.000000 0.000000 1.000000 0.000000
0.765575 0.643346 0.000000 76.517736 -0.643346 0.765575 0.000000 -36.617101 0.000000 0.000000 1.000000 0.000000
0.769206 0.639000 0.000000 76.600859 -0.639000 0.769206 0.000000 -36.690879 0.000000 0.000000 1.000000 0.000000
0.773086 0.634301 0.000000 76.685320 -0.634301 0.773086 0.000000 -36.760371 0.000000 0.000000 1.000000 0.000000
0.775535 0.631304 0.000000 76.763857 -0.631304 0.775535 0.000000 -36.816978 0.000000 0.000000 1.000000 0.000000
0.782669 0.622438 0.000000 76.911303 -0.622438 0.782669 0.000000 -36.940683 0.000000 0.000000 1.000000 0.000000
0.785087 0.619386 0.000000 76.978640 -0.619386 0.785087 0.000000 -36.993778 0.000000 0.000000 1.000000 0.000000
0.788122 0.615519 0.000000 77.045050 -0.615519 0.788122 0.000000 -37.050488 0.000000 0.000000 1.000000 0.000000
0.789781 0.613388 0.000000 77.103445 -0.613388 0.789781 0.000000 -37.096918 0.000000 0.000000 1.000000 0.000000
0.793265 0.608877 0.000000 77.159661 -0.608877 0.793265 0.000000 -37.139313 0.000000 0.000000 1.000000 0.000000
0.794986 0.606628 0.000000 77.200669 -0.606628 0.794986 0.000000 -37.170626 0.000000 0.000000 1.000000 0.000000
0.796836 0.604196 0.000000 77.244139 -0.604196 0.796836 0.000000 -37.207268 0.000000 0.000000 1.000000 0.000000
0.798403 0.602124 0.000000 77.312640 -0.602124 0.798403 0.000000 -37.254544 0.000000 0.000000 1.000000 0.000000
0.800021 0.599971 0.000000 77.344114 -0.599971 0.800021 0.000000 -37.278828 0.000000 0.000000 1.000000 0.000000
0.800649 0.599134 0.000000 77.378195 -0.599134 0.800649 0.000000 -37.303581 0.000000 0.000000 1.000000 0.000000
0.801293 0.598273 0.000000 77.403774 -0.598273 0.801293 0.000000 -37.318123 0.000000 0.000000 1.000000 0.000000
0.802451 0.596717 0.000000 77.424518 -0.596717 0.802451 0.000000 -37.335277 0.000000 0.000000 1.000000 0.000000
0.803484 0.595326 0.000000 77.444857 -0.595326 0.803484 0.000000 -37.349280 0.000000 0.000000 1.000000 0.000000
0.803904 0.594759 0.000000 77.461695 -0.594759 0.803904 0.000000 -37.361693 0.000000 0.000000 1.000000 0.000000
0.804087 0.594511 0.000000 77.472391 -0.594511 0.804087 0.000000 -37.371525 0.000000 0.000000 1.000000 0.000000
0.805763 0.592238 0.000000 77.482498 -0.592238 0.805763 0.000000 -37.386447 0.000000 0.000000 1.000000 0.000000
0.805126 0.593104 0.000000 77.487362 -0.593104 0.805126 0.000000 -37.378908 0.000000 0.000000 1.000000 0.000000
0.806089 0.591795 0.000000 77.488673 -0.591795 0.806089 0.000000 -37.378640 0.000000 0.000000 1.000000 0.000000
0.806101 0.591778 0.000000 77.486910 -0.591778 0.806101 0.000000 -37.377194 0.000000 0.000000 1.000000 0.000000
0.805318 0.592843 0.000000 77.486979 -0.592843 0.805318 0.000000 -37.374091 0.000000 0.000000 1.000000 0.000000
0.805267 0.592912 0.000000 77.482750 -0.592912 0.805267 0.000000 -37.374022 0.000000 0.000000 1.000000 0.000000
0.804972 0.593313 0.000000 77.480125 -0.593313 0.804972 0.000000 -37.373318 0.000000 0.000000 1.000000 0.000000
0.806013 0.591898 0.000000 77.476766 -0.591898 0.806013 0.000000 -37.378337 0.000000 0.000000 1.000000 0.000000
0.806065 0.591827 0.000000 77.475190 -0.591827 0.806065 0.000000 -37.379447 0.000000 0.000000 1.000000 0.000000
0.805256 0.592927 0.000000 77.476627 -0.592927 0.805256 0.000000 -37.377255 0.000000 0.000000 1.000000 0.000000
0.805068 0.593182 0.000000 77.476793 -0.593182 0.805068 0.000000 -37.376853 0.000000 0.000000 1.000000 0.000000
0.805135 0.593091 0.000000 77.475769 -0.593091 0.805135 0.000000 -37.377165 0.000000 0.000000 1.000000 0.000000
0.805076 0.593172 0.000000 77.475484 -0.593172 0.805076 0.000000 -37.376379 0.000000 0.000000 1.000000 0.000000
0.805092 0.593150 0.000000 77.475924 -0.593150 0.805092 0.000000 -37.375127 0.000000 0.000000 1.000000 0.000000
0.805030 0.593235 0.000000 77.477131 -0.593235 0.805030 0.000000 -37.373751 0.000000 0.000000 1.000000 0.000000
0.804889 0.593425 0.000000 77.478126 -0.593425 0.804889 0.000000 -37.372163 0.000000 0.000000 1.000000 0.000000
0.804830 0.593505 0.000000 77.478304 -0.593505 0.804830 0.000000 -37.372418 0.000000 0.000000 1.000000 0.000000
0.804834 0.593500 0.000000 77.479086 -0.593500 0.804834 0.000000 -37.372798 0.000000 0.000000 1.000000 0.000000
0.804937 0.593360 0.000000 77.479333 -0.593360 0.804937 0.000000 -37.372777 0.000000 0.000000 1.000000 0.000000
0.804951 0.593342 0.000000 77.479610 -0.593342 0.804951 0.000000 -37.373119 0.000000 0.000000 1.000000 0.000000
0.804962 0.593326 0.000000 77.479549 -0.593326 0.804962 0.000000 -37.373343 0.000000 0.000000 1.000000 0.000000
0.804981 0.593301 0.000000 77.479454 -0.593301 0.804981 0.000000 -37.373805 0.000000 0.000000 1.000000 0.000000
0.804956 0.593335 0.000000 77.479370 -0.593335 0.804956 0.000000 -37.374205 0.000000 0.000000 1.000000 0.000000
0.804940 0.593356 0.000000 77.479176 -0.593356 0.804940 0.000000 -37.375145 0.000000 0.000000 1.000000 0.000000
0.804785 0.593567 0.000000 77.478523 -0.593567 0.804785 0.000000 -37.376197 0.000000 0.000000 1.000000 0.000000
0.804702 0.593678 0.000000 77.478206 -0.593678 0.804702 0.000000 -37.375772 0.000000 0.000000 1.000000 0.000000
0.804693 0.593691 0.000000 77.477797 -0.593691 0.804693 0.000000 -37.374859 0.000000 0.000000 1.000000 0.000000
0.804729 0.593642 0.000000 77.477786 -0.593642 0.804729 0.000000 -37.374845 0.000000 0.000000 1.000000 0.000000
0.804812 0.593530 0.000000 77.476823 -0.593530 0.804812 0.000000 -37.374713 0.000000 0.000000 1.000000 0.000000
0.804825 0.593512 0.000000 77.477027 -0.593512 0.804825 0.000000 -37.374294 0.000000 0.000000 1.000000 0.000000
0.804806 0.593538 0.000000 77.477008 -0.593538 0.804806 0.000000 -37.374181 0.000000 0.000000 1.000000 0.000000
0.804765 0.593593 0.000000 77.476913 -0.593593 0.804765 0.000000 -37.374162 0.000000 0.000000 1.000000 0.000000
0.804773 0.593583 0.000000 77.476273 -0.593583 0.804773 0.000000 -37.374108 0.000000 0.000000 1.000000 0.000000
0.804711 0.593666 0.000000 77.476154 -0.593666 0.804711 0.000000 -37.373668 0.000000 0.000000 1.000000 0.000000
0.804785 0.593566 0.000000 77.476309 -0.593566 0.804785 0.000000 -37.373109 0.000000 0.000000 1.000000 0.000000
0.804803 0.593541 0.000000 77.476577 -0.593541 0.804803 0.000000 -37.373006 0.000000 0.000000 1.000000 0.000000
0.804814 0.593527 0.000000 77.476646 -0.593527 0.804814 0.000000 -37.372811 0.000000 0.000000 1.000000 0.000000
0.804810 0.593533 0.000000 77.476516 -0.593533 0.804810 0.000000 -37.372247 0.000000 0.000000 1.000000 0.000000
0.804854 0.593473 0.000000 77.475961 -0.593473 0.804854 0.000000 -37.371735 0.000000 0.000000 1.000000 0.000000
0.805222 0.592974 0.000000 77.474101 -0.592974 0.805222 0.000000 -37.371153 0.000000 0.000000 1.000000 0.000000
0.805105 0.593132 0.000000 77.473651 -0.593132 0.805105 0.000000 -37.370517 0.000000 0.000000 1.000000 0.000000
0.805012 0.593258 0.000000 77.473498 -0.593258 0.805012 0.000000 -37.369770 0.000000 0.000000 1.000000 0.000000
0.804953 0.593339 0.000000 77.472927 -0.593339 0.804953 0.000000 -37.369303 0.000000 0.000000 1.000000 0.000000
0.804977 0.593306 0.000000 77.471690 -0.593306 0.804977 0.000000 -37.368918 0.000000 0.000000 1.000000 0.000000
0.805182 0.593028 0.000000 77.470324 -0.593028 0.805182 0.000000 -37.368311 0.000000 0.000000 1.000000 0.000000
0.805206 0.592995 0.000000 77.468397 -0.592995 0.805206 0.000000 -37.368872 0.000000 0.000000 1.000000 0.000000
0.805115 0.593119 0.000000 77.465853 -0.593119 0.805115 0.000000 -37.369754 0.000000 0.000000 1.000000 0.000000
0.804630 0.593777 0.000000 77.466163 -0.593777 0.804630 0.000000 -37.370541 0.000000 0.000000 1.000000 0.000000
0.804451 0.594019 0.000000 77.466609 -0.594019 0.804451 0.000000 -37.371660 0.000000 0.000000 1.000000 0.000000
0.803397 0.595444 0.000000 77.469574 -0.595444 0.803397 0.000000 -37.375093 0.000000 0.000000 1.000000 0.000000
0.803619 0.595144 0.000000 77.470491 -0.595144 0.803619 0.000000 -37.378884 0.000000 0.000000 1.000000 0.000000
0.803765 0.594947 0.000000 77.473943 -0.594947 0.803765 0.000000 -37.386259 0.000000 0.000000 1.000000 0.000000
0.803984 0.594652 0.000000 77.473656 -0.594652 0.803984 0.000000 -37.391753 0.000000 0.000000 1.000000 0.000000
0.804678 0.593712 0.000000 77.469543 -0.593712 0.804678 0.000000 -37.392986 0.000000 0.000000 1.000000 0.000000
0.805189 0.593018 0.000000 77.468028 -0.593018 0.805189 0.000000 -37.391320 0.000000 0.000000 1.000000 0.000000
0.805574 0.592495 0.000000 77.467538 -0.592495 0.805574 0.000000 -37.390687 0.000000 0.000000 1.000000 0.000000
0.805692 0.592334 0.000000 77.466191 -0.592334 0.805692 0.000000 -37.391196 0.000000 0.000000 1.000000 0.000000
0.805611 0.592445 0.000000 77.466841 -0.592445 0.805611 0.000000 -37.392532 0.000000 0.000000 1.000000 0.000000
0.805694 0.592332 0.000000 77.466214 -0.592332 0.805694 0.000000 -37.392329 0.000000 0.000000 1.000000 0.000000
0.805594 0.592468 0.000000 77.465633 -0.592468 0.805594 0.000000 -37.391793 0.000000 0.000000 1.000000 0.000000
0.805514 0.592577 0.000000 77.465231 -0.592577 0.805514 0.000000 -37.390864 0.000000 0.000000 1.000000 0.000000
0.805538 0.592544 0.000000 77.463608 -0.592544 0.805538 0.000000 -37.390499 0.000000 0.000000 1.000000 0.000000
0.805389 0.592746 0.000000 77.461978 -0.592746 0.805389 0.000000 -37.389950 0.000000 0.000000 1.000000 0.000000
0.805566 0.592506 0.000000 77.460331 -0.592506 0.805566 0.000000 -37.389721 0.000000 0.000000 1.000000 0.000000
0.805651 0.592390 0.000000 77.459345 -0.592390 0.805651 0.000000 -37.389665 0.000000 0.000000 1.000000 0.000000
0.805679 0.592352 0.000000 77.458161 -0.592352 0.805679 0.000000 -37.389953 0.000000 0.000000 1.000000 0.000000
0.805900 0.592052 0.000000 77.457054 -0.592052 0.805900 0.000000 -37.390413 0.000000 0.000000 1.000000 0.000000
0.806217 0.591620 0.000000 77.457083 -0.591620 0.806217 0.000000 -37.389574 0.000000 0.000000 1.000000 0.000000
0.806824 0.590792 0.000000 77.455969 -0.590792 0.806824 0.000000 -37.390040 0.000000 0.000000 1.000000 0.000000
0.807400 0.590005 0.000000 77.454785 -0.590005 0.807400 0.000000 -37.389507 0.000000 0.000000 1.000000 0.000000
0.807178 0.590308 0.000000 77.454718 -0.590308 0.807178 0.000000 -37.386805 0.000000 0.000000 1.000000 0.000000
0.806154 0.591706 0.000000 77.457200 -0.591706 0.806154 0.000000 -37.385824 0.000000 0.000000 1.000000 0.000000
0.804271 0.594263 0.000000 77.466000 -0.594263 0.804271 0.000000 -37.388794 0.000000 0.000000 1.000000 0.000000
0.803252 0.595639 0.000000 77.472163 -0.595639 0.803252 0.000000 -37.391161 0.000000 0.000000 1.000000 0.000000
0.802371 0.596825 0.000000 77.472737 -0.596825 0.802371 0.000000 -37.394144 0.000000 0.000000 1.000000 0.000000
0.801002 0.598662 0.000000 77.476972 -0.598662 0.801002 0.000000 -37.393648 0.000000 0.000000 1.000000 0.000000
0.799856 0.600192 0.000000 77.478600 -0.600192 0.799856 0.000000 -37.393800 0.000000 0.000000 1.000000 0.000000
0.798867 0.601507 0.000000 77.478742 -0.601507 0.798867 0.000000 -37.395994 0.000000 0.000000 1.000000 0.000000
0.798043 0.602600 0.000000 77.482365 -0.602600 0.798043 0.000000 -37.400330 0.000000 0.000000 1.000000 0.000000
0.797949 0.602726 0.000000 77.486616 -0.602726 0.797949 0.000000 -37.410606 0.000000 0.000000 1.000000 0.000000
0.798100 0.602526 0.000000 77.488402 -0.602526 0.798100 0.000000 -37.418041 0.000000 0.000000 1.000000 0.000000
0.798671 0.601767 0.000000 77.494825 -0.601767 0.798671 0.000000 -37.427257 0.000000 0.000000 1.000000 0.000000
0.799448 0.600736 0.000000 77.498153 -0.600736 0.799448 0.000000 -37.432230 0.000000 0.000000 1.000000 0.000000
0.800644 0.599140 0.000000 77.504068 -0.599140 0.800644 0.000000 -37.441723 0.000000 0.000000 1.000000 0.000000
0.801268 0.598305 0.000000 77.513363 -0.598305 0.801268 0.000000 -37.447805 0.000000 0.000000 1.000000 0.000000
0.801260 0.598316 0.000000 77.524109 -0.598316 0.801260 0.000000 -37.455738 0.000000 0.000000 1.000000 0.000000
0.801229 0.598358 0.000000 77.534948 -0.598358 0.801229 0.000000 -37.463608 0.000000 0.000000 1.000000 0.000000
0.800842 0.598875 0.000000 77.544780 -0.598875 0.800842 0.000000 -37.468138 0.000000 0.000000 1.000000 0.000000
0.800420 0.599440 0.000000 77.558719 -0.599440 0.800420 0.000000 -37.475826 0.000000 0.000000 1.000000 0.000000
0.800218 0.599709 0.000000 77.584024 -0.599709 0.800218 0.000000 -37.494927 0.000000 0.000000 1.000000 0.000000
0.801530 0.597954 0.000000 77.590955 -0.597954 0.801530 0.000000 -37.510451 0.000000 0.000000 1.000000 0.000000
0.801750 0.597659 0.000000 77.599430 -0.597659 0.801750 0.000000 -37.519637 0.000000 0.000000 1.000000 0.000000
0.802624 0.596486 0.000000 77.610777 -0.596486 0.802624 0.000000 -37.533786 0.000000 0.000000 1.000000 0.000000
0.803182 0.595734 0.000000 77.619007 -0.595734 0.803182 0.000000 -37.543838 0.000000 0.000000 1.000000 0.000000
0.804851 0.593477 0.000000 77.622945 -0.593477 0.804851 0.000000 -37.554611 0.000000 0.000000 1.000000 0.000000
0.805650 0.592391 0.000000 77.631310 -0.592391 0.805650 0.000000 -37.564377 0.000000 0.000000 1.000000 0.000000
0.806040 0.591861 0.000000 77.637099 -0.591861 0.806040 0.000000 -37.568522 0.000000 0.000000 1.000000 0.000000
0.806302 0.591504 0.000000 77.644794 -0.591504 0.806302 0.000000 -37.569154 0.000000 0.000000 1.000000 0.000000
0.805735 0.592276 0.000000 77.649236 -0.592276 0.805735 0.000000 -37.569238 0.000000 0.000000 1.000000 0.000000
0.805468 0.592639 0.000000 77.654239 -0.592639 0.805468 0.000000 -37.569160 0.000000 0.000000 1.000000 0.000000
0.804888 0.593427 0.000000 77.657567 -0.593427 0.804888 0.000000 -37.567686 0.000000 0.000000 1.000000 0.000000
0.804950 0.593342 0.000000 77.659103 -0.593342 0.804950 0.000000 -37.567242 0.000000 0.000000 1.000000 0.000000
0.804868 0.593453 0.000000 77.660016 -0.593453 0.804868 0.000000 -37.566476 0.000000 0.000000 1.000000 0.000000
0.805096 0.593145 0.000000 77.658140 -0.593145 0.805096 0.000000 -37.569771 0.000000 0.000000 1.000000 0.000000
0.805680 0.592352 0.000000 77.654863 -0.592352 0.805680 0.000000 -37.570204 0.000000 0.000000 1.000000 0.000000
0.806072 0.591817 0.000000 77.651889 -0.591817 0.806072 0.000000 -37.569964 0.000000 0.000000 1.000000 0.000000
0.806091 0.591792 0.000000 77.649774 -0.591792 0.806091 0.000000 -37.569276 0.000000 0.000000 1.000000 0.000000
0.805989 0.591931 0.000000 77.649801 -0.591931 0.805989 0.000000 -37.568529 0.000000 0.000000 1.000000 0.000000
0.806332 0.591463 0.000000 77.648955 -0.591463 0.806332 0.000000 -37.567644 0.000000 0.000000 1.000000 0.000000
0.806412 0.591354 0.000000 77.648302 -0.591354 0.806412 0.000000 -37.568033 0.000000 0.000000 1.000000 0.000000
0.807386 0.590024 0.000000 77.645968 -0.590024 0.807386 0.000000 -37.573254 0.000000 0.000000 1.000000 0.000000
0.807320 0.590114 0.000000 77.646611 -0.590114 0.807320 0.000000 -37.573422 0.000000 0.000000 1.000000 0.000000
0.807473 0.589904 0.000000 77.645475 -0.589904 0.807473 0.000000 -37.573386 0.000000 0.000000 1.000000 0.000000
0.808105 0.589039 0.000000 77.643785 -0.589039 0.808105 0.000000 -37.575203 0.000000 0.000000 1.000000 0.000000
0.808099 0.589047 0.000000 77.644325 -0.589047 0.808099 0.000000 -37.574443 0.000000 0.000000 1.000000 0.000000
0.808341 0.588714 0.000000 77.644112 -0.588714 0.808341 0.000000 -37.574820 0.000000 0.000000 1.000000 0.000000
0.808433 0.588588 0.000000 77.644559 -0.588588 0.808433 0.000000 -37.574460 0.000000 0.000000 1.000000 0.000000
0.808371 0.588674 0.000000 77.645409 -0.588674 0.808371 0.000000 -37.575060 0.000000 0.000000 1.000000 0.000000
0.808592 0.588369 0.000000 77.645226 -0.588369 0.808592 0.000000 -37.575481 0.000000 0.000000 1.000000 0.000000
0.808434 0.588587 0.000000 77.645378 -0.588587 0.808434 0.000000 -37.575139 0.000000 0.000000 1.000000 0.000000
0.809236 0.587484 0.000000 77.644588 -0.587484 0.809236 0.000000 -37.577764 0.000000 0.000000 1.000000 0.000000
