0.999997 0.002556 0.000000 0.827919 -0.002556 0.999997 0.000000 -0.023808 0.000000 0.000000 1.000000 0.000000
0.999999 0.001331 0.000000 1.420113 -0.001331 0.999999 0.000000 -0.033490 0.000000 0.000000 1.000000 0.000000
0.999995 0.003053 0.000000 2.047707 -0.003053 0.999995 0.000000 -0.038796 0.000000 0.000000 1.000000 0.000000
1.000000 0.000545 0.000000 2.982299 -0.000545 1.000000 0.000000 -0.064282 0.000000 0.000000 1.000000 0.000000
0.999996 -0.002798 0.000000 3.602287 0.002798 0.999996 0.000000 -0.091262 0.000000 0.000000 1.000000 0.000000
0.999994 -0.003428 0.000000 4.244852 0.003428 0.999994 0.000000 -0.105702 0.000000 0.000000 1.000000 0.000000
0.999978 -0.006617 0.000000 4.875395 0.006617 0.999978 0.000000 -0.120919 0.000000 0.000000 1.000000 0.000000
1.000000 0.000433 0.000000 6.137966 -0.000433 1.000000 0.000000 -0.147825 0.000000 0.000000 1.000000 0.000000
1.000000 -0.000598 0.000000 6.763529 0.000598 1.000000 0.000000 -0.163726 0.000000 0.000000 1.000000 0.000000
0.999982 -0.006037 0.000000 7.390277 0.006037 0.999982 0.000000 -0.175055 0.000000 0.000000 1.000000 0.000000
0.999985 -0.005510 0.000000 8.015441 0.005510 0.999985 0.000000 -0.180056 0.000000 0.000000 1.000000 0.000000
0.999971 -0.007566 0.000000 8.685315 0.007566 0.999971 0.000000 -0.192216 0.000000 0.000000 1.000000 0.000000
0.999977 -0.006778 0.000000 9.302991 0.006778 0.999977 0.000000 -0.204133 0.000000 0.000000 1.000000 0.000000
0.999976 -0.006898 0.000000 9.921132 0.006898 0.999976 0.000000 -0.214965 0.000000 0.000000 1.000000 0.000000
0.999979 -0.006528 0.000000 10.540715 0.006528 0.999979 0.000000 -0.222783 0.000000 0.000000 1.000000 0.000000
0.999962 -0.008671 0.000000 11.163531 0.008671 0.999962 0.000000 -0.234089 0.000000 0.000000 1.000000 0.000000
0.999947 -0.010323 0.000000 11.784852 0.010323 0.999947 0.000000 -0.241610 0.000000 0.000000 1.000000 0.000000
0.999958 -0.009154 0.000000 12.409826 0.009154 0.999958 0.000000 -0.247172 0.000000 0.000000 1.000000 0.000000
0.999948 -0.010160 0.000000 13.015989 0.010160 0.999948 0.000000 -0.264264 0.000000 0.000000 1.000000 0.000000
0.999958 -0.009181 0.000000 13.662292 0.009181 0.999958 0.000000 -0.263978 0.000000 0.000000 1.000000 0.000000
0.999946 -0.010347 0.000000 14.247189 0.010347 0.999946 0.000000 -0.275994 0.000000 0.000000 1.000000 0.000000
0.999943 -0.010647 0.000000 14.868904 0.010647 0.999943 0.000000 -0.281661 0.000000 0.000000 1.000000 0.000000
0.999948 -0.010222 0.000000 15.484073 0.010222 0.999948 0.000000 -0.298003 0.000000 0.000000 1.000000 0.000000
0.999890 -0.014850 0.000000 16.136666 0.014850 0.999890 0.000000 -0.310552 0.000000 0.000000 1.000000 0.000000
0.999876 -0.015727 0.000000 16.760041 0.015727 0.999876 0.000000 -0.301329 0.000000 0.000000 1.000000 0.000000
0.999749 -0.022417 0.000000 17.386712 0.022417 0.999749 0.000000 -0.304837 0.000000 0.000000 1.000000 0.000000
0.999753 -0.022206 0.000000 18.004759 0.022206 0.999753 0.000000 -0.286293 0.000000 0.000000 1.000000 0.000000
0.999822 -0.018867 0.000000 18.628242 0.018867 0.999822 0.000000 -0.284237 0.000000 0.000000 1.000000 0.000000
0.999775 -0.021217 0.000000 19.240842 0.021217 0.999775 0.000000 -0.277717 0.000000 0.000000 1.000000 0.000000
0.999787 -0.020642 0.000000 19.842440 0.020642 0.999787 0.000000 -0.275278 0.000000 0.000000 1.000000 0.000000
0.999764 -0.021730 0.000000 20.476737 0.021730 0.999764 0.000000 -0.273958 0.000000 0.000000 1.000000 0.000000
0.999766 -0.021622 0.000000 21.106831 0.021622 0.999766 0.000000 -0.270795 0.000000 0.000000 1.000000 0.000000
0.999787 -0.020617 0.000000 21.692532 0.020617 0.999787 0.000000 -0.264565 0.000000 0.000000 1.000000 0.000000
0.999735 -0.023012 0.000000 22.327214 0.023012 0.999735 0.000000 -0.272742 0.000000 0.000000 1.000000 0.000000
0.999687 -0.024999 0.000000 22.932051 0.024999 0.999687 0.000000 -0.272324 0.000000 0.000000 1.000000 0.000000
0.999649 -0.026501 0.000000 23.517895 0.026501 0.999649 0.000000 -0.274015 0.000000 0.000000 1.000000 0.000000
0.999647 -0.026582 0.000000 24.141951 0.026582 0.999647 0.000000 -0.279146 0.000000 0.000000 1.000000 0.000000
0.999666 -0.025833 0.000000 24.772755 0.025833 0.999666 0.000000 -0.277904 0.000000 0.000000 1.000000 0.000000
0.999684 -0.025147 0.000000 25.393268 0.025147 0.999684 0.000000 -0.275869 0.000000 0.000000 1.000000 0.000000
0.999728 -0.023336 0.000000 25.986479 0.023336 0.999728 0.000000 -0.276627 0.000000 0.000000 1.000000 0.000000
0.999815 -0.019218 0.000000 26.614810 0.019218 0.999815 0.000000 -0.277096 0.000000 0.000000 1.000000 0.000000
0.999845 -0.017619 0.000000 27.199555 0.017619 0.999845 0.000000 -0.284910 0.000000 0.000000 1.000000 0.000000
0.999859 -0.016793 0.000000 27.831153 0.016793 0.999859 0.000000 -0.285573 0.000000 0.000000 1.000000 0.000000
0.999835 -0.018181 0.000000 28.470072 0.018181 0.999835 0.000000 -0.290867 0.000000 0.000000 1.000000 0.000000
0.999812 -0.019411 0.000000 29.301774 0.019411 0.999812 0.000000 -0.298905 0.000000 0.000000 1.000000 0.000000
0.999853 -0.017133 0.000000 29.942766 0.017133 0.999853 0.000000 -0.299185 0.000000 0.000000 1.000000 0.000000
0.999875 -0.015842 0.000000 30.586157 0.015842 0.999875 0.000000 -0.293961 0.000000 0.000000 1.000000 0.000000
0.999895 -0.014460 0.000000 31.215308 0.014460 0.999895 0.000000 -0.292705 0.000000 0.000000 1.000000 0.000000
0.999920 -0.012651 0.000000 31.848591 0.012651 0.999920 0.000000 -0.295605 0.000000 0.000000 1.000000 0.000000
0.999903 -0.013903 0.000000 32.492229 0.013903 0.999903 0.000000 -0.311587 0.000000 0.000000 1.000000 0.000000
0.999945 -0.010467 0.000000 33.122645 0.010467 0.999945 0.000000 -0.318129 0.000000 0.000000 1.000000 0.000000
0.999961 -0.008782 0.000000 33.763568 0.008782 0.999961 0.000000 -0.325530 0.000000 0.000000 1.000000 0.000000
0.999987 -0.005119 0.000000 34.399070 0.005119 0.999987 0.000000 -0.332817 0.000000 0.000000 1.000000 0.000000
0.999979 -0.006411 0.000000 35.035906 0.006411 0.999979 0.000000 -0.352150 0.000000 0.000000 1.000000 0.000000
0.999997 -0.002473 0.000000 35.677857 0.002473 0.999997 0.000000 -0.359578 0.000000 0.000000 1.000000 0.000000
0.999993 -0.003795 0.000000 36.322003 0.003795 0.999993 0.000000 -0.372545 0.000000 0.000000 1.000000 0.000000
0.999997 -0.002498 0.000000 36.968386 0.002498 0.999997 0.000000 -0.375257 0.000000 0.000000 1.000000 0.000000
0.999999 -0.001197 0.000000 37.608429 0.001197 0.999999 0.000000 -0.382195 0.000000 0.000000 1.000000 0.000000
0.999998 -0.002200 0.000000 38.199275 0.002200 0.999998 0.000000 -0.394040 0.000000 0.000000 1.000000 0.000000
1.000000 -0.000431 0.000000 38.850758 0.000431 1.000000 0.000000 -0.417467 0.000000 0.000000 1.000000 0.000000
0.999993 0.003628 0.000000 39.482684 -0.003628 0.999993 0.000000 -0.432205 0.000000 0.000000 1.000000 0.000000
0.999994 0.003503 0.000000 40.129681 -0.003503 0.999994 0.000000 -0.451355 0.000000 0.000000 1.000000 0.000000
0.999996 0.002656 0.000000 40.769419 -0.002656 0.999996 0.000000 -0.471394 0.000000 0.000000 1.000000 0.000000
0.999995 0.003104 0.000000 41.404903 -0.003104 0.999995 0.000000 -0.484544 0.000000 0.000000 1.000000 0.000000
0.999993 0.003708 0.000000 42.046370 -0.003708 0.999993 0.000000 -0.499931 0.000000 0.000000 1.000000 0.000000
0.999993 0.003606 0.000000 42.688955 -0.003606 0.999993 0.000000 -0.512512 0.000000 0.000000 1.000000 0.000000
0.999990 0.004428 0.000000 43.338765 -0.004428 0.999990 0.000000 -0.522401 0.000000 0.000000 1.000000 0.000000
0.999976 0.006922 0.000000 43.975511 -0.006922 0.999976 0.000000 -0.534915 0.000000 0.000000 1.000000 0.000000
0.999971 0.007579 0.000000 44.624772 -0.007579 0.999971 0.000000 -0.555147 0.000000 0.000000 1.000000 0.000000
0.999981 0.006085 0.000000 45.241631 -0.006085 0.999981 0.000000 -0.572795 0.000000 0.000000 1.000000 0.000000
0.999973 0.007360 0.000000 45.891708 -0.007360 0.999973 0.000000 -0.580625 0.000000 0.000000 1.000000 0.000000
0.999992 0.004031 0.000000 46.539360 -0.004031 0.999992 0.000000 -0.600364 0.000000 0.000000 1.000000 0.000000
0.999976 0.006982 0.000000 47.195741 -0.006982 0.999976 0.000000 -0.613850 0.000000 0.000000 1.000000 0.000000
0.999994 0.003555 0.000000 47.858680 -0.003555 0.999994 0.000000 -0.631884 0.000000 0.000000 1.000000 0.000000
0.999998 0.001852 0.000000 48.499350 -0.001852 0.999998 0.000000 -0.649993 0.000000 0.000000 1.000000 0.000000
0.999997 0.002412 0.000000 49.121189 -0.002412 0.999997 0.000000 -0.665669 0.000000 0.000000 1.000000 0.000000
0.999994 0.003414 0.000000 49.774667 -0.003414 0.999994 0.000000 -0.678672 0.000000 0.000000 1.000000 0.000000
0.999980 0.006278 0.000000 50.438765 -0.006278 0.999980 0.000000 -0.691417 0.000000 0.000000 1.000000 0.000000
0.999975 0.007057 0.000000 51.103237 -0.007057 0.999975 0.000000 -0.710420 0.000000 0.000000 1.000000 0.000000
0.999970 0.007722 0.000000 51.765482 -0.007722 0.999970 0.000000 -0.726660 0.000000 0.000000 1.000000 0.000000
0.999998 0.002194 0.000000 52.424365 -0.002194 0.999998 0.000000 -0.738818 0.000000 0.000000 1.000000 0.000000
0.999985 0.005451 0.000000 53.455808 -0.005451 0.999985 0.000000 -0.771790 0.000000 0.000000 1.000000 0.000000
0.999991 0.004268 0.000000 54.140226 -0.004268 0.999991 0.000000 -0.784243 0.000000 0.000000 1.000000 0.000000
0.999994 0.003468 0.000000 54.776472 -0.003468 0.999994 0.000000 -0.799346 0.000000 0.000000 1.000000 0.000000
0.999995 0.003248 0.000000 55.435029 -0.003248 0.999995 0.000000 -0.816720 0.000000 0.000000 1.000000 0.000000
0.999994 0.003462 0.000000 56.092185 -0.003462 0.999994 0.000000 -0.837583 0.000000 0.000000 1.000000 0.000000
0.999992 0.004119 0.000000 56.739880 -0.004119 0.999992 0.000000 -0.854526 0.000000 0.000000 1.000000 0.000000
0.999998 0.001811 0.000000 57.399645 -0.001811 0.999998 0.000000 -0.869553 0.000000 0.000000 1.000000 0.000000
0.999998 0.001858 0.000000 58.048373 -0.001858 0.999998 0.000000 -0.888001 0.000000 0.000000 1.000000 0.000000
1.000000 0.000553 0.000000 59.393792 -0.000553 1.000000 0.000000 -0.910454 0.000000 0.000000 1.000000 0.000000
1.000000 -0.000207 0.000000 60.037855 0.000207 1.000000 0.000000 -0.920660 0.000000 0.000000 1.000000 0.000000
0.999996 -0.002930 0.000000 60.683178 0.002930 0.999996 0.000000 -0.925025 0.000000 0.000000 1.000000 0.000000
0.999995 -0.003104 0.000000 61.319254 0.003104 0.999995 0.000000 -0.938172 0.000000 0.000000 1.000000 0.000000
0.999999 -0.001210 0.000000 61.958055 0.001210 0.999999 0.000000 -0.952087 0.000000 0.000000 1.000000 0.000000
1.000000 0.000754 0.000000 62.623380 -0.000754 1.000000 0.000000 -0.965636 0.000000 0.000000 1.000000 0.000000
1.000000 -0.000241 0.000000 63.248348 0.000241 1.000000 0.000000 -0.984042 0.000000 0.000000 1.000000 0.000000
0.999999 0.001236 0.000000 63.849241 -0.001236 0.999999 0.000000 -0.990338 0.000000 0.000000 1.000000 0.000000
0.999998 0.002227 0.000000 64.480866 -0.002227 0.999998 0.000000 -0.998644 0.000000 0.000000 1.000000 0.000000
0.999996 0.002762 0.000000 65.069044 -0.002762 0.999996 0.000000 -1.009205 0.000000 0.000000 1.000000 0.000000
0.999993 0.003667 0.000000 65.694093 -0.003667 0.999993 0.000000 -1.028469 0.000000 0.000000 1.000000 0.000000
0.999993 0.003654 0.000000 66.319124 -0.003654 0.999993 0.000000 -1.043254 0.000000 0.000000 1.000000 0.000000
0.999996 0.002920 0.000000 66.899576 -0.002920 0.999996 0.000000 -1.060590 0.000000 0.000000 1.000000 0.000000
0.999997 0.002594 0.000000 67.518870 -0.002594 0.999997 0.000000 -1.080896 0.000000 0.000000 1.000000 0.000000
1.000000 0.000926 0.000000 68.140081 -0.000926 1.000000 0.000000 -1.100645 0.000000 0.000000 1.000000 0.000000
0.999999 0.001571 0.000000 68.707932 -0.001571 0.999999 0.000000 -1.120022 0.000000 0.000000 1.000000 0.000000
1.000000 0.000893 0.000000 69.317411 -0.000893 1.000000 0.000000 -1.137322 0.000000 0.000000 1.000000 0.000000
0.999999 0.001266 0.000000 69.891650 -0.001266 0.999999 0.000000 -1.144218 0.000000 0.000000 1.000000 0.000000
0.999987 0.005007 0.000000 70.511874 -0.005007 0.999987 0.000000 -1.149422 0.000000 0.000000 1.000000 0.000000
0.999988 0.004880 0.000000 71.124232 -0.004880 0.999988 0.000000 -1.164393 0.000000 0.000000 1.000000 0.000000
0.999987 0.005057 0.000000 71.964688 -0.005057 0.999987 0.000000 -1.181986 0.000000 0.000000 1.000000 0.000000
0.999986 0.005352 0.000000 72.575841 -0.005352 0.999986 0.000000 -1.198723 0.000000 0.000000 1.000000 0.000000
0.999979 0.006455 0.000000 73.180257 -0.006455 0.999979 0.000000 -1.216866 0.000000 0.000000 1.000000 0.000000
0.999997 0.002340 0.000000 73.780566 -0.002340 0.999997 0.000000 -1.232617 0.000000 0.000000 1.000000 0.000000
0.999995 0.003090 0.000000 74.376123 -0.003090 0.999995 0.000000 -1.240746 0.000000 0.000000 1.000000 0.000000
1.000000 0.000088 0.000000 74.965950 -0.000088 1.000000 0.000000 -1.252390 0.000000 0.000000 1.000000 0.000000
1.000000 -0.000692 0.000000 75.593285 0.000692 1.000000 0.000000 -1.258364 0.000000 0.000000 1.000000 0.000000
1.000000 -0.000026 0.000000 76.182298 0.000026 1.000000 0.000000 -1.266132 0.000000 0.000000 1.000000 0.000000
1.000000 -0.000538 0.000000 76.789388 0.000538 1.000000 0.000000 -1.283523 0.000000 0.000000 1.000000 0.000000
0.999994 0.003337 0.000000 77.975607 -0.003337 0.999994 0.000000 -1.319113 0.000000 0.000000 1.000000 0.000000
0.999998 0.001920 0.000000 78.555268 -0.001920 0.999998 0.000000 -1.335808 0.000000 0.000000 1.000000 0.000000
0.999995 0.003265 0.000000 79.133379 -0.003265 0.999995 0.000000 -1.359021 0.000000 0.000000 1.000000 0.000000
0.999987 0.005066 0.000000 79.709476 -0.005066 0.999987 0.000000 -1.377923 0.000000 0.000000 1.000000 0.000000
0.999989 0.004699 0.000000 80.289662 -0.004699 0.999989 0.000000 -1.393207 0.000000 0.000000 1.000000 0.000000
0.999978 0.006664 0.000000 80.863679 -0.006664 0.999978 0.000000 -1.401305 0.000000 0.000000 1.000000 0.000000
0.999983 0.005830 0.000000 81.436303 -0.005830 0.999983 0.000000 -1.426664 0.000000 0.000000 1.000000 0.000000
0.999993 0.003831 0.000000 82.004868 -0.003831 0.999993 0.000000 -1.433873 0.000000 0.000000 1.000000 0.000000
0.999993 0.003623 0.000000 82.578444 -0.003623 0.999993 0.000000 -1.449228 0.000000 0.000000 1.000000 0.000000
0.999989 0.004669 0.000000 83.129126 -0.004669 0.999989 0.000000 -1.459109 0.000000 0.000000 1.000000 0.000000
0.999987 0.005172 0.000000 83.688677 -0.005172 0.999987 0.000000 -1.476945 0.000000 0.000000 1.000000 0.000000
0.999985 0.005425 0.000000 84.236355 -0.005425 0.999985 0.000000 -1.491460 0.000000 0.000000 1.000000 0.000000
0.999982 0.006047 0.000000 84.774593 -0.006047 0.999982 0.000000 -1.507557 0.000000 0.000000 1.000000 0.000000
0.999968 0.007987 0.000000 85.289589 -0.007987 0.999968 0.000000 -1.529043 0.000000 0.000000 1.000000 0.000000
0.999954 0.009542 0.000000 85.834502 -0.009542 0.999954 0.000000 -1.544071 0.000000 0.000000 1.000000 0.000000
0.999927 0.012054 0.000000 86.360915 -0.012054 0.999927 0.000000 -1.562189 0.000000 0.000000 1.000000 0.000000
0.999895 0.014504 0.000000 86.866399 -0.014504 0.999895 0.000000 -1.575489 0.000000 0.000000 1.000000 0.000000
0.999908 0.013571 0.000000 87.410276 -0.013571 0.999908 0.000000 -1.589696 0.000000 0.000000 1.000000 0.000000
0.999914 0.013111 0.000000 87.930805 -0.013111 0.999914 0.000000 -1.613695 0.000000 0.000000 1.000000 0.000000
0.999915 0.013065 0.000000 88.428526 -0.013065 0.999915 0.000000 -1.628067 0.000000 0.000000 1.000000 0.000000
0.999904 0.013820 0.000000 88.961006 -0.013820 0.999904 0.000000 -1.644730 0.000000 0.000000 1.000000 0.000000
0.999866 0.016400 0.000000 89.478233 -0.016400 0.999866 0.000000 -1.655319 0.000000 0.000000 1.000000 0.000000
0.999875 0.015836 0.000000 89.961480 -0.015836 0.999875 0.000000 -1.678013 0.000000 0.000000 1.000000 0.000000
0.999862 0.016638 0.000000 90.475823 -0.016638 0.999862 0.000000 -1.701255 0.000000 0.000000 1.000000 0.000000
0.999837 0.018046 0.000000 90.994599 -0.018046 0.999837 0.000000 -1.722354 0.000000 0.000000 1.000000 0.000000
0.999792 0.020407 0.000000 91.476230 -0.020407 0.999792 0.000000 -1.745930 0.000000 0.000000 1.000000 0.000000
0.999777 0.021126 0.000000 91.982048 -0.021126 0.999777 0.000000 -1.773102 0.000000 0.000000 1.000000 0.000000
0.999772 0.021369 0.000000 92.461049 -0.021369 0.999772 0.000000 -1.802932 0.000000 0.000000 1.000000 0.000000
0.999727 0.023352 0.000000 92.975973 -0.023352 0.999727 0.000000 -1.827097 0.000000 0.000000 1.000000 0.000000
0.999726 0.023397 0.000000 93.636846 -0.023397 0.999726 0.000000 -1.850601 0.000000 0.000000 1.000000 0.000000
0.999735 0.023010 0.000000 94.142703 -0.023010 0.999735 0.000000 -1.857707 0.000000 0.000000 1.000000 0.000000
0.999725 0.023441 0.000000 94.654569 -0.023441 0.999725 0.000000 -1.867862 0.000000 0.000000 1.000000 0.000000
0.999705 0.024309 0.000000 95.151151 -0.024309 0.999705 0.000000 -1.886556 0.000000 0.000000 1.000000 0.000000
0.999722 0.023581 0.000000 95.646932 -0.023581 0.999722 0.000000 -1.905966 0.000000 0.000000 1.000000 0.000000
0.999754 0.022169 0.000000 96.141263 -0.022169 0.999754 0.000000 -1.926187 0.000000 0.000000 1.000000 0.000000
0.999762 0.021831 0.000000 96.627435 -0.021831 0.999762 0.000000 -1.952391 0.000000 0.000000 1.000000 0.000000
0.999625 0.027381 0.000000 97.588745 -0.027381 0.999625 0.000000 -2.013477 0.000000 0.000000 1.000000 0.000000
0.999535 0.030500 0.000000 98.057683 -0.030500 0.999535 0.000000 -2.048371 0.000000 0.000000 1.000000 0.000000
0.999484 0.032117 0.000000 98.530078 -0.032117 0.999484 0.000000 -2.067484 0.000000 0.000000 1.000000 0.000000
0.999367 0.035581 0.000000 99.003594 -0.035581 0.999367 0.000000 -2.087786 0.000000 0.000000 1.000000 0.000000
0.999327 0.036671 0.000000 99.481946 -0.036671 0.999327 0.000000 -2.121308 0.000000 0.000000 1.000000 0.000000
0.999220 0.039480 0.000000 99.942937 -0.039480 0.999220 0.000000 -2.149179 0.000000 0.000000 1.000000 0.000000
0.999160 0.040974 0.000000 100.412315 -0.040974 0.999160 0.000000 -2.191890 0.000000 0.000000 1.000000 0.000000
0.999026 0.044126 0.000000 100.874641 -0.044126 0.999026 0.000000 -2.224198 0.000000 0.000000 1.000000 0.000000
0.998765 0.049688 0.000000 101.337407 -0.049688 0.998765 0.000000 -2.258982 0.000000 0.000000 1.000000 0.000000
0.998641 0.052121 0.000000 101.797572 -0.052121 0.998641 0.000000 -2.291938 0.000000 0.000000 1.000000 0.000000
0.998521 0.054375 0.000000 102.222874 -0.054375 0.998521 0.000000 -2.330238 0.000000 0.000000 1.000000 0.000000
0.998429 0.056039 0.000000 102.668808 -0.056039 0.998429 0.000000 -2.366028 0.000000 0.000000 1.000000 0.000000
0.998349 0.057435 0.000000 103.107550 -0.057435 0.998349 0.000000 -2.406016 0.000000 0.000000 1.000000 0.000000
0.998311 0.058090 0.000000 103.550609 -0.058090 0.998311 0.000000 -2.450403 0.000000 0.000000 1.000000 0.000000
0.998079 0.061954 0.000000 103.978426 -0.061954 0.998079 0.000000 -2.496996 0.000000 0.000000 1.000000 0.000000
0.997941 0.064142 0.000000 104.403775 -0.064142 0.997941 0.000000 -2.515110 0.000000 0.000000 1.000000 0.000000
0.997496 0.070716 0.000000 104.825679 -0.070716 0.997496 0.000000 -2.545423 0.000000 0.000000 1.000000 0.000000
0.997152 0.075420 0.000000 105.237669 -0.075420 0.997152 0.000000 -2.581899 0.000000 0.000000 1.000000 0.000000
0.997139 0.075584 0.000000 105.648000 -0.075584 0.997139 0.000000 -2.607939 0.000000 0.000000 1.000000 0.000000
0.997298 0.073468 0.000000 106.064074 -0.073468 0.997298 0.000000 -2.639952 0.000000 0.000000 1.000000 0.000000
0.997048 0.076777 0.000000 106.458984 -0.076777 0.997048 0.000000 -2.688079 0.000000 0.000000 1.000000 0.000000
0.997113 0.075935 0.000000 106.855370 -0.075935 0.997113 0.000000 -2.736380 0.000000 0.000000 1.000000 0.000000
0.996618 0.082176 0.000000 107.236839 -0.082176 0.996618 0.000000 -2.770657 0.000000 0.000000 1.000000 0.000000
0.996152 0.087644 0.000000 107.637424 -0.087644 0.996152 0.000000 -2.800429 0.000000 0.000000 1.000000 0.000000
0.996282 0.086146 0.000000 108.022029 -0.086146 0.996282 0.000000 -2.849661 0.000000 0.000000 1.000000 0.000000
0.996019 0.089147 0.000000 108.399447 -0.089147 0.996019 0.000000 -2.883488 0.000000 0.000000 1.000000 0.000000
0.995721 0.092406 0.000000 108.815972 -0.092406 0.995721 0.000000 -2.932211 0.000000 0.000000 1.000000 0.000000
0.995290 0.096947 0.000000 109.224589 -0.096947 0.995290 0.000000 -2.975213 0.000000 0.000000 1.000000 0.000000
0.994846 0.101398 0.000000 109.792619 -0.101398 0.994846 0.000000 -3.045948 0.000000 0.000000 1.000000 0.000000
0.994646 0.103339 0.000000 110.204445 -0.103339 0.994646 0.000000 -3.103768 0.000000 0.000000 1.000000 0.000000
0.994441 0.105299 0.000000 110.614131 -0.105299 0.994441 0.000000 -3.166698 0.000000 0.000000 1.000000 0.000000
0.994219 0.107371 0.000000 111.032705 -0.107371 0.994219 0.000000 -3.224613 0.000000 0.000000 1.000000 0.000000
0.993966 0.109689 0.000000 111.450993 -0.109689 0.993966 0.000000 -3.296372 0.000000 0.000000 1.000000 0.000000
0.993820 0.111001 0.000000 111.873736 -0.111001 0.993820 0.000000 -3.357469 0.000000 0.000000 1.000000 0.000000
0.993864 0.110605 0.000000 112.292909 -0.110605 0.993864 0.000000 -3.419308 0.000000 0.000000 1.000000 0.000000
0.993544 0.113447 0.000000 112.713812 -0.113447 0.993544 0.000000 -3.480057 0.000000 0.000000 1.000000 0.000000
0.992509 0.122174 0.000000 113.450492 -0.122174 0.992509 0.000000 -3.591060 0.000000 0.000000 1.000000 0.000000
0.992599 0.121436 0.000000 113.871345 -0.121436 0.992599 0.000000 -3.667702 0.000000 0.000000 1.000000 0.000000
0.992754 0.120166 0.000000 114.307399 -0.120166 0.992754 0.000000 -3.737552 0.000000 0.000000 1.000000 0.000000
0.992676 0.120810 0.000000 114.741606 -0.120810 0.992676 0.000000 -3.801119 0.000000 0.000000 1.000000 0.000000
0.992793 0.119843 0.000000 115.186870 -0.119843 0.992793 0.000000 -3.853221 0.000000 0.000000 1.000000 0.000000
0.992326 0.123645 0.000000 115.627131 -0.123645 0.992326 0.000000 -3.906399 0.000000 0.000000 1.000000 0.000000
0.992277 0.124038 0.000000 116.069746 -0.124038 0.992277 0.000000 -3.969067 0.000000 0.000000 1.000000 0.000000
0.992336 0.123569 0.000000 116.513226 -0.123569 0.992336 0.000000 -4.026994 0.000000 0.000000 1.000000 0.000000
0.992316 0.123727 0.000000 116.951277 -0.123727 0.992316 0.000000 -4.088182 0.000000 0.000000 1.000000 0.000000
0.992287 0.123962 0.000000 117.396161 -0.123962 0.992287 0.000000 -4.159601 0.000000 0.000000 1.000000 0.000000
0.991762 0.128097 0.000000 117.844017 -0.128097 0.991762 0.000000 -4.238514 0.000000 0.000000 1.000000 0.000000
0.991703 0.128550 0.000000 118.670114 -0.128550 0.991703 0.000000 -4.361617 0.000000 0.000000 1.000000 0.000000
0.991731 0.128335 0.000000 119.121383 -0.128335 0.991731 0.000000 -4.425279 0.000000 0.000000 1.000000 0.000000
0.991328 0.131413 0.000000 119.575037 -0.131413 0.991328 0.000000 -4.484471 0.000000 0.000000 1.000000 0.000000
0.991286 0.131726 0.000000 120.033834 -0.131726 0.991286 0.000000 -4.573755 0.000000 0.000000 1.000000 0.000000
0.990980 0.134007 0.000000 120.494817 -0.134007 0.990980 0.000000 -4.651627 0.000000 0.000000 1.000000 0.000000
0.990838 0.135058 0.000000 120.956794 -0.135058 0.990838 0.000000 -4.726419 0.000000 0.000000 1.000000 0.000000
0.990708 0.136004 0.000000 121.428782 -0.136004 0.990708 0.000000 -4.801840 0.000000 0.000000 1.000000 0.000000
0.990125 0.140185 0.000000 121.891153 -0.140185 0.990125 0.000000 -4.880031 0.000000 0.000000 1.000000 0.000000
0.989514 0.144438 0.000000 122.402464 -0.144438 0.989514 0.000000 -4.961417 0.000000 0.000000 1.000000 0.000000
0.988991 0.147974 0.000000 122.846001 -0.147974 0.988991 0.000000 -5.039759 0.000000 0.000000 1.000000 0.000000
0.989017 0.147801 0.000000 123.353136 -0.147801 0.989017 0.000000 -5.158746 0.000000 0.000000 1.000000 0.000000
0.988759 0.149518 0.000000 123.832902 -0.149518 0.988759 0.000000 -5.257528 0.000000 0.000000 1.000000 0.000000
0.988615 0.150467 0.000000 124.295899 -0.150467 0.988615 0.000000 -5.354611 0.000000 0.000000 1.000000 0.000000
0.989049 0.147588 0.000000 124.763300 -0.147588 0.989049 0.000000 -5.453178 0.000000 0.000000 1.000000 0.000000
0.988612 0.150489 0.000000 125.231415 -0.150489 0.988612 0.000000 -5.543550 0.000000 0.000000 1.000000 0.000000
0.988386 0.151967 0.000000 125.699382 -0.151967 0.988386 0.000000 -5.626473 0.000000 0.000000 1.000000 0.000000
0.987653 0.156658 0.000000 126.170242 -0.156658 0.987653 0.000000 -5.721400 0.000000 0.000000 1.000000 0.000000
0.986600 0.163160 0.000000 126.648144 -0.163160 0.986600 0.000000 -5.818058 0.000000 0.000000 1.000000 0.000000
0.986217 0.165456 0.000000 127.100498 -0.165456 0.986217 0.000000 -5.913294 0.000000 0.000000 1.000000 0.000000
0.986131 0.165968 0.000000 127.578594 -0.165968 0.986131 0.000000 -6.000094 0.000000 0.000000 1.000000 0.000000
0.985544 0.169417 0.000000 128.054013 -0.169417 0.985544 0.000000 -6.095952 0.000000 0.000000 1.000000 0.000000
0.985412 0.170187 0.000000 128.845372 -0.170187 0.985412 0.000000 -6.245904 0.000000 0.000000 1.000000 0.000000
0.985360 0.170489 0.000000 129.329493 -0.170489 0.985360 0.000000 -6.341050 0.000000 0.000000 1.000000 0.000000
0.987020 0.160596 0.000000 130.297868 -0.160596 0.987020 0.000000 -6.550862 0.000000 0.000000 1.000000 0.000000
0.987736 0.156135 0.000000 130.781459 -0.156135 0.987736 0.000000 -6.646470 0.000000 0.000000 1.000000 0.000000
0.988197 0.153191 0.000000 131.285254 -0.153191 0.988197 0.000000 -6.747577 0.000000 0.000000 1.000000 0.000000
0.988184 0.153272 0.000000 131.783946 -0.153272 0.988184 0.000000 -6.829751 0.000000 0.000000 1.000000 0.000000
0.988490 0.151287 0.000000 132.285756 -0.151287 0.988490 0.000000 -6.916024 0.000000 0.000000 1.000000 0.000000
0.987722 0.156224 0.000000 132.780043 -0.156224 0.987722 0.000000 -6.999874 0.000000 0.000000 1.000000 0.000000
0.988654 0.150212 0.000000 133.315373 -0.150212 0.988654 0.000000 -7.101932 0.000000 0.000000 1.000000 0.000000
0.988114 0.153725 0.000000 133.807080 -0.153725 0.988114 0.000000 -7.189509 0.000000 0.000000 1.000000 0.000000
0.987793 0.155771 0.000000 134.322072 -0.155771 0.987793 0.000000 -7.277472 0.000000 0.000000 1.000000 0.000000
0.987631 0.156798 0.000000 134.835875 -0.156798 0.987631 0.000000 -7.369868 0.000000 0.000000 1.000000 0.000000
0.987652 0.156664 0.000000 135.322475 -0.156664 0.987652 0.000000 -7.456143 0.000000 0.000000 1.000000 0.000000
0.987687 0.156444 0.000000 135.837260 -0.156444 0.987687 0.000000 -7.555538 0.000000 0.000000 1.000000 0.000000
0.987812 0.155653 0.000000 136.362180 -0.155653 0.987812 0.000000 -7.652015 0.000000 0.000000 1.000000 0.000000
0.987411 0.158176 0.000000 136.848975 -0.158176 0.987411 0.000000 -7.734935 0.000000 0.000000 1.000000 0.000000
0.987986 0.154544 0.000000 137.367420 -0.154544 0.987986 0.000000 -7.831627 0.000000 0.000000 1.000000 0.000000
0.987609 0.156936 0.000000 137.901352 -0.156936 0.987609 0.000000 -7.930289 0.000000 0.000000 1.000000 0.000000
0.987016 0.160624 0.000000 138.532285 -0.160624 0.987016 0.000000 -8.035457 0.000000 0.000000 1.000000 0.000000
0.986874 0.161493 0.000000 139.099876 -0.161493 0.986874 0.000000 -8.148532 0.000000 0.000000 1.000000 0.000000
0.985486 0.169759 0.000000 139.592356 -0.169759 0.985486 0.000000 -8.241593 0.000000 0.000000 1.000000 0.000000
0.985586 0.169174 0.000000 140.123165 -0.169174 0.985586 0.000000 -8.353533 0.000000 0.000000 1.000000 0.000000
0.984617 0.174726 0.000000 140.664085 -0.174726 0.984617 0.000000 -8.462115 0.000000 0.000000 1.000000 0.000000
0.984280 0.176614 0.000000 141.196513 -0.176614 0.984280 0.000000 -8.573655 0.000000 0.000000 1.000000 0.000000
0.983352 0.181713 0.000000 145.005760 -0.181713 0.983352 0.000000 -9.392126 0.000000 0.000000 1.000000 0.000000
0.983228 0.182381 0.000000 145.521298 -0.182381 0.983228 0.000000 -9.512097 0.000000 0.000000 1.000000 0.000000
0.985725 0.168360 0.000000 146.673032 -0.168360 0.985725 0.000000 -9.758344 0.000000 0.000000 1.000000 0.000000
0.984690 0.174314 0.000000 147.799715 -0.174314 0.984690 0.000000 -9.988626 0.000000 0.000000 1.000000 0.000000
0.984439 0.175728 0.000000 148.364191 -0.175728 0.984439 0.000000 -10.106898 0.000000 0.000000 1.000000 0.000000
0.984157 0.177298 0.000000 148.924106 -0.177298 0.984157 0.000000 -10.225111 0.000000 0.000000 1.000000 0.000000
0.984144 0.177372 0.000000 149.486930 -0.177372 0.984144 0.000000 -10.344569 0.000000 0.000000 1.000000 0.000000
0.984346 0.176247 0.000000 150.052259 -0.176247 0.984346 0.000000 -10.474589 0.000000 0.000000 1.000000 0.000000
0.984979 0.172675 0.000000 150.619282 -0.172675 0.984979 0.000000 -10.599539 0.000000 0.000000 1.000000 0.000000
0.984442 0.175709 0.000000 151.202362 -0.175709 0.984442 0.000000 -10.722971 0.000000 0.000000 1.000000 0.000000
0.984164 0.177263 0.000000 151.781591 -0.177263 0.984164 0.000000 -10.847117 0.000000 0.000000 1.000000 0.000000
0.984511 0.175323 0.000000 152.360501 -0.175323 0.984511 0.000000 -10.981642 0.000000 0.000000 1.000000 0.000000
0.984296 0.176526 0.000000 153.280091 -0.176526 0.984296 0.000000 -11.179011 0.000000 0.000000 1.000000 0.000000
0.983542 0.180678 0.000000 153.854186 -0.180678 0.983542 0.000000 -11.304356 0.000000 0.000000 1.000000 0.000000
0.983681 0.179923 0.000000 154.413049 -0.179923 0.983681 0.000000 -11.439798 0.000000 0.000000 1.000000 0.000000
0.983094 0.183099 0.000000 155.000019 -0.183099 0.983094 0.000000 -11.559733 0.000000 0.000000 1.000000 0.000000
0.982315 0.187233 0.000000 155.617894 -0.187233 0.982315 0.000000 -11.691299 0.000000 0.000000 1.000000 0.000000
0.981830 0.189760 0.000000 156.140015 -0.189760 0.981830 0.000000 -11.811007 0.000000 0.000000 1.000000 0.000000
0.981695 0.190458 0.000000 156.738911 -0.190458 0.981695 0.000000 -11.953719 0.000000 0.000000 1.000000 0.000000
0.981664 0.190620 0.000000 157.306238 -0.190620 0.981664 0.000000 -12.084610 0.000000 0.000000 1.000000 0.000000
0.981601 0.190944 0.000000 157.872463 -0.190944 0.981601 0.000000 -12.224771 0.000000 0.000000 1.000000 0.000000
0.981329 0.192337 0.000000 158.445506 -0.192337 0.981329 0.000000 -12.332084 0.000000 0.000000 1.000000 0.000000
0.981006 0.193979 0.000000 159.014364 -0.193979 0.981006 0.000000 -12.450401 0.000000 0.000000 1.000000 0.000000
0.981324 0.192364 0.000000 159.579874 -0.192364 0.981324 0.000000 -12.576900 0.000000 0.000000 1.000000 0.000000
0.981310 0.192432 0.000000 160.145055 -0.192432 0.981310 0.000000 -12.699920 0.000000 0.000000 1.000000 0.000000
0.981138 0.193309 0.000000 160.716142 -0.193309 0.981138 0.000000 -12.819177 0.000000 0.000000 1.000000 0.000000
0.981311 0.192426 0.000000 161.288220 -0.192426 0.981311 0.000000 -12.957764 0.000000 0.000000 1.000000 0.000000
0.980640 0.195818 0.000000 161.864679 -0.195818 0.980640 0.000000 -13.078869 0.000000 0.000000 1.000000 0.000000
0.980109 0.198458 0.000000 163.003583 -0.198458 0.980109 0.000000 -13.337933 0.000000 0.000000 1.000000 0.000000
0.979894 0.199520 0.000000 163.567557 -0.199520 0.979894 0.000000 -13.457645 0.000000 0.000000 1.000000 0.000000
0.980343 0.197300 0.000000 164.101953 -0.197300 0.980343 0.000000 -13.587890 0.000000 0.000000 1.000000 0.000000
0.979105 0.203354 0.000000 164.686702 -0.203354 0.979105 0.000000 -13.710721 0.000000 0.000000 1.000000 0.000000
0.978707 0.205263 0.000000 165.236170 -0.205263 0.978707 0.000000 -13.821250 0.000000 0.000000 1.000000 0.000000
0.979007 0.203827 0.000000 166.351654 -0.203827 0.979007 0.000000 -14.067536 0.000000 0.000000 1.000000 0.000000
0.979192 0.202936 0.000000 166.908779 -0.202936 0.979192 0.000000 -14.180912 0.000000 0.000000 1.000000 0.000000
0.979117 0.203299 0.000000 167.435451 -0.203299 0.979117 0.000000 -14.309136 0.000000 0.000000 1.000000 0.000000
0.978849 0.204582 0.000000 168.001043 -0.204582 0.978849 0.000000 -14.432834 0.000000 0.000000 1.000000 0.000000
0.979078 0.203483 0.000000 168.562135 -0.203483 0.979078 0.000000 -14.572855 0.000000 0.000000 1.000000 0.000000
0.978559 0.205967 0.000000 169.087628 -0.205967 0.978559 0.000000 -14.682538 0.000000 0.000000 1.000000 0.000000
0.977728 0.209877 0.000000 169.849352 -0.209877 0.977728 0.000000 -14.836824 0.000000 0.000000 1.000000 0.000000
0.977329 0.211727 0.000000 170.419297 -0.211727 0.977329 0.000000 -14.961065 0.000000 0.000000 1.000000 0.000000
0.976944 0.213498 0.000000 170.982418 -0.213498 0.976944 0.000000 -15.098728 0.000000 0.000000 1.000000 0.000000
0.975649 0.219339 0.000000 171.585010 -0.219339 0.975649 0.000000 -15.228648 0.000000 0.000000 1.000000 0.000000
0.975856 0.218416 0.000000 172.124084 -0.218416 0.975856 0.000000 -15.354702 0.000000 0.000000 1.000000 0.000000
0.976351 0.216191 0.000000 172.726012 -0.216191 0.976351 0.000000 -15.501078 0.000000 0.000000 1.000000 0.000000
0.975380 0.220529 0.000000 173.299825 -0.220529 0.975380 0.000000 -15.628404 0.000000 0.000000 1.000000 0.000000
0.975777 0.218767 0.000000 173.863549 -0.218767 0.975777 0.000000 -15.776847 0.000000 0.000000 1.000000 0.000000
0.974388 0.224873 0.000000 174.450043 -0.224873 0.974388 0.000000 -15.913562 0.000000 0.000000 1.000000 0.000000
0.975325 0.220773 0.000000 175.013686 -0.220773 0.975325 0.000000 -16.065779 0.000000 0.000000 1.000000 0.000000
0.975577 0.219660 0.000000 175.599307 -0.219660 0.975577 0.000000 -16.205137 0.000000 0.000000 1.000000 0.000000
0.975566 0.219708 0.000000 176.169218 -0.219708 0.975566 0.000000 -16.346236 0.000000 0.000000 1.000000 0.000000
0.976190 0.216916 0.000000 176.747084 -0.216916 0.976190 0.000000 -16.485211 0.000000 0.000000 1.000000 0.000000
0.977345 0.211653 0.000000 177.313956 -0.211653 0.977345 0.000000 -16.625879 0.000000 0.000000 1.000000 0.000000
0.977818 0.209458 0.000000 177.887661 -0.209458 0.977818 0.000000 -16.753557 0.000000 0.000000 1.000000 0.000000
0.977400 0.211397 0.000000 178.450860 -0.211397 0.977400 0.000000 -16.892438 0.000000 0.000000 1.000000 0.000000
0.977713 0.209948 0.000000 179.019494 -0.209948 0.977713 0.000000 -17.034762 0.000000 0.000000 1.000000 0.000000
0.977008 0.213200 0.000000 179.555094 -0.213200 0.977008 0.000000 -17.166287 0.000000 0.000000 1.000000 0.000000
0.976886 0.213759 0.000000 180.173117 -0.213759 0.976886 0.000000 -17.316434 0.000000 0.000000 1.000000 0.000000
0.976975 0.213356 0.000000 180.704976 -0.213356 0.976975 0.000000 -17.444388 0.000000 0.000000 1.000000 0.000000
0.976937 0.213526 0.000000 181.283553 -0.213526 0.976937 0.000000 -17.583175 0.000000 0.000000 1.000000 0.000000
0.976589 0.215115 0.000000 181.859509 -0.215115 0.976589 0.000000 -17.718676 0.000000 0.000000 1.000000 0.000000
0.975972 0.217897 0.000000 182.438680 -0.217897 0.975972 0.000000 -17.860421 0.000000 0.000000 1.000000 0.000000
0.974307 0.225224 0.000000 183.015442 -0.225224 0.974307 0.000000 -18.000504 0.000000 0.000000 1.000000 0.000000
0.974231 0.225553 0.000000 183.590933 -0.225553 0.974231 0.000000 -18.147889 0.000000 0.000000 1.000000 0.000000
0.974338 0.225090 0.000000 184.167463 -0.225090 0.974338 0.000000 -18.300254 0.000000 0.000000 1.000000 0.000000
0.974468 0.224524 0.000000 184.739655 -0.224524 0.974468 0.000000 -18.442919 0.000000 0.000000 1.000000 0.000000
0.974201 0.225681 0.000000 185.315492 -0.225681 0.974201 0.000000 -18.595403 0.000000 0.000000 1.000000 0.000000
0.973743 0.227651 0.000000 185.897251 -0.227651 0.973743 0.000000 -18.749945 0.000000 0.000000 1.000000 0.000000
0.974107 0.226087 0.000000 186.462884 -0.226087 0.974107 0.000000 -18.907908 0.000000 0.000000 1.000000 0.000000
0.974351 0.225032 0.000000 187.034051 -0.225032 0.974351 0.000000 -19.062992 0.000000 0.000000 1.000000 0.000000
0.973719 0.227751 0.000000 187.602305 -0.227751 0.973719 0.000000 -19.201273 0.000000 0.000000 1.000000 0.000000
0.973480 0.228771 0.000000 188.148573 -0.228771 0.973480 0.000000 -19.336831 0.000000 0.000000 1.000000 0.000000
0.973545 0.228494 0.000000 188.721578 -0.228494 0.973545 0.000000 -19.489405 0.000000 0.000000 1.000000 0.000000
0.972525 0.232799 0.000000 189.301168 -0.232799 0.972525 0.000000 -19.643827 0.000000 0.000000 1.000000 0.000000
0.972521 0.232815 0.000000 189.849714 -0.232815 0.972521 0.000000 -19.782182 0.000000 0.000000 1.000000 0.000000
0.973272 0.229657 0.000000 190.411192 -0.229657 0.973272 0.000000 -19.943400 0.000000 0.000000 1.000000 0.000000
0.972465 0.233048 0.000000 190.981128 -0.233048 0.972465 0.000000 -20.094115 0.000000 0.000000 1.000000 0.000000
0.973272 0.229653 0.000000 191.516835 -0.229653 0.973272 0.000000 -20.244986 0.000000 0.000000 1.000000 0.000000
0.973091 0.230422 0.000000 192.076963 -0.230422 0.973091 0.000000 -20.398904 0.000000 0.000000 1.000000 0.000000
0.972292 0.233770 0.000000 192.647001 -0.233770 0.972292 0.000000 -20.549386 0.000000 0.000000 1.000000 0.000000
0.972165 0.234297 0.000000 193.183445 -0.234297 0.972165 0.000000 -20.677703 0.000000 0.000000 1.000000 0.000000
0.971998 0.234989 0.000000 193.754169 -0.234989 0.971998 0.000000 -20.831241 0.000000 0.000000 1.000000 0.000000
0.971632 0.236497 0.000000 194.315060 -0.236497 0.971632 0.000000 -20.981400 0.000000 0.000000 1.000000 0.000000
0.971056 0.238854 0.000000 195.129503 -0.238854 0.971056 0.000000 -21.219120 0.000000 0.000000 1.000000 0.000000
0.970526 0.240994 0.000000 195.688963 -0.240994 0.970526 0.000000 -21.367906 0.000000 0.000000 1.000000 0.000000
0.969936 0.243359 0.000000 196.256831 -0.243359 0.969936 0.000000 -21.515207 0.000000 0.000000 1.000000 0.000000
0.970199 0.242310 0.000000 196.820593 -0.242310 0.970199 0.000000 -21.664843 0.000000 0.000000 1.000000 0.000000
0.970008 0.243074 0.000000 197.381286 -0.243074 0.970008 0.000000 -21.814652 0.000000 0.000000 1.000000 0.000000
0.970427 0.241395 0.000000 197.943316 -0.241395 0.970427 0.000000 -21.956362 0.000000 0.000000 1.000000 0.000000
0.971161 0.238425 0.000000 198.499959 -0.238425 0.971161 0.000000 -22.103323 0.000000 0.000000 1.000000 0.000000
0.971003 0.239065 0.000000 199.080464 -0.239065 0.971003 0.000000 -22.260419 0.000000 0.000000 1.000000 0.000000
0.970997 0.239091 0.000000 199.582827 -0.239091 0.970997 0.000000 -22.397949 0.000000 0.000000 1.000000 0.000000
0.970638 0.240546 0.000000 200.561569 -0.240546 0.970638 0.000000 -22.667676 0.000000 0.000000 1.000000 0.000000
0.970561 0.240856 0.000000 201.128056 -0.240856 0.970561 0.000000 -22.805321 0.000000 0.000000 1.000000 0.000000
0.970268 0.242033 0.000000 201.839798 -0.242033 0.970268 0.000000 -22.999934 0.000000 0.000000 1.000000 0.000000
0.969934 0.243369 0.000000 202.549999 -0.243369 0.969934 0.000000 -23.195394 0.000000 0.000000 1.000000 0.000000
0.969349 0.245686 0.000000 203.505907 -0.245686 0.969349 0.000000 -23.466392 0.000000 0.000000 1.000000 0.000000
0.969436 0.245346 0.000000 204.064985 -0.245346 0.969436 0.000000 -23.618323 0.000000 0.000000 1.000000 0.000000
0.969719 0.244225 0.000000 204.634951 -0.244225 0.969719 0.000000 -23.781155 0.000000 0.000000 1.000000 0.000000
0.969588 0.244744 0.000000 205.189259 -0.244744 0.969588 0.000000 -23.929968 0.000000 0.000000 1.000000 0.000000
0.969381 0.245561 0.000000 205.710402 -0.245561 0.969381 0.000000 -24.072147 0.000000 0.000000 1.000000 0.000000
0.970197 0.242318 0.000000 206.274276 -0.242318 0.970197 0.000000 -24.233036 0.000000 0.000000 1.000000 0.000000
0.969647 0.244510 0.000000 206.828431 -0.244510 0.969647 0.000000 -24.387704 0.000000 0.000000 1.000000 0.000000
0.969522 0.245003 0.000000 207.612497 -0.245003 0.969522 0.000000 -24.613219 0.000000 0.000000 1.000000 0.000000
0.969833 0.243770 0.000000 208.171767 -0.243770 0.969833 0.000000 -24.767850 0.000000 0.000000 1.000000 0.000000
0.969914 0.243449 0.000000 208.733558 -0.243449 0.969914 0.000000 -24.920028 0.000000 0.000000 1.000000 0.000000
0.969822 0.243816 0.000000 209.284155 -0.243816 0.969822 0.000000 -25.074239 0.000000 0.000000 1.000000 0.000000
0.970764 0.240036 0.000000 209.875769 -0.240036 0.970764 0.000000 -25.239533 0.000000 0.000000 1.000000 0.000000
0.970734 0.240158 0.000000 210.392814 -0.240158 0.970734 0.000000 -25.381430 0.000000 0.000000 1.000000 0.000000
0.970631 0.240575 0.000000 210.982748 -0.240575 0.970631 0.000000 -25.541521 0.000000 0.000000 1.000000 0.000000
0.971074 0.238778 0.000000 211.501756 -0.238778 0.971074 0.000000 -25.679170 0.000000 0.000000 1.000000 0.000000
