0.999972 0.007521 0.000000 1.172339 -0.007521 0.999972 0.000000 -0.006808 0.000000 0.000000 1.000000 0.000000
0.999962 0.008667 0.000000 1.725452 -0.008667 0.999962 0.000000 -0.020198 0.000000 0.000000 1.000000 0.000000
0.999900 0.014117 0.000000 2.880702 -0.014117 0.999900 0.000000 -0.082955 0.000000 0.000000 1.000000 0.000000
0.999893 0.014624 0.000000 3.466125 -0.014624 0.999893 0.000000 -0.069652 0.000000 0.000000 1.000000 0.000000
0.999851 0.017256 0.000000 4.017855 -0.017256 0.999851 0.000000 -0.074819 0.000000 0.000000 1.000000 0.000000
0.999809 0.019527 0.000000 4.609887 -0.019527 0.999809 0.000000 -0.100119 0.000000 0.000000 1.000000 0.000000
0.999793 0.020325 0.000000 5.423117 -0.020325 0.999793 0.000000 -0.115535 0.000000 0.000000 1.000000 0.000000
0.999726 0.023408 0.000000 6.007331 -0.023408 0.999726 0.000000 -0.147025 0.000000 0.000000 1.000000 0.000000
0.999710 0.024071 0.000000 6.567231 -0.024071 0.999710 0.000000 -0.144353 0.000000 0.000000 1.000000 0.000000
0.999648 0.026533 0.000000 7.148030 -0.026533 0.999648 0.000000 -0.138605 0.000000 0.000000 1.000000 0.000000
0.999469 0.032578 0.000000 7.692152 -0.032578 0.999469 0.000000 -0.112749 0.000000 0.000000 1.000000 0.000000
0.999258 0.038514 0.000000 8.268598 -0.038514 0.999258 0.000000 -0.109662 0.000000 0.000000 1.000000 0.000000
0.999004 0.044619 0.000000 8.815442 -0.044619 0.999004 0.000000 -0.107089 0.000000 0.000000 1.000000 0.000000
0.998616 0.052596 0.000000 9.534419 -0.052596 0.998616 0.000000 -0.143091 0.000000 0.000000 1.000000 0.000000
0.998350 0.057428 0.000000 10.103249 -0.057428 0.998350 0.000000 -0.176038 0.000000 0.000000 1.000000 0.000000
0.998126 0.061200 0.000000 10.681833 -0.061200 0.998126 0.000000 -0.201528 0.000000 0.000000 1.000000 0.000000
0.997800 0.066297 0.000000 11.254945 -0.066297 0.997800 0.000000 -0.231813 0.000000 0.000000 1.000000 0.000000
0.996886 0.078862 0.000000 12.389876 -0.078862 0.996886 0.000000 -0.291007 0.000000 0.000000 1.000000 0.000000
0.996561 0.082868 0.000000 12.927466 -0.082868 0.996561 0.000000 -0.314187 0.000000 0.000000 1.000000 0.000000
0.995982 0.089553 0.000000 13.503143 -0.089553 0.995982 0.000000 -0.348617 0.000000 0.000000 1.000000 0.000000
0.995237 0.097487 0.000000 14.043388 -0.097487 0.995237 0.000000 -0.388448 0.000000 0.000000 1.000000 0.000000
0.994463 0.105085 0.000000 14.606970 -0.105085 0.994463 0.000000 -0.434366 0.000000 0.000000 1.000000 0.000000
0.993723 0.111870 0.000000 15.135912 -0.111870 0.993723 0.000000 -0.480426 0.000000 0.000000 1.000000 0.000000
0.993200 0.116422 0.000000 15.713114 -0.116422 0.993200 0.000000 -0.547887 0.000000 0.000000 1.000000 0.000000
0.992467 0.122514 0.000000 16.244213 -0.122514 0.992467 0.000000 -0.628215 0.000000 0.000000 1.000000 0.000000
0.991229 0.132152 0.000000 16.996246 -0.132152 0.991229 0.000000 -0.725460 0.000000 0.000000 1.000000 0.000000
0.989765 0.142705 0.000000 17.564687 -0.142705 0.989765 0.000000 -0.808568 0.000000 0.000000 1.000000 0.000000
0.988834 0.149018 0.000000 18.130090 -0.149018 0.988834 0.000000 -0.903691 0.000000 0.000000 1.000000 0.000000
0.988126 0.153644 0.000000 18.677981 -0.153644 0.988126 0.000000 -0.994129 0.000000 0.000000 1.000000 0.000000
0.987377 0.158388 0.000000 19.243642 -0.158388 0.987377 0.000000 -1.073846 0.000000 0.000000 1.000000 0.000000
0.986334 0.164759 0.000000 19.770868 -0.164759 0.986334 0.000000 -1.160875 0.000000 0.000000 1.000000 0.000000
0.985142 0.171744 0.000000 20.290159 -0.171744 0.985142 0.000000 -1.256880 0.000000 0.000000 1.000000 0.000000
0.983965 0.178364 0.000000 20.850138 -0.178364 0.983965 0.000000 -1.362334 0.000000 0.000000 1.000000 0.000000
0.982269 0.187476 0.000000 21.372997 -0.187476 0.982269 0.000000 -1.465428 0.000000 0.000000 1.000000 0.000000
0.980320 0.197414 0.000000 21.922895 -0.197414 0.980320 0.000000 -1.608154 0.000000 0.000000 1.000000 0.000000
0.978706 0.205269 0.000000 22.665337 -0.205269 0.978706 0.000000 -1.749619 0.000000 0.000000 1.000000 0.000000
0.977673 0.210131 0.000000 23.207131 -0.210131 0.977673 0.000000 -1.884292 0.000000 0.000000 1.000000 0.000000
0.975925 0.218107 0.000000 23.796405 -0.218107 0.975925 0.000000 -2.002455 0.000000 0.000000 1.000000 0.000000
0.974197 0.225701 0.000000 24.342248 -0.225701 0.974197 0.000000 -2.115039 0.000000 0.000000 1.000000 0.000000
0.972489 0.232951 0.000000 24.888558 -0.232951 0.972489 0.000000 -2.235214 0.000000 0.000000 1.000000 0.000000
0.970988 0.239129 0.000000 25.388637 -0.239129 0.970988 0.000000 -2.366213 0.000000 0.000000 1.000000 0.000000
0.969494 0.245114 0.000000 25.937164 -0.245114 0.969494 0.000000 -2.481516 0.000000 0.000000 1.000000 0.000000
0.969759 0.244066 0.000000 26.436090 -0.244066 0.969759 0.000000 -2.595880 0.000000 0.000000 1.000000 0.000000
0.968432 0.249280 0.000000 26.966274 -0.249280 0.968432 0.000000 -2.730647 0.000000 0.000000 1.000000 0.000000
0.965532 0.260286 0.000000 27.992741 -0.260286 0.965532 0.000000 -3.005241 0.000000 0.000000 1.000000 0.000000
0.964082 0.265605 0.000000 28.478757 -0.265605 0.964082 0.000000 -3.132389 0.000000 0.000000 1.000000 0.000000
0.962292 0.272017 0.000000 29.004565 -0.272017 0.962292 0.000000 -3.271977 0.000000 0.000000 1.000000 0.000000
0.960356 0.278777 0.000000 29.670691 -0.278777 0.960356 0.000000 -3.455293 0.000000 0.000000 1.000000 0.000000
0.958817 0.284024 0.000000 30.150916 -0.284024 0.958817 0.000000 -3.592294 0.000000 0.000000 1.000000 0.000000
0.957293 0.289119 0.000000 30.630805 -0.289119 0.957293 0.000000 -3.737709 0.000000 0.000000 1.000000 0.000000
0.955006 0.296585 0.000000 31.144421 -0.296585 0.955006 0.000000 -3.889775 0.000000 0.000000 1.000000 0.000000
0.954118 0.299431 0.000000 31.620804 -0.299431 0.954118 0.000000 -4.041795 0.000000 0.000000 1.000000 0.000000
0.951192 0.308599 0.000000 32.292162 -0.308599 0.951192 0.000000 -4.260153 0.000000 0.000000 1.000000 0.000000
0.949548 0.313622 0.000000 32.799921 -0.313622 0.949548 0.000000 -4.440224 0.000000 0.000000 1.000000 0.000000
0.948335 0.317270 0.000000 33.302016 -0.317270 0.948335 0.000000 -4.617133 0.000000 0.000000 1.000000 0.000000
0.946638 0.322299 0.000000 33.789426 -0.322299 0.946638 0.000000 -4.791169 0.000000 0.000000 1.000000 0.000000
0.944731 0.327848 0.000000 34.299281 -0.327848 0.944731 0.000000 -4.970263 0.000000 0.000000 1.000000 0.000000
0.945175 0.326566 0.000000 34.800414 -0.326566 0.945175 0.000000 -5.157314 0.000000 0.000000 1.000000 0.000000
0.942790 0.333388 0.000000 35.264697 -0.333388 0.942790 0.000000 -5.311207 0.000000 0.000000 1.000000 0.000000
0.941350 0.337432 0.000000 35.766193 -0.337432 0.941350 0.000000 -5.486917 0.000000 0.000000 1.000000 0.000000
0.939439 0.342716 0.000000 36.248336 -0.342716 0.939439 0.000000 -5.670674 0.000000 0.000000 1.000000 0.000000
0.936827 0.349793 0.000000 36.750351 -0.349793 0.936827 0.000000 -5.846536 0.000000 0.000000 1.000000 0.000000
0.934680 0.355490 0.000000 37.222769 -0.355490 0.934680 0.000000 -6.036582 0.000000 0.000000 1.000000 0.000000
0.932097 0.362208 0.000000 37.715025 -0.362208 0.932097 0.000000 -6.244396 0.000000 0.000000 1.000000 0.000000
0.929360 0.369174 0.000000 38.192082 -0.369174 0.929360 0.000000 -6.426611 0.000000 0.000000 1.000000 0.000000
0.927175 0.374628 0.000000 38.689984 -0.374628 0.927175 0.000000 -6.617474 0.000000 0.000000 1.000000 0.000000
0.926013 0.377491 0.000000 39.151416 -0.377491 0.926013 0.000000 -6.774045 0.000000 0.000000 1.000000 0.000000
0.922919 0.384995 0.000000 39.835076 -0.384995 0.922919 0.000000 -7.055130 0.000000 0.000000 1.000000 0.000000
0.918708 0.394938 0.000000 40.536530 -0.394938 0.918708 0.000000 -7.364912 0.000000 0.000000 1.000000 0.000000
0.915577 0.402143 0.000000 41.022285 -0.402143 0.915577 0.000000 -7.576123 0.000000 0.000000 1.000000 0.000000
0.909724 0.415213 0.000000 41.865616 -0.415213 0.909724 0.000000 -7.965627 0.000000 0.000000 1.000000 0.000000
0.907440 0.420181 0.000000 42.347580 -0.420181 0.907440 0.000000 -8.191793 0.000000 0.000000 1.000000 0.000000
0.905426 0.424503 0.000000 42.828348 -0.424503 0.905426 0.000000 -8.409637 0.000000 0.000000 1.000000 0.000000
0.904859 0.425711 0.000000 43.303151 -0.425711 0.904859 0.000000 -8.617654 0.000000 0.000000 1.000000 0.000000
0.900684 0.434475 0.000000 43.773481 -0.434475 0.900684 0.000000 -8.833681 0.000000 0.000000 1.000000 0.000000
0.899652 0.436608 0.000000 44.268289 -0.436608 0.899652 0.000000 -9.081224 0.000000 0.000000 1.000000 0.000000
0.897184 0.441657 0.000000 44.695773 -0.441657 0.897184 0.000000 -9.289287 0.000000 0.000000 1.000000 0.000000
0.894322 0.447425 0.000000 45.147706 -0.447425 0.894322 0.000000 -9.521209 0.000000 0.000000 1.000000 0.000000
0.892673 0.450704 0.000000 45.601525 -0.450704 0.892673 0.000000 -9.732776 0.000000 0.000000 1.000000 0.000000
0.892161 0.451718 0.000000 46.045993 -0.451718 0.892161 0.000000 -9.965780 0.000000 0.000000 1.000000 0.000000
0.889936 0.456086 0.000000 46.468095 -0.456086 0.889936 0.000000 -10.188182 0.000000 0.000000 1.000000 0.000000
0.888142 0.459569 0.000000 46.894502 -0.459569 0.888142 0.000000 -10.423347 0.000000 0.000000 1.000000 0.000000
0.886183 0.463336 0.000000 47.287497 -0.463336 0.886183 0.000000 -10.648882 0.000000 0.000000 1.000000 0.000000
0.885726 0.464209 0.000000 47.705455 -0.464209 0.885726 0.000000 -10.888370 0.000000 0.000000 1.000000 0.000000
0.882895 0.469571 0.000000 48.096532 -0.469571 0.882895 0.000000 -11.090538 0.000000 0.000000 1.000000 0.000000
0.881855 0.471520 0.000000 48.524432 -0.471520 0.881855 0.000000 -11.306941 0.000000 0.000000 1.000000 0.000000
0.881312 0.472536 0.000000 48.927850 -0.472536 0.881312 0.000000 -11.500468 0.000000 0.000000 1.000000 0.000000
0.880246 0.474518 0.000000 49.312485 -0.474518 0.880246 0.000000 -11.702010 0.000000 0.000000 1.000000 0.000000
0.880038 0.474903 0.000000 49.714892 -0.474903 0.880038 0.000000 -11.909437 0.000000 0.000000 1.000000 0.000000
0.875646 0.482953 0.000000 50.115933 -0.482953 0.875646 0.000000 -12.100660 0.000000 0.000000 1.000000 0.000000
0.872780 0.488113 0.000000 50.500387 -0.488113 0.872780 0.000000 -12.301984 0.000000 0.000000 1.000000 0.000000
0.870718 0.491783 0.000000 50.864233 -0.491783 0.870718 0.000000 -12.526017 0.000000 0.000000 1.000000 0.000000
0.866593 0.499015 0.000000 51.247893 -0.499015 0.866593 0.000000 -12.754245 0.000000 0.000000 1.000000 0.000000
0.862916 0.505347 0.000000 51.776808 -0.505347 0.862916 0.000000 -13.092857 0.000000 0.000000 1.000000 0.000000
0.858763 0.512374 0.000000 52.155110 -0.512374 0.858763 0.000000 -13.345164 0.000000 0.000000 1.000000 0.000000
0.853783 0.520628 0.000000 52.526599 -0.520628 0.853783 0.000000 -13.554861 0.000000 0.000000 1.000000 0.000000
0.851382 0.524546 0.000000 52.873059 -0.524546 0.851382 0.000000 -13.773333 0.000000 0.000000 1.000000 0.000000
0.849003 0.528388 0.000000 53.221503 -0.528388 0.849003 0.000000 -14.000880 0.000000 0.000000 1.000000 0.000000
0.844893 0.534936 0.000000 53.565952 -0.534936 0.844893 0.000000 -14.221968 0.000000 0.000000 1.000000 0.000000
0.841972 0.539522 0.000000 53.901132 -0.539522 0.841972 0.000000 -14.450850 0.000000 0.000000 1.000000 0.000000
0.838545 0.544832 0.000000 54.236114 -0.544832 0.838545 0.000000 -14.671138 0.000000 0.000000 1.000000 0.000000
0.834763 0.550610 0.000000 54.562105 -0.550610 0.834763 0.000000 -14.885758 0.000000 0.000000 1.000000 0.000000
0.833096 0.553128 0.000000 54.876272 -0.553128 0.833096 0.000000 -15.111909 0.000000 0.000000 1.000000 0.000000
0.830640 0.556809 0.000000 55.178972 -0.556809 0.830640 0.000000 -15.333459 0.000000 0.000000 1.000000 0.000000
0.828037 0.560674 0.000000 55.783957 -0.560674 0.828037 0.000000 -15.761055 0.000000 0.000000 1.000000 0.000000
0.827757 0.561086 0.000000 56.079866 -0.561086 0.827757 0.000000 -15.950536 0.000000 0.000000 1.000000 0.000000
0.826621 0.562760 0.000000 56.354046 -0.562760 0.826621 0.000000 -16.123209 0.000000 0.000000 1.000000 0.000000
0.826151 0.563449 0.000000 56.618470 -0.563449 0.826151 0.000000 -16.298373 0.000000 0.000000 1.000000 0.000000
0.828675 0.559730 0.000000 56.904905 -0.559730 0.828675 0.000000 -16.491506 0.000000 0.000000 1.000000 0.000000
0.826490 0.562951 0.000000 57.172361 -0.562951 0.826490 0.000000 -16.668856 0.000000 0.000000 1.000000 0.000000
0.825004 0.565126 0.000000 57.447550 -0.565126 0.825004 0.000000 -16.851087 0.000000 0.000000 1.000000 0.000000
0.823718 0.567000 0.000000 57.705928 -0.567000 0.823718 0.000000 -17.017968 0.000000 0.000000 1.000000 0.000000
0.822368 0.568957 0.000000 57.974132 -0.568957 0.822368 0.000000 -17.192242 0.000000 0.000000 1.000000 0.000000
0.822561 0.568677 0.000000 58.211330 -0.568677 0.822561 0.000000 -17.367432 0.000000 0.000000 1.000000 0.000000
0.820274 0.571971 0.000000 58.455480 -0.571971 0.820274 0.000000 -17.510500 0.000000 0.000000 1.000000 0.000000
0.818717 0.574197 0.000000 58.712861 -0.574197 0.818717 0.000000 -17.671554 0.000000 0.000000 1.000000 0.000000
0.815222 0.579148 0.000000 59.071852 -0.579148 0.815222 0.000000 -17.915878 0.000000 0.000000 1.000000 0.000000
0.814136 0.580675 0.000000 59.337739 -0.580675 0.814136 0.000000 -18.091710 0.000000 0.000000 1.000000 0.000000
0.810361 0.585931 0.000000 59.583777 -0.585931 0.810361 0.000000 -18.253707 0.000000 0.000000 1.000000 0.000000
0.807631 0.589688 0.000000 59.811538 -0.589688 0.807631 0.000000 -18.427451 0.000000 0.000000 1.000000 0.000000
0.804382 0.594113 0.000000 60.034903 -0.594113 0.804382 0.000000 -18.603330 0.000000 0.000000 1.000000 0.000000
0.801829 0.597554 0.000000 60.241315 -0.597554 0.801829 0.000000 -18.768009 0.000000 0.000000 1.000000 0.000000
0.801787 0.597610 0.000000 60.443110 -0.597610 0.801787 0.000000 -18.938657 0.000000 0.000000 1.000000 0.000000
0.801462 0.598046 0.000000 60.649498 -0.598046 0.801462 0.000000 -19.107605 0.000000 0.000000 1.000000 0.000000
0.803450 0.595373 0.000000 60.850130 -0.595373 0.803450 0.000000 -19.265797 0.000000 0.000000 1.000000 0.000000
0.802446 0.596725 0.000000 61.043153 -0.596725 0.802446 0.000000 -19.416431 0.000000 0.000000 1.000000 0.000000
0.798224 0.602361 0.000000 61.445758 -0.602361 0.798224 0.000000 -19.692756 0.000000 0.000000 1.000000 0.000000
0.794260 0.607578 0.000000 61.625561 -0.607578 0.794260 0.000000 -19.811979 0.000000 0.000000 1.000000 0.000000
0.793130 0.609052 0.000000 61.785745 -0.609052 0.793130 0.000000 -19.938471 0.000000 0.000000 1.000000 0.000000
0.793520 0.608544 0.000000 61.963229 -0.608544 0.793520 0.000000 -20.076624 0.000000 0.000000 1.000000 0.000000
0.793498 0.608572 0.000000 62.117512 -0.608572 0.793498 0.000000 -20.205828 0.000000 0.000000 1.000000 0.000000
0.791970 0.610559 0.000000 62.282360 -0.610559 0.791970 0.000000 -20.329663 0.000000 0.000000 1.000000 0.000000
0.791779 0.610808 0.000000 62.441608 -0.610808 0.791779 0.000000 -20.461313 0.000000 0.000000 1.000000 0.000000
0.789670 0.613532 0.000000 62.594505 -0.613532 0.789670 0.000000 -20.565040 0.000000 0.000000 1.000000 0.000000
0.788578 0.614935 0.000000 62.758969 -0.614935 0.788578 0.000000 -20.687626 0.000000 0.000000 1.000000 0.000000
0.784952 0.619556 0.000000 63.073664 -0.619556 0.784952 0.000000 -20.924202 0.000000 0.000000 1.000000 0.000000
0.783439 0.621469 0.000000 63.238523 -0.621469 0.783439 0.000000 -21.025985 0.000000 0.000000 1.000000 0.000000
0.782716 0.622379 0.000000 63.388795 -0.622379 0.782716 0.000000 -21.135588 0.000000 0.000000 1.000000 0.000000
0.780990 0.624543 0.000000 63.637629 -0.624543 0.780990 0.000000 -21.337082 0.000000 0.000000 1.000000 0.000000
0.779864 0.625948 0.000000 63.798851 -0.625948 0.779864 0.000000 -21.466364 0.000000 0.000000 1.000000 0.000000
0.777388 0.629022 0.000000 63.956060 -0.629022 0.777388 0.000000 -21.588545 0.000000 0.000000 1.000000 0.000000
0.775361 0.631518 0.000000 64.120851 -0.631518 0.775361 0.000000 -21.707735 0.000000 0.000000 1.000000 0.000000
0.775726 0.631070 0.000000 64.282552 -0.631070 0.775726 0.000000 -21.833561 0.000000 0.000000 1.000000 0.000000
0.774294 0.632826 0.000000 64.444079 -0.632826 0.774294 0.000000 -21.952608 0.000000 0.000000 1.000000 0.000000
0.773069 0.634322 0.000000 64.590729 -0.634322 0.773069 0.000000 -22.074075 0.000000 0.000000 1.000000 0.000000
0.769747 0.638350 0.000000 64.908493 -0.638350 0.769747 0.000000 -22.322589 0.000000 0.000000 1.000000 0.000000
0.767437 0.641124 0.000000 65.068552 -0.641124 0.767437 0.000000 -22.439576 0.000000 0.000000 1.000000 0.000000
0.765691 0.643208 0.000000 65.245696 -0.643208 0.765691 0.000000 -22.560546 0.000000 0.000000 1.000000 0.000000
0.763323 0.646018 0.000000 65.407360 -0.646018 0.763323 0.000000 -22.692709 0.000000 0.000000 1.000000 0.000000
0.762108 0.647450 0.000000 65.575099 -0.647450 0.762108 0.000000 -22.834841 0.000000 0.000000 1.000000 0.000000
0.761220 0.648493 0.000000 65.733071 -0.648493 0.761220 0.000000 -22.979520 0.000000 0.000000 1.000000 0.000000
0.759156 0.650909 0.000000 65.886863 -0.650909 0.759156 0.000000 -23.123375 0.000000 0.000000 1.000000 0.000000
0.757315 0.653049 0.000000 66.059369 -0.653049 0.757315 0.000000 -23.268664 0.000000 0.000000 1.000000 0.000000
0.754264 0.656571 0.000000 66.231653 -0.656571 0.754264 0.000000 -23.398171 0.000000 0.000000 1.000000 0.000000
0.750122 0.661299 0.000000 66.406538 -0.661299 0.750122 0.000000 -23.541577 0.000000 0.000000 1.000000 0.000000
0.746232 0.665686 0.000000 66.585487 -0.665686 0.746232 0.000000 -23.687360 0.000000 0.000000 1.000000 0.000000
0.743820 0.668380 0.000000 66.749553 -0.668380 0.743820 0.000000 -23.848570 0.000000 0.000000 1.000000 0.000000
0.741552 0.670895 0.000000 66.941040 -0.670895 0.741552 0.000000 -24.006902 0.000000 0.000000 1.000000 0.000000
0.740058 0.672543 0.000000 67.101833 -0.672543 0.740058 0.000000 -24.170953 0.000000 0.000000 1.000000 0.000000
0.736592 0.676337 0.000000 67.300504 -0.676337 0.736592 0.000000 -24.333303 0.000000 0.000000 1.000000 0.000000
0.734346 0.678776 0.000000 67.462615 -0.678776 0.734346 0.000000 -24.506919 0.000000 0.000000 1.000000 0.000000
0.728770 0.684758 0.000000 67.739181 -0.684758 0.728770 0.000000 -24.767763 0.000000 0.000000 1.000000 0.000000
0.725670 0.688043 0.000000 67.912608 -0.688043 0.725670 0.000000 -24.942042 0.000000 0.000000 1.000000 0.000000
0.724193 0.689598 0.000000 68.098085 -0.689598 0.724193 0.000000 -25.127950 0.000000 0.000000 1.000000 0.000000
0.722673 0.691190 0.000000 68.279153 -0.691190 0.722673 0.000000 -25.311574 0.000000 0.000000 1.000000 0.000000
0.718664 0.695357 0.000000 68.653335 -0.695357 0.718664 0.000000 -25.700878 0.000000 0.000000 1.000000 0.000000
0.716631 0.697452 0.000000 68.843530 -0.697452 0.716631 0.000000 -25.876015 0.000000 0.000000 1.000000 0.000000
0.714475 0.699661 0.000000 69.017698 -0.699661 0.714475 0.000000 -26.048374 0.000000 0.000000 1.000000 0.000000
0.712401 0.701773 0.000000 69.223423 -0.701773 0.712401 0.000000 -26.232254 0.000000 0.000000 1.000000 0.000000
0.711392 0.702796 0.000000 69.483902 -0.702796 0.711392 0.000000 -26.497249 0.000000 0.000000 1.000000 0.000000
0.706301 0.707912 0.000000 69.681299 -0.707912 0.706301 0.000000 -26.678178 0.000000 0.000000 1.000000 0.000000
0.702950 0.711239 0.000000 69.855716 -0.711239 0.702950 0.000000 -26.865813 0.000000 0.000000 1.000000 0.000000
0.698034 0.716064 0.000000 70.038331 -0.716064 0.698034 0.000000 -27.068073 0.000000 0.000000 1.000000 0.000000
0.696805 0.717260 0.000000 70.204546 -0.717260 0.696805 0.000000 -27.255865 0.000000 0.000000 1.000000 0.000000
0.694970 0.719039 0.000000 70.375543 -0.719039 0.694970 0.000000 -27.439615 0.000000 0.000000 1.000000 0.000000
0.692137 0.721766 0.000000 70.559466 -0.721766 0.692137 0.000000 -27.635129 0.000000 0.000000 1.000000 0.000000
0.692058 0.721841 0.000000 70.726169 -0.721841 0.692058 0.000000 -27.821446 0.000000 0.000000 1.000000 0.000000
0.690116 0.723699 0.000000 70.890096 -0.723699 0.690116 0.000000 -28.003592 0.000000 0.000000 1.000000 0.000000
0.687508 0.726177 0.000000 71.071597 -0.726177 0.687508 0.000000 -28.198641 0.000000 0.000000 1.000000 0.000000
0.687300 0.726374 0.000000 71.240518 -0.726374 0.687300 0.000000 -28.371097 0.000000 0.000000 1.000000 0.000000
0.688056 0.725658 0.000000 71.462441 -0.725658 0.688056 0.000000 -28.621574 0.000000 0.000000 1.000000 0.000000
0.686748 0.726895 0.000000 71.637463 -0.726895 0.686748 0.000000 -28.828014 0.000000 0.000000 1.000000 0.000000
0.685566 0.728011 0.000000 71.811094 -0.728011 0.685566 0.000000 -29.019103 0.000000 0.000000 1.000000 0.000000
0.685811 0.727779 0.000000 71.975156 -0.727779 0.685811 0.000000 -29.212186 0.000000 0.000000 1.000000 0.000000
0.684478 0.729034 0.000000 72.143745 -0.729034 0.684478 0.000000 -29.403573 0.000000 0.000000 1.000000 0.000000
0.687583 0.726106 0.000000 72.320757 -0.726106 0.687583 0.000000 -29.583301 0.000000 0.000000 1.000000 0.000000
0.692205 0.721701 0.000000 72.478108 -0.721701 0.692205 0.000000 -29.770263 0.000000 0.000000 1.000000 0.000000
0.691566 0.722314 0.000000 72.656275 -0.722314 0.691566 0.000000 -29.942778 0.000000 0.000000 1.000000 0.000000
0.693568 0.720391 0.000000 72.829564 -0.720391 0.693568 0.000000 -30.102486 0.000000 0.000000 1.000000 0.000000
0.694299 0.719687 0.000000 72.987652 -0.719687 0.694299 0.000000 -30.261171 0.000000 0.000000 1.000000 0.000000
0.693565 0.720394 0.000000 73.309276 -0.720394 0.693565 0.000000 -30.589194 0.000000 0.000000 1.000000 0.000000
0.694185 0.719797 0.000000 73.475744 -0.719797 0.694185 0.000000 -30.756271 0.000000 0.000000 1.000000 0.000000
0.696428 0.717627 0.000000 73.644394 -0.717627 0.696428 0.000000 -30.926202 0.000000 0.000000 1.000000 0.000000
0.697337 0.716744 0.000000 73.780763 -0.716744 0.697337 0.000000 -31.083757 0.000000 0.000000 1.000000 0.000000
0.699169 0.714957 0.000000 73.933049 -0.714957 0.699169 0.000000 -31.250896 0.000000 0.000000 1.000000 0.000000
0.699993 0.714150 0.000000 74.088752 -0.714150 0.699993 0.000000 -31.399147 0.000000 0.000000 1.000000 0.000000
0.699390 0.714740 0.000000 74.243298 -0.714740 0.699390 0.000000 -31.546824 0.000000 0.000000 1.000000 0.000000
0.700802 0.713356 0.000000 74.493690 -0.713356 0.700802 0.000000 -31.807713 0.000000 0.000000 1.000000 0.000000
0.702490 0.711694 0.000000 74.634298 -0.711694 0.702490 0.000000 -31.958204 0.000000 0.000000 1.000000 0.000000
0.705272 0.708937 0.000000 74.772675 -0.708937 0.705272 0.000000 -32.112459 0.000000 0.000000 1.000000 0.000000
0.706928 0.707285 0.000000 74.909715 -0.707285 0.706928 0.000000 -32.264305 0.000000 0.000000 1.000000 0.000000
0.709484 0.704722 0.000000 75.050950 -0.704722 0.709484 0.000000 -32.416433 0.000000 0.000000 1.000000 0.000000
0.711626 0.702559 0.000000 75.190021 -0.702559 0.711626 0.000000 -32.570908 0.000000 0.000000 1.000000 0.000000
0.719213 0.694790 0.000000 75.462715 -0.694790 0.719213 0.000000 -32.843582 0.000000 0.000000 1.000000 0.000000
0.722340 0.691538 0.000000 75.596116 -0.691538 0.722340 0.000000 -32.965168 0.000000 0.000000 1.000000 0.000000
0.725272 0.688463 0.000000 75.716951 -0.688463 0.725272 0.000000 -33.081522 0.000000 0.000000 1.000000 0.000000
0.731640 0.681691 0.000000 75.926184 -0.681691 0.731640 0.000000 -33.281757 0.000000 0.000000 1.000000 0.000000
0.735581 0.677437 0.000000 76.225099 -0.677437 0.735581 0.000000 -33.546273 0.000000 0.000000 1.000000 0.000000
0.742109 0.670279 0.000000 76.387215 -0.670279 0.742109 0.000000 -33.711689 0.000000 0.000000 1.000000 0.000000
0.744845 0.667237 0.000000 76.489749 -0.667237 0.744845 0.000000 -33.815286 0.000000 0.000000 1.000000 0.000000
0.753585 0.657351 0.000000 76.691451 -0.657351 0.753585 0.000000 -34.017483 0.000000 0.000000 1.000000 0.000000
0.757798 0.652489 0.000000 76.795414 -0.652489 0.757798 0.000000 -34.115354 0.000000 0.000000 1.000000 0.000000
0.761091 0.648645 0.000000 76.897071 -0.648645 0.761091 0.000000 -34.194018 0.000000 0.000000 1.000000 0.000000
0.763848 0.645396 0.000000 76.995040 -0.645396 0.763848 0.000000 -34.278407 0.000000 0.000000 1.000000 0.000000
0.769096 0.639134 0.000000 77.143448 -0.639134 0.769096 0.000000 -34.416152 0.000000 0.000000 1.000000 0.000000
0.774663 0.632374 0.000000 77.332186 -0.632374 0.774663 0.000000 -34.583227 0.000000 0.000000 1.000000 0.000000
0.778502 0.627642 0.000000 77.429723 -0.627642 0.778502 0.000000 -34.656947 0.000000 0.000000 1.000000 0.000000
0.782151 0.623089 0.000000 77.516420 -0.623089 0.782151 0.000000 -34.732506 0.000000 0.000000 1.000000 0.000000
0.785507 0.618852 0.000000 77.598317 -0.618852 0.785507 0.000000 -34.802906 0.000000 0.000000 1.000000 0.000000
0.789012 0.614378 0.000000 77.686446 -0.614378 0.789012 0.000000 -34.865315 0.000000 0.000000 1.000000 0.000000
0.791469 0.611209 0.000000 77.773253 -0.611209 0.791469 0.000000 -34.914867 0.000000 0.000000 1.000000 0.000000
0.798516 0.601973 0.000000 77.920253 -0.601973 0.798516 0.000000 -35.039808 0.000000 0.000000 1.000000 0.000000
0.800801 0.598931 0.000000 77.987043 -0.598931 0.800801 0.000000 -35.085756 0.000000 0.000000 1.000000 0.000000
0.804123 0.594462 0.000000 78.052600 -0.594462 0.804123 0.000000 -35.126564 0.000000 0.000000 1.000000 0.000000
0.805753 0.592252 0.000000 78.110342 -0.592252 0.805753 0.000000 -35.170881 0.000000 0.000000 1.000000 0.000000
0.808929 0.587906 0.000000 78.163393 -0.587906 0.808929 0.000000 -35.213334 0.000000 0.000000 1.000000 0.000000
0.810157 0.586213 0.000000 78.208521 -0.586213 0.810157 0.000000 -35.243750 0.000000 0.000000 1.000000 0.000000
0.811380 0.584520 0.000000 78.258665 -0.584520 0.811380 0.000000 -35.275177 0.000000 0.000000 1.000000 0.000000
0.812486 0.582981 0.000000 78.329177 -0.582981 0.812486 0.000000 -35.319379 0.000000 0.000000 1.000000 0.000000
0.813788 0.581162 0.000000 78.368620 -0.581162 0.813788 0.000000 -35.345672 0.000000 0.000000 1.000000 0.000000
0.814451 0.580233 0.000000 78.404177 -0.580233 0.814451 0.000000 -35.362155 0.000000 0.000000 1.000000 0.000000
0.815231 0.579136 0.000000 78.433607 -0.579136 0.815231 0.000000 -35.376018 0.000000 0.000000 1.000000 0.000000
0.816424 0.577453 0.000000 78.456636 -0.577453 0.816424 0.000000 -35.391189 0.000000 0.000000 1.000000 0.000000
0.817606 0.575778 0.000000 78.481009 -0.575778 0.817606 0.000000 -35.403332 0.000000 0.000000 1.000000 0.000000
0.817460 0.575985 0.000000 78.498268 -0.575985 0.817460 0.000000 -35.417062 0.000000 0.000000 1.000000 0.000000
0.817895 0.575368 0.000000 78.509707 -0.575368 0.817895 0.000000 -35.436524 0.000000 0.000000 1.000000 0.000000
0.819522 0.573047 0.000000 78.517707 -0.573047 0.819522 0.000000 -35.452110 0.000000 0.000000 1.000000 0.000000
0.818880 0.573965 0.000000 78.520168 -0.573965 0.818880 0.000000 -35.444404 0.000000 0.000000 1.000000 0.000000
0.819865 0.572557 0.000000 78.514850 -0.572557 0.819865 0.000000 -35.444262 0.000000 0.000000 1.000000 0.000000
0.819910 0.572492 0.000000 78.509738 -0.572492 0.819910 0.000000 -35.439062 0.000000 0.000000 1.000000 0.000000
0.819106 0.573642 0.000000 78.508700 -0.573642 0.819106 0.000000 -35.428090 0.000000 0.000000 1.000000 0.000000
0.819051 0.573721 0.000000 78.502187 -0.573721 0.819051 0.000000 -35.426965 0.000000 0.000000 1.000000 0.000000
0.818909 0.573923 0.000000 78.498560 -0.573923 0.818909 0.000000 -35.425456 0.000000 0.000000 1.000000 0.000000
0.819974 0.572400 0.000000 78.496225 -0.572400 0.819974 0.000000 -35.432539 0.000000 0.000000 1.000000 0.000000
0.820013 0.572345 0.000000 78.493302 -0.572345 0.820013 0.000000 -35.434128 0.000000 0.000000 1.000000 0.000000
0.819203 0.573503 0.000000 78.496639 -0.573503 0.819203 0.000000 -35.431078 0.000000 0.000000 1.000000 0.000000
0.818978 0.573825 0.000000 78.496968 -0.573825 0.818978 0.000000 -35.432226 0.000000 0.000000 1.000000 0.000000
0.819048 0.573725 0.000000 78.494728 -0.573725 0.819048 0.000000 -35.432510 0.000000 0.000000 1.000000 0.000000
0.819012 0.573777 0.000000 78.492504 -0.573777 0.819012 0.000000 -35.432201 0.000000 0.000000 1.000000 0.000000
0.819065 0.573701 0.000000 78.492040 -0.573701 0.819065 0.000000 -35.429291 0.000000 0.000000 1.000000 0.000000
0.818868 0.573981 0.000000 78.493480 -0.573981 0.818868 0.000000 -35.426761 0.000000 0.000000 1.000000 0.000000
0.818840 0.574023 0.000000 78.491104 -0.574023 0.818840 0.000000 -35.424984 0.000000 0.000000 1.000000 0.000000
0.818861 0.573992 0.000000 78.488385 -0.573992 0.818861 0.000000 -35.426051 0.000000 0.000000 1.000000 0.000000
0.818916 0.573914 0.000000 78.487877 -0.573914 0.818916 0.000000 -35.426332 0.000000 0.000000 1.000000 0.000000
0.819017 0.573770 0.000000 78.487038 -0.573770 0.819017 0.000000 -35.425168 0.000000 0.000000 1.000000 0.000000
0.819035 0.573743 0.000000 78.487334 -0.573743 0.819035 0.000000 -35.425635 0.000000 0.000000 1.000000 0.000000
0.819037 0.573741 0.000000 78.488808 -0.573741 0.819037 0.000000 -35.426370 0.000000 0.000000 1.000000 0.000000
0.819061 0.573707 0.000000 78.487636 -0.573707 0.819061 0.000000 -35.426121 0.000000 0.000000 1.000000 0.000000
0.819040 0.573737 0.000000 78.487624 -0.573737 0.819040 0.000000 -35.425924 0.000000 0.000000 1.000000 0.000000
0.819013 0.573774 0.000000 78.488115 -0.573774 0.819013 0.000000 -35.427852 0.000000 0.000000 1.000000 0.000000
0.818839 0.574023 0.000000 78.487523 -0.574023 0.818839 0.000000 -35.430987 0.000000 0.000000 1.000000 0.000000
0.818761 0.574135 0.000000 78.487561 -0.574135 0.818761 0.000000 -35.432058 0.000000 0.000000 1.000000 0.000000
0.818732 0.574176 0.000000 78.487518 -0.574176 0.818732 0.000000 -35.431584 0.000000 0.000000 1.000000 0.000000
0.818834 0.574031 0.000000 78.486797 -0.574031 0.818834 0.000000 -35.429236 0.000000 0.000000 1.000000 0.000000
0.818929 0.573895 0.000000 78.485950 -0.573895 0.818929 0.000000 -35.426271 0.000000 0.000000 1.000000 0.000000
0.818912 0.573919 0.000000 78.484218 -0.573919 0.818912 0.000000 -35.426266 0.000000 0.000000 1.000000 0.000000
0.818903 0.573932 0.000000 78.484965 -0.573932 0.818903 0.000000 -35.424311 0.000000 0.000000 1.000000 0.000000
0.818878 0.573968 0.000000 78.485217 -0.573968 0.818878 0.000000 -35.423864 0.000000 0.000000 1.000000 0.000000
0.818846 0.574013 0.000000 78.482888 -0.574013 0.818846 0.000000 -35.423883 0.000000 0.000000 1.000000 0.000000
0.818801 0.574077 0.000000 78.483346 -0.574077 0.818801 0.000000 -35.423261 0.000000 0.000000 1.000000 0.000000
0.818879 0.573967 0.000000 78.486149 -0.573967 0.818879 0.000000 -35.423545 0.000000 0.000000 1.000000 0.000000
0.818932 0.573890 0.000000 78.486480 -0.573890 0.818932 0.000000 -35.421654 0.000000 0.000000 1.000000 0.000000
0.819001 0.573792 0.000000 78.488748 -0.573792 0.819001 0.000000 -35.420942 0.000000 0.000000 1.000000 0.000000
0.819013 0.573775 0.000000 78.489326 -0.573775 0.819013 0.000000 -35.420915 0.000000 0.000000 1.000000 0.000000
0.819034 0.573744 0.000000 78.487992 -0.573744 0.819034 0.000000 -35.421977 0.000000 0.000000 1.000000 0.000000
0.819395 0.573230 0.000000 78.484851 -0.573230 0.819395 0.000000 -35.423605 0.000000 0.000000 1.000000 0.000000
0.819266 0.573413 0.000000 78.485132 -0.573413 0.819266 0.000000 -35.422787 0.000000 0.000000 1.000000 0.000000
0.819132 0.573606 0.000000 78.487066 -0.573606 0.819132 0.000000 -35.422797 0.000000 0.000000 1.000000 0.000000
0.819097 0.573656 0.000000 78.485513 -0.573656 0.819097 0.000000 -35.422556 0.000000 0.000000 1.000000 0.000000
0.819151 0.573578 0.000000 78.484759 -0.573578 0.819151 0.000000 -35.425444 0.000000 0.000000 1.000000 0.000000
0.819362 0.573277 0.000000 78.483909 -0.573277 0.819362 0.000000 -35.425756 0.000000 0.000000 1.000000 0.000000
0.819419 0.573195 0.000000 78.485706 -0.573195 0.819419 0.000000 -35.425751 0.000000 0.000000 1.000000 0.000000
0.819431 0.573178 0.000000 78.483681 -0.573178 0.819431 0.000000 -35.431543 0.000000 0.000000 1.000000 0.000000
0.818943 0.573875 0.000000 78.486048 -0.573875 0.818943 0.000000 -35.432428 0.000000 0.000000 1.000000 0.000000
0.818805 0.574072 0.000000 78.487071 -0.574072 0.818805 0.000000 -35.430680 0.000000 0.000000 1.000000 0.000000
0.817824 0.575469 0.000000 78.490741 -0.575469 0.817824 0.000000 -35.435023 0.000000 0.000000 1.000000 0.000000
0.818123 0.575043 0.000000 78.493180 -0.575043 0.818123 0.000000 -35.439493 0.000000 0.000000 1.000000 0.000000
0.818422 0.574618 0.000000 78.491864 -0.574618 0.818422 0.000000 -35.454275 0.000000 0.000000 1.000000 0.000000
0.818696 0.574227 0.000000 78.491183 -0.574227 0.818696 0.000000 -35.464498 0.000000 0.000000 1.000000 0.000000
0.820119 0.572193 0.000000 78.491363 -0.572193 0.820119 0.000000 -35.470468 0.000000 0.000000 1.000000 0.000000
0.820626 0.571466 0.000000 78.492513 -0.571466 0.820626 0.000000 -35.470785 0.000000 0.000000 1.000000 0.000000
0.820897 0.571076 0.000000 78.491986 -0.571076 0.820897 0.000000 -35.472320 0.000000 0.000000 1.000000 0.000000
0.821066 0.570833 0.000000 78.490473 -0.570833 0.821066 0.000000 -35.464563 0.000000 0.000000 1.000000 0.000000
0.820908 0.571060 0.000000 78.494370 -0.571060 0.820908 0.000000 -35.459356 0.000000 0.000000 1.000000 0.000000
0.820964 0.570980 0.000000 78.493019 -0.570980 0.820964 0.000000 -35.458283 0.000000 0.000000 1.000000 0.000000
0.820873 0.571110 0.000000 78.493392 -0.571110 0.820873 0.000000 -35.460264 0.000000 0.000000 1.000000 0.000000
0.820791 0.571228 0.000000 78.495444 -0.571228 0.820791 0.000000 -35.457333 0.000000 0.000000 1.000000 0.000000
0.821005 0.570922 0.000000 78.492273 -0.570922 0.821005 0.000000 -35.455328 0.000000 0.000000 1.000000 0.000000
0.820940 0.571014 0.000000 78.492886 -0.571014 0.820940 0.000000 -35.453140 0.000000 0.000000 1.000000 0.000000
0.821075 0.570821 0.000000 78.493797 -0.570821 0.821075 0.000000 -35.454956 0.000000 0.000000 1.000000 0.000000
0.821149 0.570714 0.000000 78.494005 -0.570714 0.821149 0.000000 -35.455452 0.000000 0.000000 1.000000 0.000000
0.821243 0.570578 0.000000 78.491875 -0.570578 0.821243 0.000000 -35.456558 0.000000 0.000000 1.000000 0.000000
0.821865 0.569682 0.000000 78.490654 -0.569682 0.821865 0.000000 -35.455629 0.000000 0.000000 1.000000 0.000000
0.822262 0.569110 0.000000 78.490050 -0.569110 0.822262 0.000000 -35.452878 0.000000 0.000000 1.000000 0.000000
0.822915 0.568164 0.000000 78.485216 -0.568164 0.822915 0.000000 -35.453264 0.000000 0.000000 1.000000 0.000000
0.823491 0.567329 0.000000 78.487194 -0.567329 0.823491 0.000000 -35.448986 0.000000 0.000000 1.000000 0.000000
0.823441 0.567402 0.000000 78.485707 -0.567402 0.823441 0.000000 -35.448644 0.000000 0.000000 1.000000 0.000000
0.823121 0.567865 0.000000 78.487563 -0.567865 0.823121 0.000000 -35.453645 0.000000 0.000000 1.000000 0.000000
0.821960 0.569545 0.000000 78.495276 -0.569545 0.821960 0.000000 -35.455418 0.000000 0.000000 1.000000 0.000000
0.821327 0.570458 0.000000 78.496993 -0.570458 0.821327 0.000000 -35.468997 0.000000 0.000000 1.000000 0.000000
0.820845 0.571151 0.000000 78.498156 -0.571151 0.820845 0.000000 -35.476347 0.000000 0.000000 1.000000 0.000000
0.820175 0.572113 0.000000 78.495588 -0.572113 0.820175 0.000000 -35.487723 0.000000 0.000000 1.000000 0.000000
0.819488 0.573097 0.000000 78.494545 -0.573097 0.819488 0.000000 -35.495326 0.000000 0.000000 1.000000 0.000000
0.818437 0.574597 0.000000 78.491375 -0.574597 0.818437 0.000000 -35.509629 0.000000 0.000000 1.000000 0.000000
0.817773 0.575541 0.000000 78.493746 -0.575541 0.817773 0.000000 -35.526253 0.000000 0.000000 1.000000 0.000000
0.817761 0.575558 0.000000 78.493884 -0.575558 0.817761 0.000000 -35.547771 0.000000 0.000000 1.000000 0.000000
0.818175 0.574969 0.000000 78.497004 -0.574969 0.818175 0.000000 -35.559564 0.000000 0.000000 1.000000 0.000000
0.818810 0.574065 0.000000 78.498624 -0.574065 0.818810 0.000000 -35.571641 0.000000 0.000000 1.000000 0.000000
0.819739 0.572738 0.000000 78.506939 -0.572738 0.819739 0.000000 -35.570330 0.000000 0.000000 1.000000 0.000000
0.820686 0.571380 0.000000 78.509542 -0.571380 0.820686 0.000000 -35.583089 0.000000 0.000000 1.000000 0.000000
0.821172 0.570681 0.000000 78.516263 -0.570681 0.821172 0.000000 -35.597328 0.000000 0.000000 1.000000 0.000000
0.821249 0.570571 0.000000 78.526827 -0.570571 0.821249 0.000000 -35.606885 0.000000 0.000000 1.000000 0.000000
0.821060 0.570842 0.000000 78.545638 -0.570842 0.821060 0.000000 -35.613938 0.000000 0.000000 1.000000 0.000000
0.820665 0.571410 0.000000 78.553412 -0.571410 0.820665 0.000000 -35.626278 0.000000 0.000000 1.000000 0.000000
0.820448 0.571722 0.000000 78.572220 -0.571722 0.820448 0.000000 -35.640624 0.000000 0.000000 1.000000 0.000000
0.820366 0.571838 0.000000 78.607036 -0.571838 0.820366 0.000000 -35.661437 0.000000 0.000000 1.000000 0.000000
0.821230 0.570598 0.000000 78.624907 -0.570598 0.821230 0.000000 -35.682837 0.000000 0.000000 1.000000 0.000000
0.821514 0.570189 0.000000 78.643201 -0.570189 0.821514 0.000000 -35.703423 0.000000 0.000000 1.000000 0.000000
0.822322 0.569022 0.000000 78.660932 -0.569022 0.822322 0.000000 -35.726723 0.000000 0.000000 1.000000 0.000000
0.823134 0.567847 0.000000 78.673245 -0.567847 0.823134 0.000000 -35.742480 0.000000 0.000000 1.000000 0.000000
0.824749 0.565499 0.000000 78.680211 -0.565499 0.824749 0.000000 -35.753427 0.000000 0.000000 1.000000 0.000000
0.825373 0.564588 0.000000 78.692424 -0.564588 0.825373 0.000000 -35.760437 0.000000 0.000000 1.000000 0.000000
0.825758 0.564025 0.000000 78.695529 -0.564025 0.825758 0.000000 -35.760043 0.000000 0.000000 1.000000 0.000000
0.825953 0.563739 0.000000 78.702815 -0.563739 0.825953 0.000000 -35.762611 0.000000 0.000000 1.000000 0.000000
0.825457 0.564465 0.000000 78.711814 -0.564465 0.825457 0.000000 -35.757257 0.000000 0.000000 1.000000 0.000000
0.825148 0.564917 0.000000 78.715637 -0.564917 0.825148 0.000000 -35.762005 0.000000 0.000000 1.000000 0.000000
0.824644 0.565651 0.000000 78.721378 -0.565651 0.824644 0.000000 -35.758098 0.000000 0.000000 1.000000 0.000000
0.824700 0.565571 0.000000 78.721245 -0.565571 0.824700 0.000000 -35.760372 0.000000 0.000000 1.000000 0.000000
0.824617 0.565691 0.000000 78.718386 -0.565691 0.824617 0.000000 -35.764846 0.000000 0.000000 1.000000 0.000000
0.824780 0.565454 0.000000 78.716431 -0.565454 0.824780 0.000000 -35.771270 0.000000 0.000000 1.000000 0.000000
0.825395 0.564556 0.000000 78.714077 -0.564556 0.825395 0.000000 -35.774141 0.000000 0.000000 1.000000 0.000000
0.825823 0.563929 0.000000 78.712021 -0.563929 0.825823 0.000000 -35.779630 0.000000 0.000000 1.000000 0.000000
0.825943 0.563754 0.000000 78.712631 -0.563754 0.825943 0.000000 -35.781833 0.000000 0.000000 1.000000 0.000000
0.825844 0.563899 0.000000 78.713811 -0.563899 0.825844 0.000000 -35.780071 0.000000 0.000000 1.000000 0.000000
0.826165 0.563428 0.000000 78.715509 -0.563428 0.826165 0.000000 -35.782749 0.000000 0.000000 1.000000 0.000000
0.826287 0.563249 0.000000 78.715687 -0.563249 0.826287 0.000000 -35.783009 0.000000 0.000000 1.000000 0.000000
0.827247 0.561839 0.000000 78.714047 -0.561839 0.827247 0.000000 -35.788455 0.000000 0.000000 1.000000 0.000000
0.827200 0.561908 0.000000 78.715804 -0.561908 0.827200 0.000000 -35.788386 0.000000 0.000000 1.000000 0.000000
0.827364 0.561665 0.000000 78.716382 -0.561665 0.827364 0.000000 -35.787255 0.000000 0.000000 1.000000 0.000000
0.827820 0.560994 0.000000 78.717278 -0.560994 0.827820 0.000000 -35.788881 0.000000 0.000000 1.000000 0.000000
0.827798 0.561026 0.000000 78.719596 -0.561026 0.827798 0.000000 -35.786178 0.000000 0.000000 1.000000 0.000000
0.828004 0.560723 0.000000 78.719591 -0.560723 0.828004 0.000000 -35.787023 0.000000 0.000000 1.000000 0.000000
0.828085 0.560602 0.000000 78.720485 -0.560602 0.828085 0.000000 -35.783983 0.000000 0.000000 1.000000 0.000000
0.828094 0.560590 0.000000 78.723436 -0.560590 0.828094 0.000000 -35.781895 0.000000 0.000000 1.000000 0.000000
0.828388 0.560155 0.000000 78.722175 -0.560155 0.828388 0.000000 -35.781699 0.000000 0.000000 1.000000 0.000000
0.828208 0.560420 0.000000 78.724165 -0.560420 0.828208 0.000000 -35.779351 0.000000 0.000000 1.000000 0.000000
0.828944 0.559332 0.000000 78.723512 -0.559332 0.828944 0.000000 -35.780935 0.000000 0.000000 1.000000 0.000000
