0.999995 0.003106 0.000000 0.604249 -0.003106 0.999995 0.000000 0.001430 0.000000 0.000000 1.000000 0.000000
0.999980 0.006310 0.000000 1.183295 -0.006310 0.999980 0.000000 -0.003023 0.000000 0.000000 1.000000 0.000000
0.999923 0.012387 0.000000 2.350862 -0.012387 0.999923 0.000000 0.004423 0.000000 0.000000 1.000000 0.000000
0.999918 0.012777 0.000000 2.899064 -0.012777 0.999918 0.000000 0.013958 0.000000 0.000000 1.000000 0.000000
0.999829 0.018493 0.000000 4.060656 -0.018493 0.999829 0.000000 -0.064836 0.000000 0.000000 1.000000 0.000000
0.999798 0.020109 0.000000 4.648932 -0.020109 0.999798 0.000000 -0.069577 0.000000 0.000000 1.000000 0.000000
0.999721 0.023635 0.000000 5.199965 -0.023635 0.999721 0.000000 -0.085219 0.000000 0.000000 1.000000 0.000000
0.999650 0.026455 0.000000 5.792965 -0.026455 0.999650 0.000000 -0.142505 0.000000 0.000000 1.000000 0.000000
0.999604 0.028124 0.000000 6.613387 -0.028124 0.999604 0.000000 -0.182685 0.000000 0.000000 1.000000 0.000000
0.999481 0.032211 0.000000 7.204381 -0.032211 0.999481 0.000000 -0.208196 0.000000 0.000000 1.000000 0.000000
0.999422 0.033988 0.000000 7.772072 -0.033988 0.999422 0.000000 -0.207082 0.000000 0.000000 1.000000 0.000000
0.999338 0.036384 0.000000 8.348432 -0.036384 0.999338 0.000000 -0.212431 0.000000 0.000000 1.000000 0.000000
0.999131 0.041679 0.000000 8.894807 -0.041679 0.999131 0.000000 -0.183868 0.000000 0.000000 1.000000 0.000000
0.998869 0.047543 0.000000 9.470648 -0.047543 0.998869 0.000000 -0.217395 0.000000 0.000000 1.000000 0.000000
0.998577 0.053334 0.000000 10.013529 -0.053334 0.998577 0.000000 -0.243541 0.000000 0.000000 1.000000 0.000000
0.998112 0.061416 0.000000 10.730201 -0.061416 0.998112 0.000000 -0.300539 0.000000 0.000000 1.000000 0.000000
0.997789 0.066465 0.000000 11.306924 -0.066465 0.997789 0.000000 -0.339820 0.000000 0.000000 1.000000 0.000000
0.997508 0.070554 0.000000 11.887710 -0.070554 0.997508 0.000000 -0.348506 0.000000 0.000000 1.000000 0.000000
0.997077 0.076400 0.000000 12.457417 -0.076400 0.997077 0.000000 -0.374527 0.000000 0.000000 1.000000 0.000000
0.995978 0.089594 0.000000 13.599091 -0.089594 0.995978 0.000000 -0.460786 0.000000 0.000000 1.000000 0.000000
0.995559 0.094143 0.000000 14.137671 -0.094143 0.995559 0.000000 -0.520216 0.000000 0.000000 1.000000 0.000000
0.994787 0.101975 0.000000 14.706781 -0.101975 0.994787 0.000000 -0.573465 0.000000 0.000000 1.000000 0.000000
0.993873 0.110528 0.000000 15.244240 -0.110528 0.993873 0.000000 -0.649570 0.000000 0.000000 1.000000 0.000000
0.993047 0.117716 0.000000 15.815724 -0.117716 0.993047 0.000000 -0.715875 0.000000 0.000000 1.000000 0.000000
0.992303 0.123835 0.000000 16.343190 -0.123835 0.992303 0.000000 -0.775454 0.000000 0.000000 1.000000 0.000000
0.991739 0.128276 0.000000 16.909389 -0.128276 0.991739 0.000000 -0.848302 0.000000 0.000000 1.000000 0.000000
0.990969 0.134091 0.000000 17.438201 -0.134091 0.990969 0.000000 -0.931565 0.000000 0.000000 1.000000 0.000000
0.989632 0.143629 0.000000 18.200950 -0.143629 0.989632 0.000000 -1.032152 0.000000 0.000000 1.000000 0.000000
0.988025 0.154292 0.000000 18.774127 -0.154292 0.988025 0.000000 -1.156939 0.000000 0.000000 1.000000 0.000000
0.987084 0.160206 0.000000 19.330608 -0.160206 0.987084 0.000000 -1.251207 0.000000 0.000000 1.000000 0.000000
0.986287 0.165040 0.000000 19.872957 -0.165040 0.986287 0.000000 -1.347745 0.000000 0.000000 1.000000 0.000000
0.985320 0.170719 0.000000 20.434945 -0.170719 0.985320 0.000000 -1.431370 0.000000 0.000000 1.000000 0.000000
0.984083 0.177711 0.000000 20.958955 -0.177711 0.984083 0.000000 -1.519969 0.000000 0.000000 1.000000 0.000000
0.982777 0.184794 0.000000 21.487965 -0.184794 0.982777 0.000000 -1.616668 0.000000 0.000000 1.000000 0.000000
0.981566 0.191122 0.000000 22.047636 -0.191122 0.981566 0.000000 -1.737218 0.000000 0.000000 1.000000 0.000000
0.979827 0.199846 0.000000 22.559536 -0.199846 0.979827 0.000000 -1.875109 0.000000 0.000000 1.000000 0.000000
0.977862 0.209252 0.000000 23.106636 -0.209252 0.977862 0.000000 -2.005148 0.000000 0.000000 1.000000 0.000000
0.976203 0.216858 0.000000 23.847726 -0.216858 0.976203 0.000000 -2.163604 0.000000 0.000000 1.000000 0.000000
0.975115 0.221700 0.000000 24.389047 -0.221700 0.975115 0.000000 -2.308024 0.000000 0.000000 1.000000 0.000000
0.973143 0.230200 0.000000 24.991891 -0.230200 0.973143 0.000000 -2.396883 0.000000 0.000000 1.000000 0.000000
0.971354 0.237637 0.000000 25.543607 -0.237637 0.971354 0.000000 -2.528016 0.000000 0.000000 1.000000 0.000000
0.969725 0.244201 0.000000 26.085226 -0.244201 0.969725 0.000000 -2.672295 0.000000 0.000000 1.000000 0.000000
0.968161 0.250327 0.000000 26.587342 -0.250327 0.968161 0.000000 -2.792098 0.000000 0.000000 1.000000 0.000000
0.966492 0.256695 0.000000 27.131404 -0.256695 0.966492 0.000000 -2.901506 0.000000 0.000000 1.000000 0.000000
0.966532 0.256548 0.000000 27.623236 -0.256548 0.966532 0.000000 -3.032684 0.000000 0.000000 1.000000 0.000000
0.964761 0.263129 0.000000 28.161911 -0.263129 0.964761 0.000000 -3.175899 0.000000 0.000000 1.000000 0.000000
0.961552 0.274623 0.000000 29.183632 -0.274623 0.961552 0.000000 -3.468575 0.000000 0.000000 1.000000 0.000000
0.960182 0.279375 0.000000 29.670727 -0.279375 0.960182 0.000000 -3.584486 0.000000 0.000000 1.000000 0.000000
0.958332 0.285658 0.000000 30.188092 -0.285658 0.958332 0.000000 -3.756694 0.000000 0.000000 1.000000 0.000000
0.956311 0.292350 0.000000 30.855898 -0.292350 0.956311 0.000000 -3.957735 0.000000 0.000000 1.000000 0.000000
0.954806 0.297231 0.000000 31.337165 -0.297231 0.954806 0.000000 -4.096258 0.000000 0.000000 1.000000 0.000000
0.953202 0.302335 0.000000 31.815552 -0.302335 0.953202 0.000000 -4.259380 0.000000 0.000000 1.000000 0.000000
0.950870 0.309592 0.000000 32.326617 -0.309592 0.950870 0.000000 -4.396666 0.000000 0.000000 1.000000 0.000000
0.950091 0.311972 0.000000 32.798294 -0.311972 0.950091 0.000000 -4.541341 0.000000 0.000000 1.000000 0.000000
0.947177 0.320711 0.000000 33.460949 -0.320711 0.947177 0.000000 -4.757087 0.000000 0.000000 1.000000 0.000000
0.945472 0.325704 0.000000 33.970172 -0.325704 0.945472 0.000000 -4.950031 0.000000 0.000000 1.000000 0.000000
0.944363 0.328906 0.000000 34.472631 -0.328906 0.944363 0.000000 -5.122156 0.000000 0.000000 1.000000 0.000000
0.942523 0.334142 0.000000 34.955468 -0.334142 0.942523 0.000000 -5.280832 0.000000 0.000000 1.000000 0.000000
0.940428 0.339993 0.000000 35.461303 -0.339993 0.940428 0.000000 -5.449407 0.000000 0.000000 1.000000 0.000000
0.940787 0.338999 0.000000 35.972922 -0.338999 0.940787 0.000000 -5.627301 0.000000 0.000000 1.000000 0.000000
0.938028 0.346558 0.000000 36.441873 -0.346558 0.938028 0.000000 -5.801872 0.000000 0.000000 1.000000 0.000000
0.936180 0.351522 0.000000 36.943215 -0.351522 0.936180 0.000000 -5.993073 0.000000 0.000000 1.000000 0.000000
0.934471 0.356039 0.000000 37.426525 -0.356039 0.934471 0.000000 -6.184660 0.000000 0.000000 1.000000 0.000000
0.931770 0.363048 0.000000 37.918893 -0.363048 0.931770 0.000000 -6.389255 0.000000 0.000000 1.000000 0.000000
0.929311 0.369298 0.000000 38.389679 -0.369298 0.929311 0.000000 -6.584033 0.000000 0.000000 1.000000 0.000000
0.926699 0.375805 0.000000 38.874239 -0.375805 0.926699 0.000000 -6.777744 0.000000 0.000000 1.000000 0.000000
0.923821 0.382825 0.000000 39.345706 -0.382825 0.923821 0.000000 -6.976940 0.000000 0.000000 1.000000 0.000000
0.921667 0.387981 0.000000 39.846117 -0.387981 0.921667 0.000000 -7.172346 0.000000 0.000000 1.000000 0.000000
0.920518 0.390700 0.000000 40.302344 -0.390700 0.920518 0.000000 -7.339894 0.000000 0.000000 1.000000 0.000000
0.917275 0.398255 0.000000 40.977821 -0.398255 0.917275 0.000000 -7.635448 0.000000 0.000000 1.000000 0.000000
0.912782 0.408447 0.000000 41.674021 -0.408447 0.912782 0.000000 -7.962015 0.000000 0.000000 1.000000 0.000000
0.909745 0.415167 0.000000 42.153045 -0.415167 0.909745 0.000000 -8.171038 0.000000 0.000000 1.000000 0.000000
0.904031 0.427466 0.000000 42.980116 -0.427466 0.904031 0.000000 -8.575434 0.000000 0.000000 1.000000 0.000000
0.901854 0.432040 0.000000 43.463292 -0.432040 0.901854 0.000000 -8.789823 0.000000 0.000000 1.000000 0.000000
0.899709 0.436489 0.000000 43.951082 -0.436489 0.899709 0.000000 -8.995614 0.000000 0.000000 1.000000 0.000000
0.898814 0.438329 0.000000 44.405027 -0.438329 0.898814 0.000000 -9.264767 0.000000 0.000000 1.000000 0.000000
0.894227 0.447614 0.000000 44.872717 -0.447614 0.894227 0.000000 -9.449466 0.000000 0.000000 1.000000 0.000000
0.893472 0.449120 0.000000 45.357583 -0.449120 0.893472 0.000000 -9.681629 0.000000 0.000000 1.000000 0.000000
0.890988 0.454026 0.000000 45.783493 -0.454026 0.890988 0.000000 -9.909214 0.000000 0.000000 1.000000 0.000000
0.888076 0.459696 0.000000 46.235393 -0.459696 0.888076 0.000000 -10.144626 0.000000 0.000000 1.000000 0.000000
0.886359 0.462999 0.000000 46.683865 -0.462999 0.886359 0.000000 -10.376306 0.000000 0.000000 1.000000 0.000000
0.885708 0.464243 0.000000 47.112841 -0.464243 0.885708 0.000000 -10.629889 0.000000 0.000000 1.000000 0.000000
0.883107 0.469172 0.000000 47.519489 -0.469172 0.883107 0.000000 -10.857967 0.000000 0.000000 1.000000 0.000000
0.880922 0.473262 0.000000 47.936546 -0.473262 0.880922 0.000000 -11.100285 0.000000 0.000000 1.000000 0.000000
0.878705 0.477364 0.000000 48.329387 -0.477364 0.878705 0.000000 -11.337555 0.000000 0.000000 1.000000 0.000000
0.878383 0.477958 0.000000 48.742464 -0.477958 0.878383 0.000000 -11.591637 0.000000 0.000000 1.000000 0.000000
0.875439 0.483328 0.000000 49.127644 -0.483328 0.875439 0.000000 -11.790983 0.000000 0.000000 1.000000 0.000000
0.873986 0.485950 0.000000 49.551182 -0.485950 0.873986 0.000000 -12.037084 0.000000 0.000000 1.000000 0.000000
0.873022 0.487681 0.000000 49.944654 -0.487681 0.873022 0.000000 -12.270815 0.000000 0.000000 1.000000 0.000000
0.871272 0.490800 0.000000 50.332233 -0.490800 0.871272 0.000000 -12.485953 0.000000 0.000000 1.000000 0.000000
0.870535 0.492106 0.000000 50.729364 -0.492106 0.870535 0.000000 -12.699202 0.000000 0.000000 1.000000 0.000000
0.865857 0.500292 0.000000 51.103242 -0.500292 0.865857 0.000000 -12.915409 0.000000 0.000000 1.000000 0.000000
0.862967 0.505260 0.000000 51.467614 -0.505260 0.862967 0.000000 -13.148641 0.000000 0.000000 1.000000 0.000000
0.861023 0.508565 0.000000 51.820174 -0.508565 0.861023 0.000000 -13.385838 0.000000 0.000000 1.000000 0.000000
0.857153 0.515063 0.000000 52.190863 -0.515063 0.857153 0.000000 -13.624533 0.000000 0.000000 1.000000 0.000000
0.853497 0.521097 0.000000 52.742169 -0.521097 0.853497 0.000000 -13.962075 0.000000 0.000000 1.000000 0.000000
0.849782 0.527135 0.000000 53.127896 -0.527135 0.849782 0.000000 -14.189880 0.000000 0.000000 1.000000 0.000000
0.844671 0.535287 0.000000 53.477884 -0.535287 0.844671 0.000000 -14.409097 0.000000 0.000000 1.000000 0.000000
0.842156 0.539235 0.000000 53.810835 -0.539235 0.842156 0.000000 -14.635624 0.000000 0.000000 1.000000 0.000000
0.839683 0.543077 0.000000 54.152246 -0.543077 0.839683 0.000000 -14.863988 0.000000 0.000000 1.000000 0.000000
0.835167 0.549996 0.000000 54.492757 -0.549996 0.835167 0.000000 -15.086607 0.000000 0.000000 1.000000 0.000000
0.832310 0.554310 0.000000 54.804008 -0.554310 0.832310 0.000000 -15.327493 0.000000 0.000000 1.000000 0.000000
0.828656 0.559758 0.000000 55.114739 -0.559758 0.828656 0.000000 -15.565844 0.000000 0.000000 1.000000 0.000000
0.824986 0.565153 0.000000 55.420213 -0.565153 0.824986 0.000000 -15.775483 0.000000 0.000000 1.000000 0.000000
0.823423 0.567428 0.000000 55.742359 -0.567428 0.823423 0.000000 -15.998328 0.000000 0.000000 1.000000 0.000000
0.821185 0.570662 0.000000 56.042784 -0.570662 0.821185 0.000000 -16.220037 0.000000 0.000000 1.000000 0.000000
0.818515 0.574485 0.000000 56.654001 -0.574485 0.818515 0.000000 -16.633241 0.000000 0.000000 1.000000 0.000000
0.818208 0.574922 0.000000 56.941565 -0.574922 0.818208 0.000000 -16.826717 0.000000 0.000000 1.000000 0.000000
0.816967 0.576684 0.000000 57.207458 -0.576684 0.816967 0.000000 -16.987871 0.000000 0.000000 1.000000 0.000000
0.815899 0.578195 0.000000 57.484958 -0.578195 0.815899 0.000000 -17.178002 0.000000 0.000000 1.000000 0.000000
0.817830 0.575460 0.000000 57.771357 -0.575460 0.817830 0.000000 -17.396016 0.000000 0.000000 1.000000 0.000000
0.815302 0.579036 0.000000 58.046035 -0.579036 0.815302 0.000000 -17.580392 0.000000 0.000000 1.000000 0.000000
0.813744 0.581223 0.000000 58.307403 -0.581223 0.813744 0.000000 -17.775842 0.000000 0.000000 1.000000 0.000000
0.812654 0.582746 0.000000 58.544667 -0.582746 0.812654 0.000000 -17.968009 0.000000 0.000000 1.000000 0.000000
0.811028 0.585008 0.000000 58.796919 -0.585008 0.811028 0.000000 -18.164125 0.000000 0.000000 1.000000 0.000000
0.811045 0.584984 0.000000 59.020169 -0.584984 0.811045 0.000000 -18.349320 0.000000 0.000000 1.000000 0.000000
0.808597 0.588362 0.000000 59.254908 -0.588362 0.808597 0.000000 -18.508442 0.000000 0.000000 1.000000 0.000000
0.807239 0.590225 0.000000 59.514370 -0.590225 0.807239 0.000000 -18.679243 0.000000 0.000000 1.000000 0.000000
0.804026 0.594594 0.000000 59.872213 -0.594594 0.804026 0.000000 -18.939090 0.000000 0.000000 1.000000 0.000000
0.802632 0.596474 0.000000 60.144224 -0.596474 0.802632 0.000000 -19.120452 0.000000 0.000000 1.000000 0.000000
0.798865 0.601510 0.000000 60.389489 -0.601510 0.798865 0.000000 -19.271554 0.000000 0.000000 1.000000 0.000000
0.796010 0.605284 0.000000 60.601115 -0.605284 0.796010 0.000000 -19.456208 0.000000 0.000000 1.000000 0.000000
0.793466 0.608615 0.000000 60.814352 -0.608615 0.793466 0.000000 -19.623706 0.000000 0.000000 1.000000 0.000000
0.791083 0.611709 0.000000 61.019710 -0.611709 0.791083 0.000000 -19.787315 0.000000 0.000000 1.000000 0.000000
0.790926 0.611911 0.000000 61.224781 -0.611911 0.790926 0.000000 -19.960756 0.000000 0.000000 1.000000 0.000000
0.790399 0.612593 0.000000 61.424661 -0.612593 0.790399 0.000000 -20.124954 0.000000 0.000000 1.000000 0.000000
0.791734 0.610866 0.000000 61.661398 -0.610866 0.791734 0.000000 -20.237870 0.000000 0.000000 1.000000 0.000000
0.790008 0.613096 0.000000 61.852523 -0.613096 0.790008 0.000000 -20.396904 0.000000 0.000000 1.000000 0.000000
0.785598 0.618738 0.000000 62.209948 -0.618738 0.785598 0.000000 -20.695631 0.000000 0.000000 1.000000 0.000000
0.781572 0.623815 0.000000 62.385134 -0.623815 0.781572 0.000000 -20.822557 0.000000 0.000000 1.000000 0.000000
0.781000 0.624530 0.000000 62.529120 -0.624530 0.781000 0.000000 -20.963236 0.000000 0.000000 1.000000 0.000000
0.781025 0.624500 0.000000 62.701061 -0.624500 0.781025 0.000000 -21.128968 0.000000 0.000000 1.000000 0.000000
0.780484 0.625175 0.000000 62.860271 -0.625175 0.780484 0.000000 -21.249166 0.000000 0.000000 1.000000 0.000000
0.778555 0.627576 0.000000 63.014289 -0.627576 0.778555 0.000000 -21.368595 0.000000 0.000000 1.000000 0.000000
0.778636 0.627475 0.000000 63.178029 -0.627475 0.778636 0.000000 -21.492344 0.000000 0.000000 1.000000 0.000000
0.776910 0.629611 0.000000 63.306992 -0.629611 0.776910 0.000000 -21.623109 0.000000 0.000000 1.000000 0.000000
0.776035 0.630690 0.000000 63.456467 -0.630690 0.776035 0.000000 -21.767139 0.000000 0.000000 1.000000 0.000000
0.772229 0.635345 0.000000 63.760721 -0.635345 0.772229 0.000000 -22.015914 0.000000 0.000000 1.000000 0.000000
0.770513 0.637424 0.000000 63.907298 -0.637424 0.770513 0.000000 -22.133219 0.000000 0.000000 1.000000 0.000000
0.769904 0.638160 0.000000 64.049758 -0.638160 0.769904 0.000000 -22.251849 0.000000 0.000000 1.000000 0.000000
0.768257 0.640141 0.000000 64.300206 -0.640141 0.768257 0.000000 -22.446040 0.000000 0.000000 1.000000 0.000000
0.767101 0.641527 0.000000 64.451074 -0.641527 0.767101 0.000000 -22.583020 0.000000 0.000000 1.000000 0.000000
0.764494 0.644631 0.000000 64.592342 -0.644631 0.764494 0.000000 -22.700171 0.000000 0.000000 1.000000 0.000000
0.762538 0.646944 0.000000 64.747486 -0.646944 0.762538 0.000000 -22.831595 0.000000 0.000000 1.000000 0.000000
0.762777 0.646662 0.000000 64.905751 -0.646662 0.762777 0.000000 -22.951363 0.000000 0.000000 1.000000 0.000000
0.761335 0.648359 0.000000 65.058892 -0.648359 0.761335 0.000000 -23.075594 0.000000 0.000000 1.000000 0.000000
0.759774 0.650187 0.000000 65.195910 -0.650187 0.759774 0.000000 -23.202076 0.000000 0.000000 1.000000 0.000000
0.756226 0.654310 0.000000 65.511553 -0.654310 0.756226 0.000000 -23.456235 0.000000 0.000000 1.000000 0.000000
0.754089 0.656772 0.000000 65.677691 -0.656772 0.754089 0.000000 -23.569653 0.000000 0.000000 1.000000 0.000000
0.752301 0.658820 0.000000 65.849452 -0.658820 0.752301 0.000000 -23.706731 0.000000 0.000000 1.000000 0.000000
0.750070 0.661358 0.000000 66.007815 -0.661358 0.750070 0.000000 -23.851906 0.000000 0.000000 1.000000 0.000000
0.749418 0.662097 0.000000 66.163340 -0.662097 0.749418 0.000000 -23.991738 0.000000 0.000000 1.000000 0.000000
0.748621 0.662998 0.000000 66.313705 -0.662998 0.748621 0.000000 -24.133830 0.000000 0.000000 1.000000 0.000000
0.746355 0.665548 0.000000 66.484207 -0.665548 0.746355 0.000000 -24.252832 0.000000 0.000000 1.000000 0.000000
0.744443 0.667686 0.000000 66.654093 -0.667686 0.744443 0.000000 -24.414601 0.000000 0.000000 1.000000 0.000000
0.741453 0.671004 0.000000 66.821842 -0.671004 0.741453 0.000000 -24.558968 0.000000 0.000000 1.000000 0.000000
0.737722 0.675105 0.000000 66.989288 -0.675105 0.737722 0.000000 -24.704433 0.000000 0.000000 1.000000 0.000000
0.734301 0.678824 0.000000 67.160906 -0.678824 0.734301 0.000000 -24.857601 0.000000 0.000000 1.000000 0.000000
0.731882 0.681431 0.000000 67.301124 -0.681431 0.731882 0.000000 -25.019269 0.000000 0.000000 1.000000 0.000000
0.729469 0.684014 0.000000 67.494242 -0.684014 0.729469 0.000000 -25.177586 0.000000 0.000000 1.000000 0.000000
0.727935 0.685647 0.000000 67.650294 -0.685647 0.727935 0.000000 -25.341336 0.000000 0.000000 1.000000 0.000000
0.724328 0.689455 0.000000 67.833224 -0.689455 0.724328 0.000000 -25.528700 0.000000 0.000000 1.000000 0.000000
0.722244 0.691638 0.000000 67.990286 -0.691638 0.722244 0.000000 -25.698049 0.000000 0.000000 1.000000 0.000000
0.717285 0.696780 0.000000 68.261815 -0.696780 0.717285 0.000000 -25.960879 0.000000 0.000000 1.000000 0.000000
0.714639 0.699493 0.000000 68.439819 -0.699493 0.714639 0.000000 -26.140484 0.000000 0.000000 1.000000 0.000000
0.712955 0.701210 0.000000 68.620764 -0.701210 0.712955 0.000000 -26.340581 0.000000 0.000000 1.000000 0.000000
0.711156 0.703034 0.000000 68.798393 -0.703034 0.711156 0.000000 -26.518594 0.000000 0.000000 1.000000 0.000000
0.706340 0.707873 0.000000 69.153145 -0.707873 0.706340 0.000000 -26.933421 0.000000 0.000000 1.000000 0.000000
0.704636 0.709569 0.000000 69.348509 -0.709569 0.704636 0.000000 -27.109169 0.000000 0.000000 1.000000 0.000000
0.702266 0.711915 0.000000 69.526136 -0.711915 0.702266 0.000000 -27.307353 0.000000 0.000000 1.000000 0.000000
0.699708 0.714429 0.000000 69.712536 -0.714429 0.699708 0.000000 -27.505378 0.000000 0.000000 1.000000 0.000000
0.698714 0.715401 0.000000 69.965852 -0.715401 0.698714 0.000000 -27.754800 0.000000 0.000000 1.000000 0.000000
0.693707 0.720258 0.000000 70.161695 -0.720258 0.693707 0.000000 -27.931051 0.000000 0.000000 1.000000 0.000000
0.690638 0.723200 0.000000 70.341072 -0.723200 0.690638 0.000000 -28.110720 0.000000 0.000000 1.000000 0.000000
0.685865 0.727729 0.000000 70.529218 -0.727729 0.685865 0.000000 -28.310805 0.000000 0.000000 1.000000 0.000000
0.684891 0.728646 0.000000 70.704223 -0.728646 0.684891 0.000000 -28.494675 0.000000 0.000000 1.000000 0.000000
0.682989 0.730429 0.000000 70.874864 -0.730429 0.682989 0.000000 -28.677403 0.000000 0.000000 1.000000 0.000000
0.680472 0.732774 0.000000 71.065694 -0.732774 0.680472 0.000000 -28.856352 0.000000 0.000000 1.000000 0.000000
0.680415 0.732827 0.000000 71.226275 -0.732827 0.680415 0.000000 -29.031899 0.000000 0.000000 1.000000 0.000000
0.678373 0.734717 0.000000 71.377763 -0.734717 0.678373 0.000000 -29.218047 0.000000 0.000000 1.000000 0.000000
0.675903 0.736991 0.000000 71.558700 -0.736991 0.675903 0.000000 -29.400541 0.000000 0.000000 1.000000 0.000000
0.675539 0.737324 0.000000 71.726474 -0.737324 0.675539 0.000000 -29.571733 0.000000 0.000000 1.000000 0.000000
0.675961 0.736937 0.000000 71.940644 -0.736937 0.675961 0.000000 -29.827013 0.000000 0.000000 1.000000 0.000000
0.674400 0.738366 0.000000 72.133948 -0.738366 0.674400 0.000000 -30.021264 0.000000 0.000000 1.000000 0.000000
0.673020 0.739625 0.000000 72.300771 -0.739625 0.673020 0.000000 -30.213556 0.000000 0.000000 1.000000 0.000000
0.673136 0.739519 0.000000 72.459820 -0.739519 0.673136 0.000000 -30.426694 0.000000 0.000000 1.000000 0.000000
0.671905 0.740637 0.000000 72.641987 -0.740637 0.671905 0.000000 -30.609856 0.000000 0.000000 1.000000 0.000000
0.674867 0.737939 0.000000 72.805936 -0.737939 0.674867 0.000000 -30.808556 0.000000 0.000000 1.000000 0.000000
0.678827 0.734299 0.000000 72.955051 -0.734299 0.678827 0.000000 -30.998653 0.000000 0.000000 1.000000 0.000000
0.677792 0.735254 0.000000 73.128817 -0.735254 0.677792 0.000000 -31.174936 0.000000 0.000000 1.000000 0.000000
0.679301 0.733860 0.000000 73.290650 -0.733860 0.679301 0.000000 -31.344437 0.000000 0.000000 1.000000 0.000000
0.680025 0.733189 0.000000 73.453933 -0.733189 0.680025 0.000000 -31.517043 0.000000 0.000000 1.000000 0.000000
0.679370 0.733796 0.000000 73.765849 -0.733796 0.679370 0.000000 -31.852811 0.000000 0.000000 1.000000 0.000000
0.680276 0.732956 0.000000 73.917980 -0.732956 0.680276 0.000000 -32.026912 0.000000 0.000000 1.000000 0.000000
0.682769 0.730634 0.000000 74.069202 -0.730634 0.682769 0.000000 -32.205107 0.000000 0.000000 1.000000 0.000000
0.683142 0.730285 0.000000 74.210008 -0.730285 0.683142 0.000000 -32.355025 0.000000 0.000000 1.000000 0.000000
0.684840 0.728693 0.000000 74.354635 -0.728693 0.684840 0.000000 -32.508977 0.000000 0.000000 1.000000 0.000000
0.686071 0.727534 0.000000 74.508740 -0.727534 0.686071 0.000000 -32.649201 0.000000 0.000000 1.000000 0.000000
0.685866 0.727728 0.000000 74.656807 -0.727728 0.685866 0.000000 -32.798317 0.000000 0.000000 1.000000 0.000000
0.687530 0.726156 0.000000 74.902774 -0.726156 0.687530 0.000000 -33.054988 0.000000 0.000000 1.000000 0.000000
0.689180 0.724590 0.000000 75.037197 -0.724590 0.689180 0.000000 -33.217836 0.000000 0.000000 1.000000 0.000000
0.691336 0.722533 0.000000 75.167761 -0.722533 0.691336 0.000000 -33.381544 0.000000 0.000000 1.000000 0.000000
0.692849 0.721083 0.000000 75.309917 -0.721083 0.692849 0.000000 -33.530070 0.000000 0.000000 1.000000 0.000000
0.695338 0.718682 0.000000 75.459563 -0.718682 0.695338 0.000000 -33.677499 0.000000 0.000000 1.000000 0.000000
0.697608 0.716480 0.000000 75.599236 -0.716480 0.697608 0.000000 -33.827709 0.000000 0.000000 1.000000 0.000000
0.705033 0.709174 0.000000 75.860673 -0.709174 0.705033 0.000000 -34.110248 0.000000 0.000000 1.000000 0.000000
0.707864 0.706349 0.000000 75.971165 -0.706349 0.707864 0.000000 -34.247886 0.000000 0.000000 1.000000 0.000000
0.710584 0.703613 0.000000 76.095100 -0.703613 0.710584 0.000000 -34.382332 0.000000 0.000000 1.000000 0.000000
0.716940 0.697135 0.000000 76.296607 -0.697135 0.716940 0.000000 -34.607134 0.000000 0.000000 1.000000 0.000000
0.721448 0.692468 0.000000 76.577970 -0.692468 0.721448 0.000000 -34.881373 0.000000 0.000000 1.000000 0.000000
0.728555 0.684987 0.000000 76.721135 -0.684987 0.728555 0.000000 -35.043914 0.000000 0.000000 1.000000 0.000000
0.731835 0.681481 0.000000 76.832518 -0.681481 0.731835 0.000000 -35.141397 0.000000 0.000000 1.000000 0.000000
0.740382 0.672186 0.000000 77.033860 -0.672186 0.740382 0.000000 -35.332291 0.000000 0.000000 1.000000 0.000000
0.744142 0.668022 0.000000 77.138330 -0.668022 0.744142 0.000000 -35.434110 0.000000 0.000000 1.000000 0.000000
0.747392 0.664383 0.000000 77.237019 -0.664383 0.747392 0.000000 -35.524710 0.000000 0.000000 1.000000 0.000000
0.750290 0.661109 0.000000 77.339084 -0.661109 0.750290 0.000000 -35.616693 0.000000 0.000000 1.000000 0.000000
0.755901 0.654685 0.000000 77.484332 -0.654685 0.755901 0.000000 -35.751183 0.000000 0.000000 1.000000 0.000000
0.761986 0.647593 0.000000 77.660662 -0.647593 0.761986 0.000000 -35.917942 0.000000 0.000000 1.000000 0.000000
0.765579 0.643342 0.000000 77.751073 -0.643342 0.765579 0.000000 -35.996205 0.000000 0.000000 1.000000 0.000000
0.769153 0.639064 0.000000 77.845795 -0.639064 0.769153 0.000000 -36.060750 0.000000 0.000000 1.000000 0.000000
0.772494 0.635022 0.000000 77.938733 -0.635022 0.772494 0.000000 -36.115063 0.000000 0.000000 1.000000 0.000000
0.776000 0.630733 0.000000 78.022157 -0.630733 0.776000 0.000000 -36.184447 0.000000 0.000000 1.000000 0.000000
0.778726 0.627364 0.000000 78.100936 -0.627364 0.778726 0.000000 -36.232429 0.000000 0.000000 1.000000 0.000000
0.785753 0.618541 0.000000 78.237294 -0.618541 0.785753 0.000000 -36.363430 0.000000 0.000000 1.000000 0.000000
0.788058 0.615601 0.000000 78.311503 -0.615601 0.788058 0.000000 -36.400120 0.000000 0.000000 1.000000 0.000000
0.791589 0.611054 0.000000 78.376943 -0.611054 0.791589 0.000000 -36.438344 0.000000 0.000000 1.000000 0.000000
0.793270 0.608870 0.000000 78.432623 -0.608870 0.793270 0.000000 -36.484898 0.000000 0.000000 1.000000 0.000000
0.796440 0.604718 0.000000 78.482317 -0.604718 0.796440 0.000000 -36.530576 0.000000 0.000000 1.000000 0.000000
0.797674 0.603089 0.000000 78.525450 -0.603089 0.797674 0.000000 -36.558945 0.000000 0.000000 1.000000 0.000000
0.798985 0.601351 0.000000 78.571852 -0.601351 0.798985 0.000000 -36.595468 0.000000 0.000000 1.000000 0.000000
0.800249 0.599668 0.000000 78.641010 -0.599668 0.800249 0.000000 -36.645180 0.000000 0.000000 1.000000 0.000000
0.801902 0.597456 0.000000 78.667784 -0.597456 0.801902 0.000000 -36.669462 0.000000 0.000000 1.000000 0.000000
0.802628 0.596479 0.000000 78.700605 -0.596479 0.802628 0.000000 -36.686912 0.000000 0.000000 1.000000 0.000000
0.803223 0.595678 0.000000 78.732431 -0.595678 0.803223 0.000000 -36.703911 0.000000 0.000000 1.000000 0.000000
0.804309 0.594211 0.000000 78.747539 -0.594211 0.804309 0.000000 -36.719007 0.000000 0.000000 1.000000 0.000000
0.805423 0.592700 0.000000 78.762205 -0.592700 0.805423 0.000000 -36.737720 0.000000 0.000000 1.000000 0.000000
0.805094 0.593147 0.000000 78.770669 -0.593147 0.805094 0.000000 -36.747770 0.000000 0.000000 1.000000 0.000000
0.805631 0.592417 0.000000 78.781957 -0.592417 0.805631 0.000000 -36.760203 0.000000 0.000000 1.000000 0.000000
0.807414 0.589985 0.000000 78.790019 -0.589985 0.807414 0.000000 -36.770874 0.000000 0.000000 1.000000 0.000000
0.806823 0.590793 0.000000 78.792292 -0.590793 0.806823 0.000000 -36.757065 0.000000 0.000000 1.000000 0.000000
0.807610 0.589717 0.000000 78.792026 -0.589717 0.807610 0.000000 -36.754509 0.000000 0.000000 1.000000 0.000000
0.807545 0.589806 0.000000 78.785531 -0.589806 0.807545 0.000000 -36.753738 0.000000 0.000000 1.000000 0.000000
0.806596 0.591102 0.000000 78.782543 -0.591102 0.806596 0.000000 -36.748049 0.000000 0.000000 1.000000 0.000000
0.806579 0.591126 0.000000 78.770472 -0.591126 0.806579 0.000000 -36.757984 0.000000 0.000000 1.000000 0.000000
0.806577 0.591129 0.000000 78.771006 -0.591129 0.806577 0.000000 -36.759071 0.000000 0.000000 1.000000 0.000000
0.807447 0.589940 0.000000 78.773523 -0.589940 0.807447 0.000000 -36.762994 0.000000 0.000000 1.000000 0.000000
0.807321 0.590112 0.000000 78.774043 -0.590112 0.807321 0.000000 -36.765003 0.000000 0.000000 1.000000 0.000000
0.806435 0.591323 0.000000 78.778096 -0.591323 0.806435 0.000000 -36.761600 0.000000 0.000000 1.000000 0.000000
0.806455 0.591295 0.000000 78.775287 -0.591295 0.806455 0.000000 -36.760462 0.000000 0.000000 1.000000 0.000000
0.806677 0.590993 0.000000 78.772156 -0.590993 0.806677 0.000000 -36.759510 0.000000 0.000000 1.000000 0.000000
0.806618 0.591073 0.000000 78.771924 -0.591073 0.806618 0.000000 -36.759094 0.000000 0.000000 1.000000 0.000000
0.806578 0.591127 0.000000 78.771216 -0.591127 0.806578 0.000000 -36.759256 0.000000 0.000000 1.000000 0.000000
0.806421 0.591341 0.000000 78.771892 -0.591341 0.806421 0.000000 -36.756311 0.000000 0.000000 1.000000 0.000000
0.806392 0.591381 0.000000 78.770544 -0.591381 0.806392 0.000000 -36.755559 0.000000 0.000000 1.000000 0.000000
0.806528 0.591196 0.000000 78.769989 -0.591196 0.806528 0.000000 -36.755512 0.000000 0.000000 1.000000 0.000000
0.806599 0.591099 0.000000 78.769281 -0.591099 0.806599 0.000000 -36.759161 0.000000 0.000000 1.000000 0.000000
0.806664 0.591010 0.000000 78.770974 -0.591010 0.806664 0.000000 -36.759095 0.000000 0.000000 1.000000 0.000000
0.806645 0.591037 0.000000 78.771945 -0.591037 0.806645 0.000000 -36.759128 0.000000 0.000000 1.000000 0.000000
0.806683 0.590985 0.000000 78.772855 -0.590985 0.806683 0.000000 -36.761559 0.000000 0.000000 1.000000 0.000000
0.806713 0.590944 0.000000 78.770764 -0.590944 0.806713 0.000000 -36.761574 0.000000 0.000000 1.000000 0.000000
0.806622 0.591067 0.000000 78.769444 -0.591067 0.806622 0.000000 -36.762494 0.000000 0.000000 1.000000 0.000000
0.806653 0.591026 0.000000 78.768784 -0.591026 0.806653 0.000000 -36.766258 0.000000 0.000000 1.000000 0.000000
0.806561 0.591151 0.000000 78.767530 -0.591151 0.806561 0.000000 -36.769151 0.000000 0.000000 1.000000 0.000000
0.806525 0.591201 0.000000 78.768346 -0.591201 0.806525 0.000000 -36.769636 0.000000 0.000000 1.000000 0.000000
0.806518 0.591209 0.000000 78.767392 -0.591209 0.806518 0.000000 -36.766752 0.000000 0.000000 1.000000 0.000000
0.806570 0.591139 0.000000 78.767044 -0.591139 0.806570 0.000000 -36.763587 0.000000 0.000000 1.000000 0.000000
0.806629 0.591058 0.000000 78.765153 -0.591058 0.806629 0.000000 -36.761946 0.000000 0.000000 1.000000 0.000000
0.806625 0.591063 0.000000 78.764808 -0.591063 0.806625 0.000000 -36.761984 0.000000 0.000000 1.000000 0.000000
0.806579 0.591127 0.000000 78.764112 -0.591127 0.806579 0.000000 -36.763242 0.000000 0.000000 1.000000 0.000000
0.806510 0.591221 0.000000 78.763944 -0.591221 0.806510 0.000000 -36.764480 0.000000 0.000000 1.000000 0.000000
0.806547 0.591170 0.000000 78.762625 -0.591170 0.806547 0.000000 -36.765640 0.000000 0.000000 1.000000 0.000000
0.806501 0.591232 0.000000 78.763683 -0.591232 0.806501 0.000000 -36.763608 0.000000 0.000000 1.000000 0.000000
0.806613 0.591080 0.000000 78.765124 -0.591080 0.806613 0.000000 -36.764080 0.000000 0.000000 1.000000 0.000000
0.806647 0.591034 0.000000 78.765131 -0.591034 0.806647 0.000000 -36.763626 0.000000 0.000000 1.000000 0.000000
0.806634 0.591052 0.000000 78.764202 -0.591052 0.806634 0.000000 -36.763093 0.000000 0.000000 1.000000 0.000000
0.806608 0.591087 0.000000 78.762541 -0.591087 0.806608 0.000000 -36.763283 0.000000 0.000000 1.000000 0.000000
0.806621 0.591069 0.000000 78.760864 -0.591069 0.806621 0.000000 -36.765009 0.000000 0.000000 1.000000 0.000000
0.806977 0.590583 0.000000 78.757539 -0.590583 0.806977 0.000000 -36.766362 0.000000 0.000000 1.000000 0.000000
0.806842 0.590767 0.000000 78.756624 -0.590767 0.806842 0.000000 -36.762319 0.000000 0.000000 1.000000 0.000000
0.806734 0.590915 0.000000 78.756867 -0.590915 0.806734 0.000000 -36.763001 0.000000 0.000000 1.000000 0.000000
0.806798 0.590827 0.000000 78.757863 -0.590827 0.806798 0.000000 -36.762966 0.000000 0.000000 1.000000 0.000000
0.806960 0.590606 0.000000 78.756787 -0.590606 0.806960 0.000000 -36.763817 0.000000 0.000000 1.000000 0.000000
0.807158 0.590336 0.000000 78.754571 -0.590336 0.807158 0.000000 -36.767127 0.000000 0.000000 1.000000 0.000000
0.807149 0.590348 0.000000 78.755786 -0.590348 0.807149 0.000000 -36.768461 0.000000 0.000000 1.000000 0.000000
0.807231 0.590236 0.000000 78.750625 -0.590236 0.807231 0.000000 -36.778184 0.000000 0.000000 1.000000 0.000000
0.806714 0.590942 0.000000 78.746135 -0.590942 0.806714 0.000000 -36.791081 0.000000 0.000000 1.000000 0.000000
0.806691 0.590974 0.000000 78.751266 -0.590974 0.806691 0.000000 -36.795256 0.000000 0.000000 1.000000 0.000000
0.805678 0.592353 0.000000 78.752213 -0.592353 0.805678 0.000000 -36.801756 0.000000 0.000000 1.000000 0.000000
0.805968 0.591959 0.000000 78.754859 -0.591959 0.805968 0.000000 -36.807696 0.000000 0.000000 1.000000 0.000000
0.806254 0.591570 0.000000 78.761514 -0.591570 0.806254 0.000000 -36.817921 0.000000 0.000000 1.000000 0.000000
0.806332 0.591463 0.000000 78.754356 -0.591463 0.806332 0.000000 -36.830135 0.000000 0.000000 1.000000 0.000000
0.807398 0.590008 0.000000 78.753247 -0.590008 0.807398 0.000000 -36.836343 0.000000 0.000000 1.000000 0.000000
0.807691 0.589606 0.000000 78.755802 -0.589606 0.807691 0.000000 -36.830619 0.000000 0.000000 1.000000 0.000000
0.807776 0.589490 0.000000 78.757776 -0.589490 0.807776 0.000000 -36.831625 0.000000 0.000000 1.000000 0.000000
0.807798 0.589459 0.000000 78.756224 -0.589459 0.807798 0.000000 -36.834928 0.000000 0.000000 1.000000 0.000000
0.807575 0.589765 0.000000 78.753861 -0.589765 0.807575 0.000000 -36.841720 0.000000 0.000000 1.000000 0.000000
0.807648 0.589665 0.000000 78.753121 -0.589665 0.807648 0.000000 -36.839742 0.000000 0.000000 1.000000 0.000000
0.807748 0.589528 0.000000 78.754633 -0.589528 0.807748 0.000000 -36.837349 0.000000 0.000000 1.000000 0.000000
0.807680 0.589620 0.000000 78.755761 -0.589620 0.807680 0.000000 -36.837087 0.000000 0.000000 1.000000 0.000000
0.807846 0.589393 0.000000 78.755273 -0.589393 0.807846 0.000000 -36.839424 0.000000 0.000000 1.000000 0.000000
0.807765 0.589505 0.000000 78.753625 -0.589505 0.807765 0.000000 -36.840138 0.000000 0.000000 1.000000 0.000000
0.807988 0.589199 0.000000 78.752985 -0.589199 0.807988 0.000000 -36.840610 0.000000 0.000000 1.000000 0.000000
0.808178 0.588939 0.000000 78.751136 -0.588939 0.808178 0.000000 -36.843030 0.000000 0.000000 1.000000 0.000000
0.808322 0.588740 0.000000 78.748353 -0.588740 0.808322 0.000000 -36.844630 0.000000 0.000000 1.000000 0.000000
0.808850 0.588015 0.000000 78.744549 -0.588015 0.808850 0.000000 -36.848171 0.000000 0.000000 1.000000 0.000000
0.809226 0.587497 0.000000 78.744778 -0.587497 0.809226 0.000000 -36.841196 0.000000 0.000000 1.000000 0.000000
0.809784 0.586728 0.000000 78.743175 -0.586728 0.809784 0.000000 -36.838511 0.000000 0.000000 1.000000 0.000000
0.810149 0.586225 0.000000 78.736636 -0.586225 0.810149 0.000000 -36.842085 0.000000 0.000000 1.000000 0.000000
0.810100 0.586292 0.000000 78.734213 -0.586292 0.810100 0.000000 -36.847441 0.000000 0.000000 1.000000 0.000000
0.809835 0.586658 0.000000 78.736246 -0.586658 0.809835 0.000000 -36.850156 0.000000 0.000000 1.000000 0.000000
0.808855 0.588008 0.000000 78.734154 -0.588008 0.808855 0.000000 -36.856448 0.000000 0.000000 1.000000 0.000000
0.808514 0.588477 0.000000 78.731212 -0.588477 0.808514 0.000000 -36.870894 0.000000 0.000000 1.000000 0.000000
0.808308 0.588759 0.000000 78.732810 -0.588759 0.808308 0.000000 -36.881702 0.000000 0.000000 1.000000 0.000000
0.808179 0.588937 0.000000 78.727883 -0.588937 0.808179 0.000000 -36.886758 0.000000 0.000000 1.000000 0.000000
0.807777 0.589488 0.000000 78.717037 -0.589488 0.807777 0.000000 -36.899750 0.000000 0.000000 1.000000 0.000000
0.807064 0.590464 0.000000 78.716569 -0.590464 0.807064 0.000000 -36.912808 0.000000 0.000000 1.000000 0.000000
0.806736 0.590912 0.000000 78.718240 -0.590912 0.806736 0.000000 -36.915087 0.000000 0.000000 1.000000 0.000000
0.806637 0.591048 0.000000 78.724532 -0.591048 0.806637 0.000000 -36.924300 0.000000 0.000000 1.000000 0.000000
0.806999 0.590553 0.000000 78.725841 -0.590553 0.806999 0.000000 -36.936790 0.000000 0.000000 1.000000 0.000000
0.807494 0.589876 0.000000 78.719302 -0.589876 0.807494 0.000000 -36.949499 0.000000 0.000000 1.000000 0.000000
0.808349 0.588704 0.000000 78.726317 -0.588704 0.808349 0.000000 -36.958413 0.000000 0.000000 1.000000 0.000000
0.809544 0.587059 0.000000 78.731476 -0.587059 0.809544 0.000000 -36.967059 0.000000 0.000000 1.000000 0.000000
0.810062 0.586344 0.000000 78.743516 -0.586344 0.810062 0.000000 -36.967802 0.000000 0.000000 1.000000 0.000000
0.810167 0.586199 0.000000 78.750167 -0.586199 0.810167 0.000000 -36.968606 0.000000 0.000000 1.000000 0.000000
0.810100 0.586292 0.000000 78.759626 -0.586292 0.810100 0.000000 -36.974783 0.000000 0.000000 1.000000 0.000000
0.810065 0.586339 0.000000 78.764281 -0.586339 0.810065 0.000000 -36.986383 0.000000 0.000000 1.000000 0.000000
0.809992 0.586441 0.000000 78.768003 -0.586441 0.809992 0.000000 -37.022572 0.000000 0.000000 1.000000 0.000000
0.810255 0.586077 0.000000 78.804030 -0.586077 0.810255 0.000000 -37.043909 0.000000 0.000000 1.000000 0.000000
0.811548 0.584286 0.000000 78.816786 -0.584286 0.811548 0.000000 -37.060299 0.000000 0.000000 1.000000 0.000000
0.811739 0.584021 0.000000 78.838396 -0.584021 0.811739 0.000000 -37.073779 0.000000 0.000000 1.000000 0.000000
0.812436 0.583050 0.000000 78.845165 -0.583050 0.812436 0.000000 -37.085456 0.000000 0.000000 1.000000 0.000000
0.813081 0.582151 0.000000 78.848671 -0.582151 0.813081 0.000000 -37.095879 0.000000 0.000000 1.000000 0.000000
0.814571 0.580064 0.000000 78.849539 -0.580064 0.814571 0.000000 -37.094644 0.000000 0.000000 1.000000 0.000000
0.815195 0.579187 0.000000 78.846665 -0.579187 0.815195 0.000000 -37.100466 0.000000 0.000000 1.000000 0.000000
0.815583 0.578640 0.000000 78.846755 -0.578640 0.815583 0.000000 -37.097655 0.000000 0.000000 1.000000 0.000000
0.815786 0.578354 0.000000 78.852548 -0.578354 0.815786 0.000000 -37.103974 0.000000 0.000000 1.000000 0.000000
0.815470 0.578799 0.000000 78.860880 -0.578799 0.815470 0.000000 -37.094580 0.000000 0.000000 1.000000 0.000000
0.815392 0.578909 0.000000 78.864657 -0.578909 0.815392 0.000000 -37.098891 0.000000 0.000000 1.000000 0.000000
0.814955 0.579524 0.000000 78.865182 -0.579524 0.814955 0.000000 -37.096586 0.000000 0.000000 1.000000 0.000000
0.815051 0.579389 0.000000 78.863066 -0.579389 0.815051 0.000000 -37.098851 0.000000 0.000000 1.000000 0.000000
0.814865 0.579651 0.000000 78.863120 -0.579651 0.814865 0.000000 -37.099633 0.000000 0.000000 1.000000 0.000000
0.814958 0.579520 0.000000 78.865207 -0.579520 0.814958 0.000000 -37.105418 0.000000 0.000000 1.000000 0.000000
0.815515 0.578736 0.000000 78.863851 -0.578736 0.815515 0.000000 -37.107715 0.000000 0.000000 1.000000 0.000000
0.815767 0.578381 0.000000 78.861672 -0.578381 0.815767 0.000000 -37.111058 0.000000 0.000000 1.000000 0.000000
0.815764 0.578385 0.000000 78.862982 -0.578385 0.815764 0.000000 -37.110510 0.000000 0.000000 1.000000 0.000000
0.815648 0.578548 0.000000 78.867028 -0.578548 0.815648 0.000000 -37.105441 0.000000 0.000000 1.000000 0.000000
0.815967 0.578098 0.000000 78.868891 -0.578098 0.815967 0.000000 -37.108388 0.000000 0.000000 1.000000 0.000000
0.816046 0.577987 0.000000 78.867422 -0.577987 0.816046 0.000000 -37.108901 0.000000 0.000000 1.000000 0.000000
0.816787 0.576939 0.000000 78.867506 -0.576939 0.816787 0.000000 -37.113675 0.000000 0.000000 1.000000 0.000000
0.816611 0.577189 0.000000 78.869266 -0.577189 0.816611 0.000000 -37.111507 0.000000 0.000000 1.000000 0.000000
0.816725 0.577027 0.000000 78.869561 -0.577027 0.816725 0.000000 -37.109806 0.000000 0.000000 1.000000 0.000000
0.817244 0.576292 0.000000 78.868921 -0.576292 0.817244 0.000000 -37.111280 0.000000 0.000000 1.000000 0.000000
0.817149 0.576427 0.000000 78.870328 -0.576427 0.817149 0.000000 -37.110633 0.000000 0.000000 1.000000 0.000000
0.817297 0.576217 0.000000 78.869200 -0.576217 0.817297 0.000000 -37.109920 0.000000 0.000000 1.000000 0.000000
0.817393 0.576080 0.000000 78.869089 -0.576080 0.817393 0.000000 -37.109155 0.000000 0.000000 1.000000 0.000000
0.817339 0.576156 0.000000 78.871280 -0.576156 0.817339 0.000000 -37.106974 0.000000 0.000000 1.000000 0.000000
0.817646 0.575721 0.000000 78.869571 -0.575721 0.817646 0.000000 -37.106559 0.000000 0.000000 1.000000 0.000000
0.817423 0.576037 0.000000 78.870337 -0.576037 0.817423 0.000000 -37.104435 0.000000 0.000000 1.000000 0.000000
