0.999998 0.001837 0.000000 0.579601 -0.001837 0.999998 0.000000 -0.005346 0.000000 0.000000 1.000000 0.000000
0.999994 0.003355 0.000000 1.124031 -0.003355 0.999994 0.000000 -0.017919 0.000000 0.000000 1.000000 0.000000
0.999993 0.003865 0.000000 1.702087 -0.003865 0.999993 0.000000 -0.019439 0.000000 0.000000 1.000000 0.000000
0.999994 0.003457 0.000000 2.285300 -0.003457 0.999994 0.000000 -0.027597 0.000000 0.000000 1.000000 0.000000
0.999974 0.007225 0.000000 2.827094 -0.007225 0.999974 0.000000 -0.043803 0.000000 0.000000 1.000000 0.000000
0.999905 0.013786 0.000000 3.414210 -0.013786 0.999905 0.000000 -0.035567 0.000000 0.000000 1.000000 0.000000
0.999849 0.017392 0.000000 4.547311 -0.017392 0.999849 0.000000 -0.073459 0.000000 0.000000 1.000000 0.000000
0.999825 0.018698 0.000000 5.140170 -0.018698 0.999825 0.000000 -0.071934 0.000000 0.000000 1.000000 0.000000
0.999788 0.020596 0.000000 5.949435 -0.020596 0.999788 0.000000 -0.096258 0.000000 0.000000 1.000000 0.000000
0.999787 0.020619 0.000000 6.523811 -0.020619 0.999787 0.000000 -0.090053 0.000000 0.000000 1.000000 0.000000
0.999771 0.021399 0.000000 7.111246 -0.021399 0.999771 0.000000 -0.120247 0.000000 0.000000 1.000000 0.000000
0.999757 0.022065 0.000000 7.691248 -0.022065 0.999757 0.000000 -0.132850 0.000000 0.000000 1.000000 0.000000
0.999738 0.022896 0.000000 8.236146 -0.022896 0.999738 0.000000 -0.151295 0.000000 0.000000 1.000000 0.000000
0.999722 0.023583 0.000000 8.823974 -0.023583 0.999722 0.000000 -0.169972 0.000000 0.000000 1.000000 0.000000
0.999686 0.025070 0.000000 9.375238 -0.025070 0.999686 0.000000 -0.177547 0.000000 0.000000 1.000000 0.000000
0.999680 0.025282 0.000000 9.954680 -0.025282 0.999680 0.000000 -0.181716 0.000000 0.000000 1.000000 0.000000
0.999632 0.027129 0.000000 10.512249 -0.027129 0.999632 0.000000 -0.181623 0.000000 0.000000 1.000000 0.000000
0.999636 0.026990 0.000000 11.082158 -0.026990 0.999636 0.000000 -0.195362 0.000000 0.000000 1.000000 0.000000
0.999593 0.028535 0.000000 11.660743 -0.028535 0.999593 0.000000 -0.206833 0.000000 0.000000 1.000000 0.000000
0.999535 0.030500 0.000000 12.417269 -0.030500 0.999535 0.000000 -0.230590 0.000000 0.000000 1.000000 0.000000
0.999499 0.031652 0.000000 13.036194 -0.031652 0.999499 0.000000 -0.240550 0.000000 0.000000 1.000000 0.000000
0.999491 0.031896 0.000000 13.584519 -0.031896 0.999491 0.000000 -0.254187 0.000000 0.000000 1.000000 0.000000
0.999428 0.033823 0.000000 14.195437 -0.033823 0.999428 0.000000 -0.248873 0.000000 0.000000 1.000000 0.000000
0.999384 0.035088 0.000000 14.771874 -0.035088 0.999384 0.000000 -0.251058 0.000000 0.000000 1.000000 0.000000
0.999357 0.035851 0.000000 15.345038 -0.035851 0.999357 0.000000 -0.274502 0.000000 0.000000 1.000000 0.000000
0.999237 0.039069 0.000000 15.923463 -0.039069 0.999237 0.000000 -0.280092 0.000000 0.000000 1.000000 0.000000
0.999189 0.040271 0.000000 16.498428 -0.040271 0.999189 0.000000 -0.313222 0.000000 0.000000 1.000000 0.000000
0.999083 0.042806 0.000000 17.069130 -0.042806 0.999083 0.000000 -0.331870 0.000000 0.000000 1.000000 0.000000
0.999054 0.043482 0.000000 17.651101 -0.043482 0.999054 0.000000 -0.367926 0.000000 0.000000 1.000000 0.000000
0.998949 0.045841 0.000000 18.226160 -0.045841 0.998949 0.000000 -0.393053 0.000000 0.000000 1.000000 0.000000
0.998848 0.047992 0.000000 18.802372 -0.047992 0.998848 0.000000 -0.428907 0.000000 0.000000 1.000000 0.000000
0.998847 0.048003 0.000000 19.350766 -0.048003 0.998847 0.000000 -0.463510 0.000000 0.000000 1.000000 0.000000
0.998650 0.051953 0.000000 19.917913 -0.051953 0.998650 0.000000 -0.494498 0.000000 0.000000 1.000000 0.000000
0.998574 0.053379 0.000000 21.013235 -0.053379 0.998574 0.000000 -0.567590 0.000000 0.000000 1.000000 0.000000
0.998619 0.052539 0.000000 21.937956 -0.052539 0.998619 0.000000 -0.626290 0.000000 0.000000 1.000000 0.000000
0.998700 0.050969 0.000000 22.503472 -0.050969 0.998700 0.000000 -0.659479 0.000000 0.000000 1.000000 0.000000
0.998614 0.052628 0.000000 23.070440 -0.052628 0.998614 0.000000 -0.701786 0.000000 0.000000 1.000000 0.000000
0.998468 0.055330 0.000000 23.635151 -0.055330 0.998468 0.000000 -0.769763 0.000000 0.000000 1.000000 0.000000
0.998663 0.051699 0.000000 24.193436 -0.051699 0.998663 0.000000 -0.821789 0.000000 0.000000 1.000000 0.000000
0.998726 0.050458 0.000000 24.788454 -0.050458 0.998726 0.000000 -0.861729 0.000000 0.000000 1.000000 0.000000
0.998197 0.060019 0.000000 25.348652 -0.060019 0.998197 0.000000 -0.891822 0.000000 0.000000 1.000000 0.000000
0.997290 0.073575 0.000000 26.463958 -0.073575 0.997290 0.000000 -0.976183 0.000000 0.000000 1.000000 0.000000
0.997431 0.071632 0.000000 27.027151 -0.071632 0.997431 0.000000 -1.038802 0.000000 0.000000 1.000000 0.000000
0.997319 0.073177 0.000000 27.588556 -0.073177 0.997319 0.000000 -1.085625 0.000000 0.000000 1.000000 0.000000
0.997393 0.072163 0.000000 28.109044 -0.072163 0.997393 0.000000 -1.152433 0.000000 0.000000 1.000000 0.000000
0.997531 0.070221 0.000000 28.670996 -0.070221 0.997531 0.000000 -1.213503 0.000000 0.000000 1.000000 0.000000
0.997070 0.076501 0.000000 29.564370 -0.076501 0.997070 0.000000 -1.300650 0.000000 0.000000 1.000000 0.000000
0.997079 0.076373 0.000000 30.155982 -0.076373 0.997079 0.000000 -1.345505 0.000000 0.000000 1.000000 0.000000
0.997009 0.077285 0.000000 30.708825 -0.077285 0.997009 0.000000 -1.382465 0.000000 0.000000 1.000000 0.000000
0.997059 0.076636 0.000000 31.266008 -0.076636 0.997059 0.000000 -1.429945 0.000000 0.000000 1.000000 0.000000
0.996939 0.078179 0.000000 31.831028 -0.078179 0.996939 0.000000 -1.484398 0.000000 0.000000 1.000000 0.000000
0.996948 0.078070 0.000000 32.386070 -0.078070 0.996948 0.000000 -1.552854 0.000000 0.000000 1.000000 0.000000
0.996715 0.080991 0.000000 32.951893 -0.080991 0.996715 0.000000 -1.595475 0.000000 0.000000 1.000000 0.000000
0.996876 0.078980 0.000000 33.527435 -0.078980 0.996876 0.000000 -1.642198 0.000000 0.000000 1.000000 0.000000
0.996695 0.081231 0.000000 34.093380 -0.081231 0.996695 0.000000 -1.685376 0.000000 0.000000 1.000000 0.000000
0.996583 0.082594 0.000000 34.617947 -0.082594 0.996583 0.000000 -1.736634 0.000000 0.000000 1.000000 0.000000
0.996355 0.085309 0.000000 35.551792 -0.085309 0.996355 0.000000 -1.828281 0.000000 0.000000 1.000000 0.000000
0.995966 0.089737 0.000000 36.105464 -0.089737 0.995966 0.000000 -1.884762 0.000000 0.000000 1.000000 0.000000
0.995823 0.091300 0.000000 36.661301 -0.091300 0.995823 0.000000 -1.937297 0.000000 0.000000 1.000000 0.000000
0.995727 0.092349 0.000000 37.215895 -0.092349 0.995727 0.000000 -2.002467 0.000000 0.000000 1.000000 0.000000
0.995501 0.094747 0.000000 37.765019 -0.094747 0.995501 0.000000 -2.036556 0.000000 0.000000 1.000000 0.000000
0.995434 0.095448 0.000000 38.324184 -0.095448 0.995434 0.000000 -2.097629 0.000000 0.000000 1.000000 0.000000
0.995318 0.096650 0.000000 38.914950 -0.096650 0.995318 0.000000 -2.162116 0.000000 0.000000 1.000000 0.000000
0.995291 0.096935 0.000000 39.440341 -0.096935 0.995291 0.000000 -2.213415 0.000000 0.000000 1.000000 0.000000
0.995315 0.096686 0.000000 39.982170 -0.096686 0.995315 0.000000 -2.272588 0.000000 0.000000 1.000000 0.000000
0.995393 0.095878 0.000000 40.535233 -0.095878 0.995393 0.000000 -2.333466 0.000000 0.000000 1.000000 0.000000
0.995009 0.099782 0.000000 41.090732 -0.099782 0.995009 0.000000 -2.392151 0.000000 0.000000 1.000000 0.000000
0.994853 0.101331 0.000000 41.605691 -0.101331 0.994853 0.000000 -2.447525 0.000000 0.000000 1.000000 0.000000
0.994705 0.102772 0.000000 42.158988 -0.102772 0.994705 0.000000 -2.518804 0.000000 0.000000 1.000000 0.000000
0.994797 0.101879 0.000000 42.685633 -0.101879 0.994797 0.000000 -2.569900 0.000000 0.000000 1.000000 0.000000
0.994935 0.100522 0.000000 43.637807 -0.100522 0.994935 0.000000 -2.670975 0.000000 0.000000 1.000000 0.000000
0.994859 0.101273 0.000000 44.184676 -0.101273 0.994859 0.000000 -2.736545 0.000000 0.000000 1.000000 0.000000
0.994537 0.104389 0.000000 44.745041 -0.104389 0.994537 0.000000 -2.801305 0.000000 0.000000 1.000000 0.000000
0.994794 0.101905 0.000000 45.828922 -0.101905 0.994794 0.000000 -2.939466 0.000000 0.000000 1.000000 0.000000
0.994142 0.108081 0.000000 46.412137 -0.108081 0.994142 0.000000 -3.009700 0.000000 0.000000 1.000000 0.000000
0.994090 0.108562 0.000000 46.906913 -0.108562 0.994090 0.000000 -3.066079 0.000000 0.000000 1.000000 0.000000
0.994111 0.108365 0.000000 47.929615 -0.108365 0.994111 0.000000 -3.194955 0.000000 0.000000 1.000000 0.000000
0.994013 0.109263 0.000000 48.455936 -0.109263 0.994013 0.000000 -3.254339 0.000000 0.000000 1.000000 0.000000
0.994128 0.108209 0.000000 48.971835 -0.108209 0.994128 0.000000 -3.296475 0.000000 0.000000 1.000000 0.000000
0.994080 0.108648 0.000000 49.458869 -0.108648 0.994080 0.000000 -3.352076 0.000000 0.000000 1.000000 0.000000
0.993775 0.111404 0.000000 50.355560 -0.111404 0.993775 0.000000 -3.464735 0.000000 0.000000 1.000000 0.000000
0.993918 0.110123 0.000000 50.856248 -0.110123 0.993918 0.000000 -3.535684 0.000000 0.000000 1.000000 0.000000
0.993436 0.114389 0.000000 51.353741 -0.114389 0.993436 0.000000 -3.591380 0.000000 0.000000 1.000000 0.000000
0.992793 0.119843 0.000000 51.844436 -0.119843 0.992793 0.000000 -3.664607 0.000000 0.000000 1.000000 0.000000
0.992755 0.120158 0.000000 52.326527 -0.120158 0.992755 0.000000 -3.716596 0.000000 0.000000 1.000000 0.000000
0.992636 0.121135 0.000000 52.794585 -0.121135 0.992636 0.000000 -3.766864 0.000000 0.000000 1.000000 0.000000
0.992322 0.123683 0.000000 53.272120 -0.123683 0.992322 0.000000 -3.824085 0.000000 0.000000 1.000000 0.000000
0.991815 0.127684 0.000000 53.979346 -0.127684 0.991815 0.000000 -3.922448 0.000000 0.000000 1.000000 0.000000
0.991839 0.127498 0.000000 54.402056 -0.127498 0.991839 0.000000 -3.999595 0.000000 0.000000 1.000000 0.000000
0.991951 0.126622 0.000000 54.862720 -0.126622 0.991951 0.000000 -4.061781 0.000000 0.000000 1.000000 0.000000
0.992060 0.125764 0.000000 55.306487 -0.125764 0.992060 0.000000 -4.126748 0.000000 0.000000 1.000000 0.000000
0.991906 0.126978 0.000000 55.719301 -0.126978 0.991906 0.000000 -4.182071 0.000000 0.000000 1.000000 0.000000
0.992248 0.124276 0.000000 56.142992 -0.124276 0.992248 0.000000 -4.249443 0.000000 0.000000 1.000000 0.000000
0.992495 0.122282 0.000000 56.873024 -0.122282 0.992495 0.000000 -4.354956 0.000000 0.000000 1.000000 0.000000
0.992226 0.124447 0.000000 57.243273 -0.124447 0.992226 0.000000 -4.421686 0.000000 0.000000 1.000000 0.000000
0.992058 0.125777 0.000000 57.680592 -0.125777 0.992058 0.000000 -4.486893 0.000000 0.000000 1.000000 0.000000
0.991907 0.126965 0.000000 58.076897 -0.126965 0.991907 0.000000 -4.542123 0.000000 0.000000 1.000000 0.000000
0.991783 0.127929 0.000000 58.472652 -0.127929 0.991783 0.000000 -4.597620 0.000000 0.000000 1.000000 0.000000
0.991683 0.128706 0.000000 58.862581 -0.128706 0.991683 0.000000 -4.641485 0.000000 0.000000 1.000000 0.000000
0.991516 0.129982 0.000000 59.252926 -0.129982 0.991516 0.000000 -4.702156 0.000000 0.000000 1.000000 0.000000
0.991726 0.128374 0.000000 59.619891 -0.128374 0.991726 0.000000 -4.763226 0.000000 0.000000 1.000000 0.000000
0.991528 0.129893 0.000000 59.982217 -0.129893 0.991528 0.000000 -4.812814 0.000000 0.000000 1.000000 0.000000
0.991293 0.131676 0.000000 60.344890 -0.131676 0.991293 0.000000 -4.868827 0.000000 0.000000 1.000000 0.000000
0.990606 0.136745 0.000000 61.024173 -0.136745 0.990606 0.000000 -4.975550 0.000000 0.000000 1.000000 0.000000
0.990749 0.135710 0.000000 61.372078 -0.135710 0.990749 0.000000 -5.024887 0.000000 0.000000 1.000000 0.000000
0.990774 0.135527 0.000000 61.681057 -0.135527 0.990774 0.000000 -5.071908 0.000000 0.000000 1.000000 0.000000
0.990817 0.135211 0.000000 62.009591 -0.135211 0.990817 0.000000 -5.129148 0.000000 0.000000 1.000000 0.000000
0.990555 0.137116 0.000000 62.333159 -0.137116 0.990555 0.000000 -5.175490 0.000000 0.000000 1.000000 0.000000
0.990292 0.139000 0.000000 62.630194 -0.139000 0.990292 0.000000 -5.214536 0.000000 0.000000 1.000000 0.000000
0.989257 0.146185 0.000000 62.951715 -0.146185 0.989257 0.000000 -5.240335 0.000000 0.000000 1.000000 0.000000
0.989059 0.147523 0.000000 63.273739 -0.147523 0.989059 0.000000 -5.286301 0.000000 0.000000 1.000000 0.000000
0.989354 0.145528 0.000000 63.789915 -0.145528 0.989354 0.000000 -5.371554 0.000000 0.000000 1.000000 0.000000
0.989438 0.144956 0.000000 64.093005 -0.144956 0.989438 0.000000 -5.421078 0.000000 0.000000 1.000000 0.000000
0.989179 0.146715 0.000000 64.391591 -0.146715 0.989179 0.000000 -5.481113 0.000000 0.000000 1.000000 0.000000
0.988787 0.149334 0.000000 64.700497 -0.149334 0.988787 0.000000 -5.532600 0.000000 0.000000 1.000000 0.000000
0.988705 0.149871 0.000000 64.993475 -0.149871 0.988705 0.000000 -5.572956 0.000000 0.000000 1.000000 0.000000
0.988407 0.151827 0.000000 65.261151 -0.151827 0.988407 0.000000 -5.615093 0.000000 0.000000 1.000000 0.000000
0.988391 0.151932 0.000000 65.560215 -0.151932 0.988391 0.000000 -5.669051 0.000000 0.000000 1.000000 0.000000
0.988111 0.153740 0.000000 65.839073 -0.153740 0.988111 0.000000 -5.706992 0.000000 0.000000 1.000000 0.000000
0.987994 0.154494 0.000000 66.112545 -0.154494 0.987994 0.000000 -5.751639 0.000000 0.000000 1.000000 0.000000
0.987458 0.157882 0.000000 66.570941 -0.157882 0.987458 0.000000 -5.829232 0.000000 0.000000 1.000000 0.000000
0.987448 0.157943 0.000000 66.811462 -0.157943 0.987448 0.000000 -5.882289 0.000000 0.000000 1.000000 0.000000
0.987193 0.159533 0.000000 67.086967 -0.159533 0.987193 0.000000 -5.932792 0.000000 0.000000 1.000000 0.000000
0.987176 0.159636 0.000000 67.349259 -0.159636 0.987176 0.000000 -5.979949 0.000000 0.000000 1.000000 0.000000
0.987081 0.160222 0.000000 67.611311 -0.160222 0.987081 0.000000 -6.024641 0.000000 0.000000 1.000000 0.000000
0.986968 0.160916 0.000000 67.870060 -0.160916 0.986968 0.000000 -6.086532 0.000000 0.000000 1.000000 0.000000
0.986794 0.161980 0.000000 68.126848 -0.161980 0.986794 0.000000 -6.130626 0.000000 0.000000 1.000000 0.000000
0.986827 0.161778 0.000000 68.389545 -0.161778 0.986827 0.000000 -6.176412 0.000000 0.000000 1.000000 0.000000
0.986309 0.164910 0.000000 68.632266 -0.164910 0.986309 0.000000 -6.231623 0.000000 0.000000 1.000000 0.000000
0.986202 0.165546 0.000000 68.897451 -0.165546 0.986202 0.000000 -6.280778 0.000000 0.000000 1.000000 0.000000
0.986005 0.166715 0.000000 69.145352 -0.166715 0.986005 0.000000 -6.328861 0.000000 0.000000 1.000000 0.000000
0.985944 0.167075 0.000000 69.400858 -0.167075 0.985944 0.000000 -6.375737 0.000000 0.000000 1.000000 0.000000
0.985509 0.169624 0.000000 69.835409 -0.169624 0.985509 0.000000 -6.458761 0.000000 0.000000 1.000000 0.000000
0.985343 0.170587 0.000000 70.109679 -0.170587 0.985343 0.000000 -6.500225 0.000000 0.000000 1.000000 0.000000
0.985324 0.170693 0.000000 70.378139 -0.170693 0.985324 0.000000 -6.560792 0.000000 0.000000 1.000000 0.000000
0.985093 0.172021 0.000000 70.639659 -0.172021 0.985093 0.000000 -6.599167 0.000000 0.000000 1.000000 0.000000
0.984998 0.172567 0.000000 70.913707 -0.172567 0.984998 0.000000 -6.659966 0.000000 0.000000 1.000000 0.000000
0.984819 0.173587 0.000000 71.201376 -0.173587 0.984819 0.000000 -6.714322 0.000000 0.000000 1.000000 0.000000
0.984688 0.174324 0.000000 71.456151 -0.174324 0.984688 0.000000 -6.772908 0.000000 0.000000 1.000000 0.000000
0.984708 0.174215 0.000000 71.742370 -0.174215 0.984708 0.000000 -6.831937 0.000000 0.000000 1.000000 0.000000
0.984216 0.176969 0.000000 72.016552 -0.176969 0.984216 0.000000 -6.877676 0.000000 0.000000 1.000000 0.000000
0.984038 0.177957 0.000000 72.272439 -0.177957 0.984038 0.000000 -6.941242 0.000000 0.000000 1.000000 0.000000
0.983975 0.178306 0.000000 72.556243 -0.178306 0.983975 0.000000 -6.989568 0.000000 0.000000 1.000000 0.000000
0.983479 0.181020 0.000000 72.815566 -0.181020 0.983479 0.000000 -7.042745 0.000000 0.000000 1.000000 0.000000
0.983323 0.181869 0.000000 73.592025 -0.181869 0.983323 0.000000 -7.195616 0.000000 0.000000 1.000000 0.000000
0.982651 0.185464 0.000000 73.880430 -0.185464 0.982651 0.000000 -7.239064 0.000000 0.000000 1.000000 0.000000
0.982134 0.188182 0.000000 74.170280 -0.188182 0.982134 0.000000 -7.293061 0.000000 0.000000 1.000000 0.000000
0.981904 0.189378 0.000000 74.458760 -0.189378 0.981904 0.000000 -7.350167 0.000000 0.000000 1.000000 0.000000
0.982257 0.187539 0.000000 74.753702 -0.187539 0.982257 0.000000 -7.405049 0.000000 0.000000 1.000000 0.000000
0.981807 0.189883 0.000000 75.325476 -0.189883 0.981807 0.000000 -7.525433 0.000000 0.000000 1.000000 0.000000
0.981434 0.191801 0.000000 75.623140 -0.191801 0.981434 0.000000 -7.585328 0.000000 0.000000 1.000000 0.000000
0.981404 0.191952 0.000000 75.911215 -0.191952 0.981404 0.000000 -7.647893 0.000000 0.000000 1.000000 0.000000
0.981113 0.193435 0.000000 76.371778 -0.193435 0.981113 0.000000 -7.739878 0.000000 0.000000 1.000000 0.000000
0.980353 0.197250 0.000000 76.691252 -0.197250 0.980353 0.000000 -7.801432 0.000000 0.000000 1.000000 0.000000
0.978481 0.206338 0.000000 77.225916 -0.206338 0.978481 0.000000 -7.904805 0.000000 0.000000 1.000000 0.000000
0.978383 0.206801 0.000000 77.554520 -0.206801 0.978383 0.000000 -7.985466 0.000000 0.000000 1.000000 0.000000
0.978313 0.207132 0.000000 77.889749 -0.207132 0.978313 0.000000 -8.046899 0.000000 0.000000 1.000000 0.000000
0.977118 0.212696 0.000000 78.215294 -0.212696 0.977118 0.000000 -8.101374 0.000000 0.000000 1.000000 0.000000
0.977175 0.212434 0.000000 78.566577 -0.212434 0.977175 0.000000 -8.179783 0.000000 0.000000 1.000000 0.000000
0.976506 0.215491 0.000000 79.128957 -0.215491 0.976506 0.000000 -8.310645 0.000000 0.000000 1.000000 0.000000
0.977171 0.212454 0.000000 79.477183 -0.212454 0.977171 0.000000 -8.369936 0.000000 0.000000 1.000000 0.000000
0.977039 0.213062 0.000000 79.859909 -0.213062 0.977039 0.000000 -8.466842 0.000000 0.000000 1.000000 0.000000
0.976801 0.214148 0.000000 80.213676 -0.214148 0.976801 0.000000 -8.540829 0.000000 0.000000 1.000000 0.000000
0.976684 0.214683 0.000000 80.855789 -0.214683 0.976684 0.000000 -8.688193 0.000000 0.000000 1.000000 0.000000
0.976564 0.215225 0.000000 81.514643 -0.215225 0.976564 0.000000 -8.832876 0.000000 0.000000 1.000000 0.000000
0.977051 0.213004 0.000000 81.896387 -0.213004 0.977051 0.000000 -8.953323 0.000000 0.000000 1.000000 0.000000
0.977328 0.211732 0.000000 82.314207 -0.211732 0.977328 0.000000 -9.045655 0.000000 0.000000 1.000000 0.000000
0.976693 0.214641 0.000000 82.713579 -0.214641 0.976693 0.000000 -9.125964 0.000000 0.000000 1.000000 0.000000
0.976462 0.215691 0.000000 83.138420 -0.215691 0.976462 0.000000 -9.238326 0.000000 0.000000 1.000000 0.000000
0.976041 0.217589 0.000000 83.538309 -0.217589 0.976041 0.000000 -9.320859 0.000000 0.000000 1.000000 0.000000
0.976375 0.216081 0.000000 83.981742 -0.216081 0.976375 0.000000 -9.431255 0.000000 0.000000 1.000000 0.000000
0.977656 0.210210 0.000000 84.654395 -0.210210 0.977656 0.000000 -9.578183 0.000000 0.000000 1.000000 0.000000
0.977468 0.211083 0.000000 85.450607 -0.211083 0.977468 0.000000 -9.760231 0.000000 0.000000 1.000000 0.000000
0.977695 0.210031 0.000000 85.915683 -0.210031 0.977695 0.000000 -9.866872 0.000000 0.000000 1.000000 0.000000
0.976995 0.213262 0.000000 86.388253 -0.213262 0.976995 0.000000 -9.982092 0.000000 0.000000 1.000000 0.000000
0.976301 0.216418 0.000000 86.847887 -0.216418 0.976301 0.000000 -10.096671 0.000000 0.000000 1.000000 0.000000
0.975138 0.221596 0.000000 87.348819 -0.221596 0.975138 0.000000 -10.198418 0.000000 0.000000 1.000000 0.000000
0.975396 0.220459 0.000000 87.792848 -0.220459 0.975396 0.000000 -10.295403 0.000000 0.000000 1.000000 0.000000
0.974132 0.225981 0.000000 88.289094 -0.225981 0.974132 0.000000 -10.408333 0.000000 0.000000 1.000000 0.000000
0.973607 0.228229 0.000000 88.797825 -0.228229 0.973607 0.000000 -10.520627 0.000000 0.000000 1.000000 0.000000
0.973040 0.230637 0.000000 89.314138 -0.230637 0.973040 0.000000 -10.634459 0.000000 0.000000 1.000000 0.000000
0.972645 0.232298 0.000000 89.795597 -0.232298 0.972645 0.000000 -10.746010 0.000000 0.000000 1.000000 0.000000
0.972280 0.233819 0.000000 90.318915 -0.233819 0.972280 0.000000 -10.870298 0.000000 0.000000 1.000000 0.000000
0.971151 0.238467 0.000000 91.265127 -0.238467 0.971151 0.000000 -11.106751 0.000000 0.000000 1.000000 0.000000
0.971269 0.237982 0.000000 91.798303 -0.237982 0.971269 0.000000 -11.251111 0.000000 0.000000 1.000000 0.000000
0.971269 0.237984 0.000000 92.341288 -0.237984 0.971269 0.000000 -11.381005 0.000000 0.000000 1.000000 0.000000
0.970093 0.242733 0.000000 92.878470 -0.242733 0.970093 0.000000 -11.510891 0.000000 0.000000 1.000000 0.000000
0.968974 0.247162 0.000000 93.426124 -0.247162 0.968974 0.000000 -11.661401 0.000000 0.000000 1.000000 0.000000
0.969135 0.246532 0.000000 94.256302 -0.246532 0.969135 0.000000 -11.891900 0.000000 0.000000 1.000000 0.000000
0.968671 0.248349 0.000000 94.777251 -0.248349 0.968671 0.000000 -12.030206 0.000000 0.000000 1.000000 0.000000
0.966008 0.258511 0.000000 95.858822 -0.258511 0.966008 0.000000 -12.333368 0.000000 0.000000 1.000000 0.000000
0.964998 0.262258 0.000000 96.588050 -0.262258 0.964998 0.000000 -12.542611 0.000000 0.000000 1.000000 0.000000
0.964098 0.265548 0.000000 97.171181 -0.265548 0.964098 0.000000 -12.706309 0.000000 0.000000 1.000000 0.000000
0.962920 0.269788 0.000000 97.759529 -0.269788 0.962920 0.000000 -12.873506 0.000000 0.000000 1.000000 0.000000
0.961755 0.273912 0.000000 98.350017 -0.273912 0.961755 0.000000 -13.032774 0.000000 0.000000 1.000000 0.000000
0.961350 0.275330 0.000000 98.932003 -0.275330 0.961350 0.000000 -13.203606 0.000000 0.000000 1.000000 0.000000
0.961127 0.276106 0.000000 99.548269 -0.276106 0.961127 0.000000 -13.388768 0.000000 0.000000 1.000000 0.000000
0.960538 0.278147 0.000000 100.114324 -0.278147 0.960538 0.000000 -13.559509 0.000000 0.000000 1.000000 0.000000
0.959624 0.281285 0.000000 100.692287 -0.281285 0.959624 0.000000 -13.729029 0.000000 0.000000 1.000000 0.000000
0.959124 0.282987 0.000000 101.293471 -0.282987 0.959124 0.000000 -13.910553 0.000000 0.000000 1.000000 0.000000
0.960156 0.279464 0.000000 101.848777 -0.279464 0.960156 0.000000 -14.074713 0.000000 0.000000 1.000000 0.000000
0.960897 0.276905 0.000000 102.451845 -0.276905 0.960897 0.000000 -14.248225 0.000000 0.000000 1.000000 0.000000
0.960776 0.277326 0.000000 103.052688 -0.277326 0.960776 0.000000 -14.427114 0.000000 0.000000 1.000000 0.000000
0.960308 0.278940 0.000000 103.613697 -0.278940 0.960308 0.000000 -14.590755 0.000000 0.000000 1.000000 0.000000
0.960007 0.279975 0.000000 104.682371 -0.279975 0.960007 0.000000 -14.904749 0.000000 0.000000 1.000000 0.000000
0.959572 0.281464 0.000000 105.331535 -0.281464 0.959572 0.000000 -15.091097 0.000000 0.000000 1.000000 0.000000
0.959362 0.282177 0.000000 105.940105 -0.282177 0.959362 0.000000 -15.283316 0.000000 0.000000 1.000000 0.000000
0.958607 0.284734 0.000000 106.556780 -0.284734 0.958607 0.000000 -15.458548 0.000000 0.000000 1.000000 0.000000
0.957670 0.287868 0.000000 107.148620 -0.287868 0.957670 0.000000 -15.636712 0.000000 0.000000 1.000000 0.000000
0.958227 0.286008 0.000000 107.757281 -0.286008 0.958227 0.000000 -15.832230 0.000000 0.000000 1.000000 0.000000
0.958066 0.286546 0.000000 108.331578 -0.286546 0.958066 0.000000 -16.003198 0.000000 0.000000 1.000000 0.000000
0.957970 0.286867 0.000000 108.946648 -0.286867 0.957970 0.000000 -16.188431 0.000000 0.000000 1.000000 0.000000
0.957796 0.287449 0.000000 109.519322 -0.287449 0.957796 0.000000 -16.364946 0.000000 0.000000 1.000000 0.000000
0.957208 0.289401 0.000000 110.144843 -0.289401 0.957208 0.000000 -16.566121 0.000000 0.000000 1.000000 0.000000
0.956345 0.292241 0.000000 110.762744 -0.292241 0.956345 0.000000 -16.769782 0.000000 0.000000 1.000000 0.000000
0.956007 0.293345 0.000000 111.399270 -0.293345 0.956007 0.000000 -16.954641 0.000000 0.000000 1.000000 0.000000
0.956319 0.292326 0.000000 112.183550 -0.292326 0.956319 0.000000 -17.210269 0.000000 0.000000 1.000000 0.000000
0.956287 0.292430 0.000000 112.782685 -0.292430 0.956287 0.000000 -17.378732 0.000000 0.000000 1.000000 0.000000
0.954446 0.298384 0.000000 113.419942 -0.298384 0.954446 0.000000 -17.579250 0.000000 0.000000 1.000000 0.000000
0.955558 0.294802 0.000000 114.422092 -0.294802 0.955558 0.000000 -17.894121 0.000000 0.000000 1.000000 0.000000
0.955299 0.295641 0.000000 115.056534 -0.295641 0.955299 0.000000 -18.094295 0.000000 0.000000 1.000000 0.000000
0.955094 0.296301 0.000000 115.696831 -0.296301 0.955094 0.000000 -18.301325 0.000000 0.000000 1.000000 0.000000
0.954227 0.299083 0.000000 116.341408 -0.299083 0.954227 0.000000 -18.520955 0.000000 0.000000 1.000000 0.000000
0.953895 0.300139 0.000000 116.973081 -0.300139 0.953895 0.000000 -18.727974 0.000000 0.000000 1.000000 0.000000
0.953757 0.300578 0.000000 117.617807 -0.300578 0.953757 0.000000 -18.932348 0.000000 0.000000 1.000000 0.000000
0.954136 0.299373 0.000000 118.217024 -0.299373 0.954136 0.000000 -19.124313 0.000000 0.000000 1.000000 0.000000
0.954101 0.299484 0.000000 119.346309 -0.299484 0.954101 0.000000 -19.506350 0.000000 0.000000 1.000000 0.000000
0.954779 0.297315 0.000000 119.991476 -0.297315 0.954779 0.000000 -19.718651 0.000000 0.000000 1.000000 0.000000
0.955041 0.296474 0.000000 120.637739 -0.296474 0.955041 0.000000 -19.923314 0.000000 0.000000 1.000000 0.000000
0.954963 0.296725 0.000000 121.273184 -0.296725 0.954963 0.000000 -20.151174 0.000000 0.000000 1.000000 0.000000
0.954521 0.298144 0.000000 122.578610 -0.298144 0.954521 0.000000 -20.586418 0.000000 0.000000 1.000000 0.000000
0.954656 0.297711 0.000000 123.172299 -0.297711 0.954656 0.000000 -20.772844 0.000000 0.000000 1.000000 0.000000
0.953838 0.300322 0.000000 123.816315 -0.300322 0.953838 0.000000 -20.989664 0.000000 0.000000 1.000000 0.000000
0.954483 0.298264 0.000000 124.406365 -0.298264 0.954483 0.000000 -21.174834 0.000000 0.000000 1.000000 0.000000
0.953838 0.300321 0.000000 125.008383 -0.300321 0.953838 0.000000 -21.362695 0.000000 0.000000 1.000000 0.000000
0.961621 0.274381 0.000000 129.832833 -0.274381 0.961621 0.000000 -23.301675 0.000000 0.000000 1.000000 0.000000
0.963028 0.269401 0.000000 130.466630 -0.269401 0.963028 0.000000 -23.482157 0.000000 0.000000 1.000000 0.000000
0.962337 0.271858 0.000000 131.067556 -0.271858 0.962337 0.000000 -23.648059 0.000000 0.000000 1.000000 0.000000
0.963553 0.267519 0.000000 131.685591 -0.267519 0.963553 0.000000 -23.824285 0.000000 0.000000 1.000000 0.000000
0.963291 0.268461 0.000000 132.286357 -0.268461 0.963291 0.000000 -23.998548 0.000000 0.000000 1.000000 0.000000
0.964327 0.264714 0.000000 132.906417 -0.264714 0.964327 0.000000 -24.174329 0.000000 0.000000 1.000000 0.000000
0.963532 0.267592 0.000000 133.541610 -0.267592 0.963532 0.000000 -24.375887 0.000000 0.000000 1.000000 0.000000
0.963878 0.266343 0.000000 134.353748 -0.266343 0.963878 0.000000 -24.627481 0.000000 0.000000 1.000000 0.000000
0.963419 0.267999 0.000000 134.976469 -0.267999 0.963419 0.000000 -24.813412 0.000000 0.000000 1.000000 0.000000
0.962421 0.271562 0.000000 135.607908 -0.271562 0.962421 0.000000 -24.974491 0.000000 0.000000 1.000000 0.000000
0.961887 0.273447 0.000000 136.526551 -0.273447 0.961887 0.000000 -25.238203 0.000000 0.000000 1.000000 0.000000
0.962045 0.272889 0.000000 137.144107 -0.272889 0.962045 0.000000 -25.425611 0.000000 0.000000 1.000000 0.000000
0.961992 0.273077 0.000000 137.766009 -0.273077 0.961992 0.000000 -25.616070 0.000000 0.000000 1.000000 0.000000
0.962152 0.272512 0.000000 138.387102 -0.272512 0.962152 0.000000 -25.803876 0.000000 0.000000 1.000000 0.000000
0.962243 0.272191 0.000000 139.002572 -0.272191 0.962243 0.000000 -25.994526 0.000000 0.000000 1.000000 0.000000
0.961837 0.273624 0.000000 139.914522 -0.273624 0.961837 0.000000 -26.262039 0.000000 0.000000 1.000000 0.000000
0.961519 0.274738 0.000000 140.516595 -0.274738 0.961519 0.000000 -26.449030 0.000000 0.000000 1.000000 0.000000
0.961043 0.276398 0.000000 141.129770 -0.276398 0.961043 0.000000 -26.635579 0.000000 0.000000 1.000000 0.000000
0.960511 0.278243 0.000000 141.696945 -0.278243 0.960511 0.000000 -26.819713 0.000000 0.000000 1.000000 0.000000
0.959412 0.282008 0.000000 142.486160 -0.282008 0.959412 0.000000 -27.059287 0.000000 0.000000 1.000000 0.000000
0.959405 0.282031 0.000000 143.086434 -0.282031 0.959405 0.000000 -27.255064 0.000000 0.000000 1.000000 0.000000
0.959559 0.281507 0.000000 143.686310 -0.281507 0.959559 0.000000 -27.447683 0.000000 0.000000 1.000000 0.000000
0.959894 0.280363 0.000000 144.288192 -0.280363 0.959894 0.000000 -27.629942 0.000000 0.000000 1.000000 0.000000
0.960665 0.277710 0.000000 144.894596 -0.277710 0.960665 0.000000 -27.816204 0.000000 0.000000 1.000000 0.000000
0.960541 0.278140 0.000000 146.055407 -0.278140 0.960541 0.000000 -28.170717 0.000000 0.000000 1.000000 0.000000
0.961112 0.276159 0.000000 146.605314 -0.276159 0.961112 0.000000 -28.348584 0.000000 0.000000 1.000000 0.000000
0.959975 0.280085 0.000000 147.190415 -0.280085 0.959975 0.000000 -28.510395 0.000000 0.000000 1.000000 0.000000
0.960410 0.278592 0.000000 147.767383 -0.278592 0.960410 0.000000 -28.682563 0.000000 0.000000 1.000000 0.000000
0.959995 0.280018 0.000000 148.316585 -0.280018 0.959995 0.000000 -28.855056 0.000000 0.000000 1.000000 0.000000
0.960235 0.279193 0.000000 148.897855 -0.279193 0.960235 0.000000 -29.034045 0.000000 0.000000 1.000000 0.000000
0.961576 0.274540 0.000000 149.599269 -0.274540 0.961576 0.000000 -29.264344 0.000000 0.000000 1.000000 0.000000
0.961556 0.274609 0.000000 150.170898 -0.274609 0.961556 0.000000 -29.443171 0.000000 0.000000 1.000000 0.000000
0.961642 0.274306 0.000000 150.702748 -0.274306 0.961642 0.000000 -29.616686 0.000000 0.000000 1.000000 0.000000
0.961545 0.274649 0.000000 151.291238 -0.274649 0.961545 0.000000 -29.798018 0.000000 0.000000 1.000000 0.000000
0.960890 0.276931 0.000000 151.864646 -0.276931 0.960890 0.000000 -29.966504 0.000000 0.000000 1.000000 0.000000
0.960589 0.277972 0.000000 152.403654 -0.277972 0.960589 0.000000 -30.117907 0.000000 0.000000 1.000000 0.000000
0.960402 0.278619 0.000000 152.974966 -0.278619 0.960402 0.000000 -30.294418 0.000000 0.000000 1.000000 0.000000
0.961321 0.275429 0.000000 153.509362 -0.275429 0.961321 0.000000 -30.449446 0.000000 0.000000 1.000000 0.000000
0.960831 0.277135 0.000000 154.081402 -0.277135 0.960831 0.000000 -30.621350 0.000000 0.000000 1.000000 0.000000
0.960253 0.279132 0.000000 154.646970 -0.279132 0.960253 0.000000 -30.792370 0.000000 0.000000 1.000000 0.000000
0.959227 0.282638 0.000000 155.366108 -0.282638 0.959227 0.000000 -31.012727 0.000000 0.000000 1.000000 0.000000
0.958425 0.285345 0.000000 155.896548 -0.285345 0.958425 0.000000 -31.162681 0.000000 0.000000 1.000000 0.000000
0.957999 0.286773 0.000000 156.450131 -0.286773 0.957999 0.000000 -31.341573 0.000000 0.000000 1.000000 0.000000
0.957555 0.288249 0.000000 156.968465 -0.288249 0.957555 0.000000 -31.512425 0.000000 0.000000 1.000000 0.000000
0.957364 0.288884 0.000000 157.522004 -0.288884 0.957364 0.000000 -31.692381 0.000000 0.000000 1.000000 0.000000
0.957967 0.286878 0.000000 158.047028 -0.286878 0.957967 0.000000 -31.849016 0.000000 0.000000 1.000000 0.000000
0.957628 0.288007 0.000000 158.763001 -0.288007 0.957628 0.000000 -32.072355 0.000000 0.000000 1.000000 0.000000
0.957557 0.288244 0.000000 159.284851 -0.288244 0.957557 0.000000 -32.233718 0.000000 0.000000 1.000000 0.000000
0.955452 0.295147 0.000000 159.834367 -0.295147 0.955452 0.000000 -32.412948 0.000000 0.000000 1.000000 0.000000
0.955421 0.295248 0.000000 160.352878 -0.295248 0.955421 0.000000 -32.565523 0.000000 0.000000 1.000000 0.000000
0.956429 0.291964 0.000000 160.904693 -0.291964 0.956429 0.000000 -32.726400 0.000000 0.000000 1.000000 0.000000
0.956320 0.292323 0.000000 161.420719 -0.292323 0.956320 0.000000 -32.883739 0.000000 0.000000 1.000000 0.000000
0.956001 0.293365 0.000000 162.160297 -0.293365 0.956001 0.000000 -33.109286 0.000000 0.000000 1.000000 0.000000
0.955195 0.295978 0.000000 162.712694 -0.295978 0.955195 0.000000 -33.279870 0.000000 0.000000 1.000000 0.000000
0.956364 0.292179 0.000000 163.264682 -0.292179 0.956364 0.000000 -33.457325 0.000000 0.000000 1.000000 0.000000
0.957074 0.289843 0.000000 163.811620 -0.289843 0.957074 0.000000 -33.624280 0.000000 0.000000 1.000000 0.000000
0.957804 0.287422 0.000000 164.360410 -0.287422 0.957804 0.000000 -33.790186 0.000000 0.000000 1.000000 0.000000
0.956919 0.290355 0.000000 164.899536 -0.290355 0.956919 0.000000 -33.966440 0.000000 0.000000 1.000000 0.000000
0.957050 0.289923 0.000000 165.447553 -0.289923 0.957050 0.000000 -34.139146 0.000000 0.000000 1.000000 0.000000
0.957999 0.286770 0.000000 165.973162 -0.286770 0.957999 0.000000 -34.305286 0.000000 0.000000 1.000000 0.000000
0.959144 0.282917 0.000000 166.514627 -0.282917 0.959144 0.000000 -34.470945 0.000000 0.000000 1.000000 0.000000
0.959249 0.282563 0.000000 167.068393 -0.282563 0.959249 0.000000 -34.647810 0.000000 0.000000 1.000000 0.000000
0.959517 0.281652 0.000000 167.582285 -0.281652 0.959517 0.000000 -34.813138 0.000000 0.000000 1.000000 0.000000
0.959789 0.280723 0.000000 168.140824 -0.280723 0.959789 0.000000 -34.978666 0.000000 0.000000 1.000000 0.000000
0.960760 0.277382 0.000000 168.661978 -0.277382 0.960760 0.000000 -35.134438 0.000000 0.000000 1.000000 0.000000
0.960713 0.277544 0.000000 169.209446 -0.277544 0.960713 0.000000 -35.312463 0.000000 0.000000 1.000000 0.000000
0.962058 0.272846 0.000000 169.748178 -0.272846 0.962058 0.000000 -35.498591 0.000000 0.000000 1.000000 0.000000
0.963413 0.268023 0.000000 170.311160 -0.268023 0.963413 0.000000 -35.674125 0.000000 0.000000 1.000000 0.000000
0.964488 0.264127 0.000000 170.825538 -0.264127 0.964488 0.000000 -35.817032 0.000000 0.000000 1.000000 0.000000
0.965495 0.260420 0.000000 171.369882 -0.260420 0.965495 0.000000 -35.967526 0.000000 0.000000 1.000000 0.000000
0.966653 0.256089 0.000000 171.875527 -0.256089 0.966653 0.000000 -36.120962 0.000000 0.000000 1.000000 0.000000
0.968321 0.249709 0.000000 172.430380 -0.249709 0.968321 0.000000 -36.276184 0.000000 0.000000 1.000000 0.000000
0.969550 0.244893 0.000000 173.147277 -0.244893 0.969550 0.000000 -36.471670 0.000000 0.000000 1.000000 0.000000
0.969991 0.243141 0.000000 173.703764 -0.243141 0.969991 0.000000 -36.606757 0.000000 0.000000 1.000000 0.000000
0.970646 0.240511 0.000000 174.206698 -0.240511 0.970646 0.000000 -36.753488 0.000000 0.000000 1.000000 0.000000
0.970387 0.241554 0.000000 174.773134 -0.241554 0.970387 0.000000 -36.902367 0.000000 0.000000 1.000000 0.000000
0.970724 0.240200 0.000000 175.470077 -0.240200 0.970724 0.000000 -37.085450 0.000000 0.000000 1.000000 0.000000
0.971875 0.235498 0.000000 176.562802 -0.235498 0.971875 0.000000 -37.370535 0.000000 0.000000 1.000000 0.000000
0.972409 0.233282 0.000000 177.112929 -0.233282 0.972409 0.000000 -37.511300 0.000000 0.000000 1.000000 0.000000
0.973004 0.230790 0.000000 177.658095 -0.230790 0.973004 0.000000 -37.647977 0.000000 0.000000 1.000000 0.000000
0.972773 0.231759 0.000000 178.195195 -0.231759 0.972773 0.000000 -37.793271 0.000000 0.000000 1.000000 0.000000
0.973287 0.229591 0.000000 178.740419 -0.229591 0.973287 0.000000 -37.936057 0.000000 0.000000 1.000000 0.000000
0.973744 0.227647 0.000000 179.283252 -0.227647 0.973744 0.000000 -38.064494 0.000000 0.000000 1.000000 0.000000
0.973473 0.228804 0.000000 179.835074 -0.228804 0.973473 0.000000 -38.196161 0.000000 0.000000 1.000000 0.000000
0.973554 0.228455 0.000000 180.377476 -0.228455 0.973554 0.000000 -38.332677 0.000000 0.000000 1.000000 0.000000
0.973365 0.229263 0.000000 180.875438 -0.229263 0.973365 0.000000 -38.461005 0.000000 0.000000 1.000000 0.000000
0.972991 0.230844 0.000000 181.364295 -0.230844 0.972991 0.000000 -38.585159 0.000000 0.000000 1.000000 0.000000
0.973028 0.230687 0.000000 181.899858 -0.230687 0.973028 0.000000 -38.724314 0.000000 0.000000 1.000000 0.000000
0.973364 0.229264 0.000000 182.403948 -0.229264 0.973364 0.000000 -38.843070 0.000000 0.000000 1.000000 0.000000
0.973797 0.227420 0.000000 182.938240 -0.227420 0.973797 0.000000 -38.968342 0.000000 0.000000 1.000000 0.000000
0.974119 0.226036 0.000000 183.451378 -0.226036 0.974119 0.000000 -39.084635 0.000000 0.000000 1.000000 0.000000
0.973919 0.226894 0.000000 183.988277 -0.226894 0.973919 0.000000 -39.213218 0.000000 0.000000 1.000000 0.000000
0.973986 0.226610 0.000000 184.484274 -0.226610 0.973986 0.000000 -39.333116 0.000000 0.000000 1.000000 0.000000
0.974832 0.222942 0.000000 185.022502 -0.222942 0.974832 0.000000 -39.453964 0.000000 0.000000 1.000000 0.000000
0.975190 0.221370 0.000000 185.506389 -0.221370 0.975190 0.000000 -39.577995 0.000000 0.000000 1.000000 0.000000
0.975250 0.221105 0.000000 186.036513 -0.221105 0.975250 0.000000 -39.698249 0.000000 0.000000 1.000000 0.000000
0.975042 0.222021 0.000000 186.527563 -0.222021 0.975042 0.000000 -39.801477 0.000000 0.000000 1.000000 0.000000
0.974776 0.223185 0.000000 187.055431 -0.223185 0.974776 0.000000 -39.909335 0.000000 0.000000 1.000000 0.000000
0.975019 0.222123 0.000000 187.698303 -0.222123 0.975019 0.000000 -40.071888 0.000000 0.000000 1.000000 0.000000
0.976015 0.217701 0.000000 188.215521 -0.217701 0.976015 0.000000 -40.204551 0.000000 0.000000 1.000000 0.000000
0.977000 0.213240 0.000000 188.730057 -0.213240 0.977000 0.000000 -40.325319 0.000000 0.000000 1.000000 0.000000
0.977233 0.212171 0.000000 189.214595 -0.212171 0.977233 0.000000 -40.433453 0.000000 0.000000 1.000000 0.000000
0.978720 0.205202 0.000000 189.929332 -0.205202 0.978720 0.000000 -40.590410 0.000000 0.000000 1.000000 0.000000
0.979278 0.202522 0.000000 190.446984 -0.202522 0.979278 0.000000 -40.703296 0.000000 0.000000 1.000000 0.000000
0.979868 0.199644 0.000000 190.960571 -0.199644 0.979868 0.000000 -40.812339 0.000000 0.000000 1.000000 0.000000
0.979926 0.199360 0.000000 191.470532 -0.199360 0.979926 0.000000 -40.932433 0.000000 0.000000 1.000000 0.000000
0.981313 0.192417 0.000000 191.983848 -0.192417 0.981313 0.000000 -41.031920 0.000000 0.000000 1.000000 0.000000
0.983571 0.180520 0.000000 192.995725 -0.180520 0.983571 0.000000 -41.234221 0.000000 0.000000 1.000000 0.000000
0.984263 0.176707 0.000000 193.493997 -0.176707 0.984263 0.000000 -41.303978 0.000000 0.000000 1.000000 0.000000
0.985725 0.168363 0.000000 193.986779 -0.168363 0.985725 0.000000 -41.398152 0.000000 0.000000 1.000000 0.000000
0.987075 0.160260 0.000000 194.446730 -0.160260 0.987075 0.000000 -41.474616 0.000000 0.000000 1.000000 0.000000
0.988241 0.152901 0.000000 194.938445 -0.152901 0.988241 0.000000 -41.554392 0.000000 0.000000 1.000000 0.000000
0.989608 0.143790 0.000000 195.405746 -0.143790 0.989608 0.000000 -41.629714 0.000000 0.000000 1.000000 0.000000
0.992236 0.124368 0.000000 196.353191 -0.124368 0.992236 0.000000 -41.759923 0.000000 0.000000 1.000000 0.000000
0.993291 0.115646 0.000000 196.844425 -0.115646 0.993291 0.000000 -41.830147 0.000000 0.000000 1.000000 0.000000
0.994512 0.104623 0.000000 197.293603 -0.104623 0.994512 0.000000 -41.888156 0.000000 0.000000 1.000000 0.000000
0.995651 0.093156 0.000000 197.976956 -0.093156 0.995651 0.000000 -41.958636 0.000000 0.000000 1.000000 0.000000
0.996625 0.082084 0.000000 198.451587 -0.082084 0.996625 0.000000 -42.019784 0.000000 0.000000 1.000000 0.000000
0.997438 0.071533 0.000000 198.926162 -0.071533 0.997438 0.000000 -42.060256 0.000000 0.000000 1.000000 0.000000
0.998119 0.061314 0.000000 199.371687 -0.061314 0.998119 0.000000 -42.090152 0.000000 0.000000 1.000000 0.000000
0.998610 0.052710 0.000000 199.844625 -0.052710 0.998610 0.000000 -42.127354 0.000000 0.000000 1.000000 0.000000
0.999313 0.037064 0.000000 200.318256 -0.037064 0.999313 0.000000 -42.176620 0.000000 0.000000 1.000000 0.000000
