0.999998 0.001776 0.000000 0.582918 -0.001776 0.999998 0.000000 -0.014214 0.000000 0.000000 1.000000 0.000000
0.999999 0.001007 0.000000 1.173023 -0.001007 0.999999 0.000000 -0.026711 0.000000 0.000000 1.000000 0.000000
0.999996 0.002847 0.000000 1.743149 -0.002847 0.999996 0.000000 -0.041533 0.000000 0.000000 1.000000 0.000000
0.999990 0.004488 0.000000 2.303508 -0.004488 0.999990 0.000000 -0.049083 0.000000 0.000000 1.000000 0.000000
0.999987 0.005129 0.000000 2.875544 -0.005129 0.999987 0.000000 -0.063314 0.000000 0.000000 1.000000 0.000000
0.999992 0.004081 0.000000 3.462448 -0.004081 0.999992 0.000000 -0.076522 0.000000 0.000000 1.000000 0.000000
0.999973 0.007367 0.000000 3.989873 -0.007367 0.999973 0.000000 -0.078930 0.000000 0.000000 1.000000 0.000000
0.999903 0.013959 0.000000 4.586520 -0.013959 0.999903 0.000000 -0.062932 0.000000 0.000000 1.000000 0.000000
0.999859 0.016820 0.000000 5.731634 -0.016820 0.999859 0.000000 -0.125051 0.000000 0.000000 1.000000 0.000000
0.999830 0.018431 0.000000 6.322517 -0.018431 0.999830 0.000000 -0.128131 0.000000 0.000000 1.000000 0.000000
0.999795 0.020262 0.000000 7.128248 -0.020262 0.999795 0.000000 -0.147948 0.000000 0.000000 1.000000 0.000000
0.999791 0.020461 0.000000 7.689893 -0.020461 0.999791 0.000000 -0.147226 0.000000 0.000000 1.000000 0.000000
0.999775 0.021232 0.000000 8.278135 -0.021232 0.999775 0.000000 -0.187467 0.000000 0.000000 1.000000 0.000000
0.999762 0.021801 0.000000 8.859962 -0.021801 0.999762 0.000000 -0.199432 0.000000 0.000000 1.000000 0.000000
0.999741 0.022746 0.000000 9.411331 -0.022746 0.999741 0.000000 -0.222188 0.000000 0.000000 1.000000 0.000000
0.999719 0.023702 0.000000 10.003156 -0.023702 0.999719 0.000000 -0.255230 0.000000 0.000000 1.000000 0.000000
0.999685 0.025107 0.000000 10.549850 -0.025107 0.999685 0.000000 -0.259702 0.000000 0.000000 1.000000 0.000000
0.999677 0.025402 0.000000 11.127800 -0.025402 0.999677 0.000000 -0.282116 0.000000 0.000000 1.000000 0.000000
0.999632 0.027141 0.000000 11.680189 -0.027141 0.999632 0.000000 -0.296338 0.000000 0.000000 1.000000 0.000000
0.999649 0.026493 0.000000 12.252878 -0.026493 0.999649 0.000000 -0.314230 0.000000 0.000000 1.000000 0.000000
0.999603 0.028192 0.000000 12.836673 -0.028192 0.999603 0.000000 -0.327960 0.000000 0.000000 1.000000 0.000000
0.999546 0.030119 0.000000 13.607461 -0.030119 0.999546 0.000000 -0.351190 0.000000 0.000000 1.000000 0.000000
0.999511 0.031260 0.000000 14.229859 -0.031260 0.999511 0.000000 -0.362206 0.000000 0.000000 1.000000 0.000000
0.999500 0.031607 0.000000 14.782940 -0.031607 0.999500 0.000000 -0.377607 0.000000 0.000000 1.000000 0.000000
0.999426 0.033887 0.000000 15.388675 -0.033887 0.999426 0.000000 -0.382166 0.000000 0.000000 1.000000 0.000000
0.999391 0.034886 0.000000 15.968112 -0.034886 0.999391 0.000000 -0.392559 0.000000 0.000000 1.000000 0.000000
0.999380 0.035211 0.000000 16.545131 -0.035211 0.999380 0.000000 -0.403100 0.000000 0.000000 1.000000 0.000000
0.999268 0.038247 0.000000 17.124537 -0.038247 0.999268 0.000000 -0.418768 0.000000 0.000000 1.000000 0.000000
0.999234 0.039125 0.000000 17.705190 -0.039125 0.999234 0.000000 -0.467044 0.000000 0.000000 1.000000 0.000000
0.999160 0.040982 0.000000 18.282490 -0.040982 0.999160 0.000000 -0.471341 0.000000 0.000000 1.000000 0.000000
0.999155 0.041107 0.000000 18.860504 -0.041107 0.999155 0.000000 -0.504432 0.000000 0.000000 1.000000 0.000000
0.999048 0.043624 0.000000 19.425870 -0.043624 0.999048 0.000000 -0.542364 0.000000 0.000000 1.000000 0.000000
0.998968 0.045410 0.000000 19.996876 -0.045410 0.998968 0.000000 -0.580582 0.000000 0.000000 1.000000 0.000000
0.998972 0.045322 0.000000 20.539147 -0.045322 0.998972 0.000000 -0.616395 0.000000 0.000000 1.000000 0.000000
0.998764 0.049711 0.000000 21.106836 -0.049711 0.998764 0.000000 -0.662381 0.000000 0.000000 1.000000 0.000000
0.998699 0.050983 0.000000 22.204999 -0.050983 0.998699 0.000000 -0.706282 0.000000 0.000000 1.000000 0.000000
0.998745 0.050086 0.000000 23.135906 -0.050086 0.998745 0.000000 -0.767391 0.000000 0.000000 1.000000 0.000000
0.998785 0.049282 0.000000 23.709860 -0.049282 0.998785 0.000000 -0.810883 0.000000 0.000000 1.000000 0.000000
0.998658 0.051785 0.000000 24.263006 -0.051785 0.998658 0.000000 -0.849995 0.000000 0.000000 1.000000 0.000000
0.998481 0.055100 0.000000 24.819930 -0.055100 0.998481 0.000000 -0.953796 0.000000 0.000000 1.000000 0.000000
0.998689 0.051184 0.000000 25.382425 -0.051184 0.998689 0.000000 -1.021212 0.000000 0.000000 1.000000 0.000000
0.998750 0.049976 0.000000 25.992208 -0.049976 0.998750 0.000000 -1.075083 0.000000 0.000000 1.000000 0.000000
0.998246 0.059205 0.000000 26.544146 -0.059205 0.998246 0.000000 -1.118374 0.000000 0.000000 1.000000 0.000000
0.997393 0.072166 0.000000 27.658208 -0.072166 0.997393 0.000000 -1.214433 0.000000 0.000000 1.000000 0.000000
0.997603 0.069194 0.000000 28.228647 -0.069194 0.997603 0.000000 -1.265575 0.000000 0.000000 1.000000 0.000000
0.997488 0.070830 0.000000 28.788659 -0.070830 0.997488 0.000000 -1.311728 0.000000 0.000000 1.000000 0.000000
0.997489 0.070818 0.000000 29.324486 -0.070818 0.997489 0.000000 -1.359271 0.000000 0.000000 1.000000 0.000000
0.997584 0.069470 0.000000 29.882153 -0.069470 0.997584 0.000000 -1.416843 0.000000 0.000000 1.000000 0.000000
0.997145 0.075516 0.000000 30.782510 -0.075516 0.997145 0.000000 -1.489335 0.000000 0.000000 1.000000 0.000000
0.997138 0.075606 0.000000 31.378878 -0.075606 0.997138 0.000000 -1.541820 0.000000 0.000000 1.000000 0.000000
0.997045 0.076822 0.000000 31.937995 -0.076822 0.997045 0.000000 -1.606858 0.000000 0.000000 1.000000 0.000000
0.997081 0.076348 0.000000 32.491042 -0.076348 0.997081 0.000000 -1.673257 0.000000 0.000000 1.000000 0.000000
0.996963 0.077873 0.000000 33.065105 -0.077873 0.996963 0.000000 -1.721628 0.000000 0.000000 1.000000 0.000000
0.996957 0.077951 0.000000 33.627321 -0.077951 0.996957 0.000000 -1.788024 0.000000 0.000000 1.000000 0.000000
0.996779 0.080198 0.000000 34.196589 -0.080198 0.996779 0.000000 -1.829216 0.000000 0.000000 1.000000 0.000000
0.996937 0.078203 0.000000 34.765670 -0.078203 0.996937 0.000000 -1.888892 0.000000 0.000000 1.000000 0.000000
0.996736 0.080733 0.000000 35.320280 -0.080733 0.996736 0.000000 -1.925747 0.000000 0.000000 1.000000 0.000000
0.996602 0.082364 0.000000 35.845834 -0.082364 0.996602 0.000000 -1.976337 0.000000 0.000000 1.000000 0.000000
0.996376 0.085061 0.000000 36.788661 -0.085061 0.996376 0.000000 -2.067916 0.000000 0.000000 1.000000 0.000000
0.995961 0.089782 0.000000 37.339318 -0.089782 0.995961 0.000000 -2.154002 0.000000 0.000000 1.000000 0.000000
0.995812 0.091420 0.000000 37.901260 -0.091420 0.995812 0.000000 -2.197203 0.000000 0.000000 1.000000 0.000000
0.995739 0.092215 0.000000 38.467417 -0.092215 0.995739 0.000000 -2.250668 0.000000 0.000000 1.000000 0.000000
0.995492 0.094846 0.000000 39.019210 -0.094846 0.995492 0.000000 -2.286353 0.000000 0.000000 1.000000 0.000000
0.995371 0.096111 0.000000 39.575304 -0.096111 0.995371 0.000000 -2.355261 0.000000 0.000000 1.000000 0.000000
0.995244 0.097415 0.000000 40.168208 -0.097415 0.995244 0.000000 -2.419838 0.000000 0.000000 1.000000 0.000000
0.995220 0.097662 0.000000 40.693936 -0.097662 0.995220 0.000000 -2.501653 0.000000 0.000000 1.000000 0.000000
0.995190 0.097961 0.000000 41.242116 -0.097961 0.995190 0.000000 -2.552594 0.000000 0.000000 1.000000 0.000000
0.995272 0.097128 0.000000 41.803893 -0.097128 0.995272 0.000000 -2.606172 0.000000 0.000000 1.000000 0.000000
0.994900 0.100866 0.000000 42.355533 -0.100866 0.994900 0.000000 -2.662440 0.000000 0.000000 1.000000 0.000000
0.994785 0.101992 0.000000 42.889817 -0.101992 0.994785 0.000000 -2.709206 0.000000 0.000000 1.000000 0.000000
0.994650 0.103306 0.000000 43.445722 -0.103306 0.994650 0.000000 -2.766502 0.000000 0.000000 1.000000 0.000000
0.994726 0.102566 0.000000 43.965566 -0.102566 0.994726 0.000000 -2.830119 0.000000 0.000000 1.000000 0.000000
0.994759 0.102250 0.000000 44.919220 -0.102250 0.994759 0.000000 -2.934228 0.000000 0.000000 1.000000 0.000000
0.994656 0.103241 0.000000 45.457328 -0.103241 0.994656 0.000000 -3.008475 0.000000 0.000000 1.000000 0.000000
0.994364 0.106022 0.000000 46.019896 -0.106022 0.994364 0.000000 -3.091508 0.000000 0.000000 1.000000 0.000000
0.994603 0.103749 0.000000 47.107971 -0.103749 0.994603 0.000000 -3.182396 0.000000 0.000000 1.000000 0.000000
0.993972 0.109632 0.000000 47.678087 -0.109632 0.993972 0.000000 -3.243076 0.000000 0.000000 1.000000 0.000000
0.993892 0.110359 0.000000 48.165563 -0.110359 0.993892 0.000000 -3.314794 0.000000 0.000000 1.000000 0.000000
0.993963 0.109717 0.000000 49.183234 -0.109717 0.993963 0.000000 -3.428588 0.000000 0.000000 1.000000 0.000000
0.993868 0.110574 0.000000 49.704909 -0.110574 0.993868 0.000000 -3.500152 0.000000 0.000000 1.000000 0.000000
0.993890 0.110373 0.000000 50.216107 -0.110373 0.993890 0.000000 -3.556859 0.000000 0.000000 1.000000 0.000000
0.993869 0.110560 0.000000 50.700051 -0.110560 0.993869 0.000000 -3.621102 0.000000 0.000000 1.000000 0.000000
0.993548 0.113414 0.000000 51.609246 -0.113414 0.993548 0.000000 -3.747171 0.000000 0.000000 1.000000 0.000000
0.993762 0.111524 0.000000 52.103008 -0.111524 0.993762 0.000000 -3.842862 0.000000 0.000000 1.000000 0.000000
0.993343 0.115195 0.000000 52.609459 -0.115195 0.993343 0.000000 -3.884342 0.000000 0.000000 1.000000 0.000000
0.992774 0.119996 0.000000 53.096964 -0.119996 0.992774 0.000000 -3.936365 0.000000 0.000000 1.000000 0.000000
0.992797 0.119806 0.000000 53.581720 -0.119806 0.992797 0.000000 -4.013136 0.000000 0.000000 1.000000 0.000000
0.992721 0.120436 0.000000 54.048907 -0.120436 0.992721 0.000000 -4.065195 0.000000 0.000000 1.000000 0.000000
0.992383 0.123189 0.000000 54.519448 -0.123189 0.992383 0.000000 -4.129879 0.000000 0.000000 1.000000 0.000000
0.991880 0.127174 0.000000 55.230659 -0.127174 0.991880 0.000000 -4.235217 0.000000 0.000000 1.000000 0.000000
0.991861 0.127323 0.000000 55.656591 -0.127323 0.991861 0.000000 -4.289210 0.000000 0.000000 1.000000 0.000000
0.991893 0.127076 0.000000 56.107602 -0.127076 0.991893 0.000000 -4.356485 0.000000 0.000000 1.000000 0.000000
0.991931 0.126778 0.000000 56.559207 -0.126778 0.991931 0.000000 -4.425048 0.000000 0.000000 1.000000 0.000000
0.991764 0.128081 0.000000 56.984320 -0.128081 0.991764 0.000000 -4.480226 0.000000 0.000000 1.000000 0.000000
0.991939 0.126713 0.000000 57.407670 -0.126713 0.991939 0.000000 -4.555716 0.000000 0.000000 1.000000 0.000000
0.992090 0.125532 0.000000 58.125468 -0.125532 0.992090 0.000000 -4.661903 0.000000 0.000000 1.000000 0.000000
0.991866 0.127289 0.000000 58.492566 -0.127289 0.991866 0.000000 -4.697707 0.000000 0.000000 1.000000 0.000000
0.991702 0.128556 0.000000 58.937551 -0.128556 0.991702 0.000000 -4.769406 0.000000 0.000000 1.000000 0.000000
0.991604 0.129314 0.000000 59.342355 -0.129314 0.991604 0.000000 -4.831609 0.000000 0.000000 1.000000 0.000000
0.991459 0.130419 0.000000 59.736334 -0.130419 0.991459 0.000000 -4.875661 0.000000 0.000000 1.000000 0.000000
0.991304 0.131593 0.000000 60.119368 -0.131593 0.991304 0.000000 -4.915548 0.000000 0.000000 1.000000 0.000000
0.991143 0.132799 0.000000 60.507605 -0.132799 0.991143 0.000000 -4.971769 0.000000 0.000000 1.000000 0.000000
0.991358 0.131183 0.000000 60.872471 -0.131183 0.991358 0.000000 -5.035586 0.000000 0.000000 1.000000 0.000000
0.991126 0.132927 0.000000 61.235682 -0.132927 0.991126 0.000000 -5.105126 0.000000 0.000000 1.000000 0.000000
0.990875 0.134786 0.000000 61.600895 -0.134786 0.990875 0.000000 -5.157634 0.000000 0.000000 1.000000 0.000000
0.990259 0.139237 0.000000 62.266057 -0.139237 0.990259 0.000000 -5.248998 0.000000 0.000000 1.000000 0.000000
0.990440 0.137943 0.000000 62.599192 -0.137943 0.990440 0.000000 -5.301026 0.000000 0.000000 1.000000 0.000000
0.990464 0.137774 0.000000 62.897382 -0.137774 0.990464 0.000000 -5.339851 0.000000 0.000000 1.000000 0.000000
0.990485 0.137622 0.000000 63.218801 -0.137622 0.990485 0.000000 -5.391481 0.000000 0.000000 1.000000 0.000000
0.990178 0.139814 0.000000 63.543946 -0.139814 0.990178 0.000000 -5.451016 0.000000 0.000000 1.000000 0.000000
0.989977 0.141227 0.000000 63.847087 -0.141227 0.989977 0.000000 -5.498650 0.000000 0.000000 1.000000 0.000000
0.989098 0.147255 0.000000 64.167804 -0.147255 0.989098 0.000000 -5.525582 0.000000 0.000000 1.000000 0.000000
0.988987 0.148002 0.000000 64.485823 -0.148002 0.988987 0.000000 -5.565590 0.000000 0.000000 1.000000 0.000000
0.989299 0.145905 0.000000 64.995874 -0.145905 0.989299 0.000000 -5.666119 0.000000 0.000000 1.000000 0.000000
0.989360 0.145487 0.000000 65.288657 -0.145487 0.989360 0.000000 -5.706401 0.000000 0.000000 1.000000 0.000000
0.989057 0.147533 0.000000 65.590798 -0.147533 0.989057 0.000000 -5.763094 0.000000 0.000000 1.000000 0.000000
0.988707 0.149863 0.000000 65.899181 -0.149863 0.988707 0.000000 -5.805562 0.000000 0.000000 1.000000 0.000000
0.988706 0.149870 0.000000 66.191472 -0.149870 0.988706 0.000000 -5.839494 0.000000 0.000000 1.000000 0.000000
0.988435 0.151643 0.000000 66.465707 -0.151643 0.988435 0.000000 -5.886334 0.000000 0.000000 1.000000 0.000000
0.988340 0.152263 0.000000 66.761870 -0.152263 0.988340 0.000000 -5.944124 0.000000 0.000000 1.000000 0.000000
0.988038 0.154211 0.000000 67.031431 -0.154211 0.988038 0.000000 -6.000999 0.000000 0.000000 1.000000 0.000000
0.987857 0.155363 0.000000 67.295532 -0.155363 0.987857 0.000000 -6.051310 0.000000 0.000000 1.000000 0.000000
0.987322 0.158731 0.000000 67.756295 -0.158731 0.987322 0.000000 -6.126873 0.000000 0.000000 1.000000 0.000000
0.987355 0.158527 0.000000 67.991911 -0.158527 0.987355 0.000000 -6.170382 0.000000 0.000000 1.000000 0.000000
0.987113 0.160025 0.000000 68.265904 -0.160025 0.987113 0.000000 -6.220926 0.000000 0.000000 1.000000 0.000000
0.987139 0.159865 0.000000 68.533730 -0.159865 0.987139 0.000000 -6.266584 0.000000 0.000000 1.000000 0.000000
0.986973 0.160884 0.000000 68.791638 -0.160884 0.986973 0.000000 -6.322877 0.000000 0.000000 1.000000 0.000000
0.986842 0.161690 0.000000 69.046545 -0.161690 0.986842 0.000000 -6.369348 0.000000 0.000000 1.000000 0.000000
0.986703 0.162535 0.000000 69.306640 -0.162535 0.986703 0.000000 -6.415368 0.000000 0.000000 1.000000 0.000000
0.986794 0.161978 0.000000 69.569861 -0.161978 0.986794 0.000000 -6.462085 0.000000 0.000000 1.000000 0.000000
0.986349 0.164667 0.000000 69.806316 -0.164667 0.986349 0.000000 -6.505893 0.000000 0.000000 1.000000 0.000000
0.986259 0.165207 0.000000 70.060143 -0.165207 0.986259 0.000000 -6.537630 0.000000 0.000000 1.000000 0.000000
0.986127 0.165995 0.000000 70.304058 -0.165995 0.986127 0.000000 -6.581984 0.000000 0.000000 1.000000 0.000000
0.986111 0.166086 0.000000 70.568127 -0.166086 0.986111 0.000000 -6.614523 0.000000 0.000000 1.000000 0.000000
0.985662 0.168729 0.000000 70.994141 -0.168729 0.985662 0.000000 -6.710418 0.000000 0.000000 1.000000 0.000000
0.985493 0.169717 0.000000 71.259700 -0.169717 0.985493 0.000000 -6.765420 0.000000 0.000000 1.000000 0.000000
0.985484 0.169771 0.000000 71.525468 -0.169771 0.985484 0.000000 -6.828158 0.000000 0.000000 1.000000 0.000000
0.985255 0.171093 0.000000 71.784702 -0.171093 0.985255 0.000000 -6.870881 0.000000 0.000000 1.000000 0.000000
0.985205 0.171382 0.000000 72.059879 -0.171382 0.985205 0.000000 -6.929681 0.000000 0.000000 1.000000 0.000000
0.985104 0.171962 0.000000 72.340808 -0.171962 0.985104 0.000000 -6.984136 0.000000 0.000000 1.000000 0.000000
0.984960 0.172782 0.000000 72.597302 -0.172782 0.984960 0.000000 -7.042366 0.000000 0.000000 1.000000 0.000000
0.984921 0.173003 0.000000 72.884902 -0.173003 0.984921 0.000000 -7.100652 0.000000 0.000000 1.000000 0.000000
0.984450 0.175662 0.000000 73.164704 -0.175662 0.984450 0.000000 -7.156923 0.000000 0.000000 1.000000 0.000000
0.984311 0.176444 0.000000 73.412661 -0.176444 0.984311 0.000000 -7.225355 0.000000 0.000000 1.000000 0.000000
0.984287 0.176578 0.000000 73.696765 -0.176578 0.984287 0.000000 -7.260650 0.000000 0.000000 1.000000 0.000000
0.983823 0.179146 0.000000 73.959796 -0.179146 0.983823 0.000000 -7.294005 0.000000 0.000000 1.000000 0.000000
0.983680 0.179926 0.000000 74.734703 -0.179926 0.983680 0.000000 -7.444265 0.000000 0.000000 1.000000 0.000000
0.983117 0.182981 0.000000 75.022205 -0.182981 0.983117 0.000000 -7.492349 0.000000 0.000000 1.000000 0.000000
0.982647 0.185484 0.000000 75.317562 -0.185484 0.982647 0.000000 -7.530290 0.000000 0.000000 1.000000 0.000000
0.982414 0.186717 0.000000 75.603211 -0.186717 0.982414 0.000000 -7.571687 0.000000 0.000000 1.000000 0.000000
0.982734 0.185022 0.000000 75.900412 -0.185022 0.982734 0.000000 -7.637648 0.000000 0.000000 1.000000 0.000000
0.982150 0.188100 0.000000 76.469798 -0.188100 0.982150 0.000000 -7.773191 0.000000 0.000000 1.000000 0.000000
0.981682 0.190527 0.000000 76.760351 -0.190527 0.981682 0.000000 -7.833905 0.000000 0.000000 1.000000 0.000000
0.981767 0.190086 0.000000 77.048436 -0.190086 0.981767 0.000000 -7.895470 0.000000 0.000000 1.000000 0.000000
0.981542 0.191246 0.000000 77.509982 -0.191246 0.981542 0.000000 -7.990044 0.000000 0.000000 1.000000 0.000000
0.980831 0.194859 0.000000 77.835589 -0.194859 0.980831 0.000000 -8.044745 0.000000 0.000000 1.000000 0.000000
0.979034 0.203695 0.000000 78.371501 -0.203695 0.979034 0.000000 -8.175610 0.000000 0.000000 1.000000 0.000000
0.978956 0.204071 0.000000 78.700162 -0.204071 0.978956 0.000000 -8.269525 0.000000 0.000000 1.000000 0.000000
0.978938 0.204157 0.000000 79.043364 -0.204157 0.978938 0.000000 -8.324336 0.000000 0.000000 1.000000 0.000000
0.977618 0.210389 0.000000 79.360227 -0.210389 0.977618 0.000000 -8.394701 0.000000 0.000000 1.000000 0.000000
0.977669 0.210151 0.000000 79.706330 -0.210151 0.977669 0.000000 -8.468302 0.000000 0.000000 1.000000 0.000000
0.977089 0.212833 0.000000 80.273025 -0.212833 0.977089 0.000000 -8.588940 0.000000 0.000000 1.000000 0.000000
0.977662 0.210184 0.000000 80.627757 -0.210184 0.977662 0.000000 -8.648876 0.000000 0.000000 1.000000 0.000000
0.977489 0.210984 0.000000 81.012598 -0.210984 0.977489 0.000000 -8.737871 0.000000 0.000000 1.000000 0.000000
0.977196 0.212341 0.000000 81.366777 -0.212341 0.977196 0.000000 -8.822414 0.000000 0.000000 1.000000 0.000000
0.976980 0.213333 0.000000 82.005413 -0.213333 0.976980 0.000000 -8.993501 0.000000 0.000000 1.000000 0.000000
0.976757 0.214349 0.000000 82.654036 -0.214349 0.976757 0.000000 -9.132968 0.000000 0.000000 1.000000 0.000000
0.977194 0.212349 0.000000 83.042596 -0.212349 0.977194 0.000000 -9.236693 0.000000 0.000000 1.000000 0.000000
0.977348 0.211637 0.000000 83.460956 -0.211637 0.977348 0.000000 -9.316268 0.000000 0.000000 1.000000 0.000000
0.976700 0.214611 0.000000 83.854585 -0.214611 0.976700 0.000000 -9.410111 0.000000 0.000000 1.000000 0.000000
0.976545 0.215315 0.000000 84.265980 -0.215315 0.976545 0.000000 -9.528660 0.000000 0.000000 1.000000 0.000000
0.976213 0.216816 0.000000 84.672129 -0.216816 0.976213 0.000000 -9.615622 0.000000 0.000000 1.000000 0.000000
0.976541 0.215330 0.000000 85.116165 -0.215330 0.976541 0.000000 -9.724802 0.000000 0.000000 1.000000 0.000000
0.977681 0.210094 0.000000 85.805082 -0.210094 0.977681 0.000000 -9.869440 0.000000 0.000000 1.000000 0.000000
0.977340 0.211675 0.000000 86.606065 -0.211675 0.977340 0.000000 -10.062600 0.000000 0.000000 1.000000 0.000000
0.977519 0.210845 0.000000 87.068963 -0.210845 0.977519 0.000000 -10.183355 0.000000 0.000000 1.000000 0.000000
0.976858 0.213889 0.000000 87.543634 -0.213889 0.976858 0.000000 -10.292035 0.000000 0.000000 1.000000 0.000000
0.976273 0.216545 0.000000 88.000708 -0.216545 0.976273 0.000000 -10.402126 0.000000 0.000000 1.000000 0.000000
0.975223 0.221223 0.000000 88.505283 -0.221223 0.975223 0.000000 -10.499978 0.000000 0.000000 1.000000 0.000000
0.975608 0.219518 0.000000 88.943169 -0.219518 0.975608 0.000000 -10.608017 0.000000 0.000000 1.000000 0.000000
0.974361 0.224991 0.000000 89.438191 -0.224991 0.974361 0.000000 -10.729841 0.000000 0.000000 1.000000 0.000000
0.973797 0.227420 0.000000 89.950698 -0.227420 0.973797 0.000000 -10.850218 0.000000 0.000000 1.000000 0.000000
0.973301 0.229533 0.000000 90.471091 -0.229533 0.973301 0.000000 -10.955004 0.000000 0.000000 1.000000 0.000000
0.972896 0.231245 0.000000 90.954665 -0.231245 0.972896 0.000000 -11.076067 0.000000 0.000000 1.000000 0.000000
0.972652 0.232265 0.000000 91.475221 -0.232265 0.972652 0.000000 -11.203791 0.000000 0.000000 1.000000 0.000000
0.971504 0.237023 0.000000 92.416740 -0.237023 0.971504 0.000000 -11.440939 0.000000 0.000000 1.000000 0.000000
0.971578 0.236722 0.000000 92.942489 -0.236722 0.971578 0.000000 -11.584103 0.000000 0.000000 1.000000 0.000000
0.971584 0.236694 0.000000 93.496902 -0.236694 0.971584 0.000000 -11.710710 0.000000 0.000000 1.000000 0.000000
0.970453 0.241292 0.000000 94.041735 -0.241292 0.970453 0.000000 -11.837989 0.000000 0.000000 1.000000 0.000000
0.969464 0.245235 0.000000 94.580433 -0.245235 0.969464 0.000000 -11.975327 0.000000 0.000000 1.000000 0.000000
0.969713 0.244247 0.000000 95.419021 -0.244247 0.969713 0.000000 -12.209644 0.000000 0.000000 1.000000 0.000000
0.969182 0.246346 0.000000 95.940320 -0.246346 0.969182 0.000000 -12.359226 0.000000 0.000000 1.000000 0.000000
0.966609 0.256257 0.000000 97.028964 -0.256257 0.966609 0.000000 -12.654701 0.000000 0.000000 1.000000 0.000000
0.965765 0.259418 0.000000 97.756845 -0.259418 0.965765 0.000000 -12.879446 0.000000 0.000000 1.000000 0.000000
0.965062 0.262022 0.000000 98.338040 -0.262022 0.965062 0.000000 -13.029566 0.000000 0.000000 1.000000 0.000000
0.963868 0.266380 0.000000 98.907406 -0.266380 0.963868 0.000000 -13.215904 0.000000 0.000000 1.000000 0.000000
0.962727 0.270474 0.000000 99.483497 -0.270474 0.962727 0.000000 -13.369197 0.000000 0.000000 1.000000 0.000000
0.962382 0.271699 0.000000 100.065427 -0.271699 0.962382 0.000000 -13.541336 0.000000 0.000000 1.000000 0.000000
0.962013 0.273003 0.000000 100.680087 -0.273003 0.962013 0.000000 -13.728575 0.000000 0.000000 1.000000 0.000000
0.961348 0.275336 0.000000 101.231674 -0.275336 0.961348 0.000000 -13.909233 0.000000 0.000000 1.000000 0.000000
0.960432 0.278515 0.000000 101.806571 -0.278515 0.960432 0.000000 -14.090326 0.000000 0.000000 1.000000 0.000000
0.959962 0.280131 0.000000 102.409834 -0.280131 0.959962 0.000000 -14.256810 0.000000 0.000000 1.000000 0.000000
0.960940 0.276756 0.000000 102.964271 -0.276756 0.960940 0.000000 -14.420500 0.000000 0.000000 1.000000 0.000000
0.961386 0.275204 0.000000 103.557873 -0.275204 0.961386 0.000000 -14.597252 0.000000 0.000000 1.000000 0.000000
0.961067 0.276316 0.000000 104.150284 -0.276316 0.961067 0.000000 -14.789176 0.000000 0.000000 1.000000 0.000000
0.960642 0.277791 0.000000 104.697220 -0.277791 0.960642 0.000000 -14.949464 0.000000 0.000000 1.000000 0.000000
0.960467 0.278394 0.000000 105.756396 -0.278394 0.960467 0.000000 -15.269115 0.000000 0.000000 1.000000 0.000000
0.960008 0.279974 0.000000 106.396349 -0.279974 0.960008 0.000000 -15.461009 0.000000 0.000000 1.000000 0.000000
0.959821 0.280612 0.000000 107.004570 -0.280612 0.959821 0.000000 -15.633768 0.000000 0.000000 1.000000 0.000000
0.959045 0.283254 0.000000 107.605665 -0.283254 0.959045 0.000000 -15.815120 0.000000 0.000000 1.000000 0.000000
0.958227 0.286009 0.000000 108.200287 -0.286009 0.958227 0.000000 -15.995727 0.000000 0.000000 1.000000 0.000000
0.958681 0.284483 0.000000 108.806694 -0.284483 0.958681 0.000000 -16.202002 0.000000 0.000000 1.000000 0.000000
0.958453 0.285250 0.000000 109.363728 -0.285250 0.958453 0.000000 -16.386354 0.000000 0.000000 1.000000 0.000000
0.958324 0.285684 0.000000 109.980881 -0.285684 0.958324 0.000000 -16.551683 0.000000 0.000000 1.000000 0.000000
0.958308 0.285739 0.000000 110.560986 -0.285739 0.958308 0.000000 -16.720272 0.000000 0.000000 1.000000 0.000000
0.957772 0.287529 0.000000 111.179687 -0.287529 0.957772 0.000000 -16.925249 0.000000 0.000000 1.000000 0.000000
0.956984 0.290141 0.000000 111.799397 -0.290141 0.956984 0.000000 -17.143794 0.000000 0.000000 1.000000 0.000000
0.956785 0.290795 0.000000 112.435797 -0.290795 0.956785 0.000000 -17.325814 0.000000 0.000000 1.000000 0.000000
0.956956 0.290235 0.000000 113.217270 -0.290235 0.956956 0.000000 -17.572461 0.000000 0.000000 1.000000 0.000000
0.956577 0.291480 0.000000 113.805732 -0.291480 0.956577 0.000000 -17.736600 0.000000 0.000000 1.000000 0.000000
0.954733 0.297463 0.000000 114.435880 -0.297463 0.954733 0.000000 -17.938851 0.000000 0.000000 1.000000 0.000000
0.955743 0.294202 0.000000 115.433037 -0.294202 0.955743 0.000000 -18.239578 0.000000 0.000000 1.000000 0.000000
0.955482 0.295050 0.000000 116.057350 -0.295050 0.955482 0.000000 -18.463996 0.000000 0.000000 1.000000 0.000000
0.955186 0.296006 0.000000 116.708809 -0.296006 0.955186 0.000000 -18.664149 0.000000 0.000000 1.000000 0.000000
0.954345 0.298706 0.000000 117.347210 -0.298706 0.954345 0.000000 -18.866909 0.000000 0.000000 1.000000 0.000000
0.954234 0.299061 0.000000 117.977456 -0.299061 0.954234 0.000000 -19.073181 0.000000 0.000000 1.000000 0.000000
0.954081 0.299549 0.000000 118.625366 -0.299549 0.954081 0.000000 -19.280362 0.000000 0.000000 1.000000 0.000000
0.954280 0.298913 0.000000 119.233165 -0.298913 0.954280 0.000000 -19.468862 0.000000 0.000000 1.000000 0.000000
0.954150 0.299328 0.000000 120.350776 -0.299328 0.954150 0.000000 -19.862232 0.000000 0.000000 1.000000 0.000000
0.954653 0.297721 0.000000 120.983967 -0.297721 0.954653 0.000000 -20.106575 0.000000 0.000000 1.000000 0.000000
0.954774 0.297334 0.000000 121.611495 -0.297334 0.954774 0.000000 -20.335530 0.000000 0.000000 1.000000 0.000000
0.954589 0.297926 0.000000 122.252416 -0.297926 0.954589 0.000000 -20.550760 0.000000 0.000000 1.000000 0.000000
0.954021 0.299738 0.000000 123.557357 -0.299738 0.954021 0.000000 -20.990496 0.000000 0.000000 1.000000 0.000000
0.954241 0.299040 0.000000 124.146284 -0.299040 0.954241 0.000000 -21.180160 0.000000 0.000000 1.000000 0.000000
0.953157 0.302477 0.000000 124.799052 -0.302477 0.953157 0.000000 -21.381211 0.000000 0.000000 1.000000 0.000000
0.953677 0.300831 0.000000 125.386708 -0.300831 0.953677 0.000000 -21.567447 0.000000 0.000000 1.000000 0.000000
0.953123 0.302584 0.000000 125.983008 -0.302584 0.953123 0.000000 -21.745249 0.000000 0.000000 1.000000 0.000000
0.921050 0.389445 0.000000 132.262419 -0.389445 0.921050 0.000000 -28.677272 0.000000 0.000000 1.000000 0.000000
0.923112 0.384531 0.000000 132.887992 -0.384531 0.923112 0.000000 -28.897340 0.000000 0.000000 1.000000 0.000000
0.922226 0.386651 0.000000 133.471440 -0.386651 0.922226 0.000000 -29.127210 0.000000 0.000000 1.000000 0.000000
0.923765 0.382959 0.000000 134.066136 -0.382959 0.923765 0.000000 -29.387384 0.000000 0.000000 1.000000 0.000000
0.922818 0.385236 0.000000 134.629864 -0.385236 0.922818 0.000000 -29.664210 0.000000 0.000000 1.000000 0.000000
0.924231 0.381835 0.000000 135.219174 -0.381835 0.924231 0.000000 -29.923286 0.000000 0.000000 1.000000 0.000000
0.922766 0.385360 0.000000 135.811752 -0.385360 0.922766 0.000000 -30.205464 0.000000 0.000000 1.000000 0.000000
0.923189 0.384345 0.000000 136.579197 -0.384345 0.923189 0.000000 -30.529407 0.000000 0.000000 1.000000 0.000000
0.922532 0.385919 0.000000 137.165536 -0.385919 0.922532 0.000000 -30.796944 0.000000 0.000000 1.000000 0.000000
0.921243 0.388986 0.000000 137.776664 -0.388986 0.921243 0.000000 -31.042461 0.000000 0.000000 1.000000 0.000000
0.920595 0.390520 0.000000 138.663661 -0.390520 0.920595 0.000000 -31.411771 0.000000 0.000000 1.000000 0.000000
0.920933 0.389721 0.000000 139.258904 -0.389721 0.920933 0.000000 -31.667831 0.000000 0.000000 1.000000 0.000000
0.920718 0.390229 0.000000 139.857959 -0.390229 0.920718 0.000000 -31.926899 0.000000 0.000000 1.000000 0.000000
0.920916 0.389760 0.000000 140.447089 -0.389760 0.920916 0.000000 -32.184456 0.000000 0.000000 1.000000 0.000000
0.921052 0.389440 0.000000 141.042100 -0.389440 0.921052 0.000000 -32.443714 0.000000 0.000000 1.000000 0.000000
0.920477 0.390798 0.000000 141.929190 -0.390798 0.920477 0.000000 -32.822021 0.000000 0.000000 1.000000 0.000000
0.920045 0.391813 0.000000 142.489938 -0.391813 0.920045 0.000000 -33.084579 0.000000 0.000000 1.000000 0.000000
0.919645 0.392750 0.000000 143.077866 -0.392750 0.919645 0.000000 -33.330965 0.000000 0.000000 1.000000 0.000000
0.919080 0.394072 0.000000 143.625909 -0.394072 0.919080 0.000000 -33.568109 0.000000 0.000000 1.000000 0.000000
0.917483 0.397774 0.000000 144.378481 -0.397774 0.917483 0.000000 -33.914759 0.000000 0.000000 1.000000 0.000000
0.917489 0.397760 0.000000 144.944760 -0.397760 0.917489 0.000000 -34.196690 0.000000 0.000000 1.000000 0.000000
0.917815 0.397008 0.000000 145.534097 -0.397008 0.917815 0.000000 -34.462034 0.000000 0.000000 1.000000 0.000000
0.918140 0.396256 0.000000 146.114569 -0.396256 0.918140 0.000000 -34.709348 0.000000 0.000000 1.000000 0.000000
0.918978 0.394310 0.000000 146.688038 -0.394310 0.918978 0.000000 -34.955170 0.000000 0.000000 1.000000 0.000000
0.918576 0.395244 0.000000 147.781625 -0.395244 0.918576 0.000000 -35.476868 0.000000 0.000000 1.000000 0.000000
0.919713 0.392592 0.000000 148.312643 -0.392592 0.919713 0.000000 -35.692818 0.000000 0.000000 1.000000 0.000000
0.918232 0.396044 0.000000 148.868995 -0.396044 0.918232 0.000000 -35.930665 0.000000 0.000000 1.000000 0.000000
0.918973 0.394319 0.000000 149.424233 -0.394319 0.918973 0.000000 -36.170167 0.000000 0.000000 1.000000 0.000000
0.918501 0.395419 0.000000 149.936937 -0.395419 0.918501 0.000000 -36.410424 0.000000 0.000000 1.000000 0.000000
0.918712 0.394929 0.000000 150.502816 -0.394929 0.918712 0.000000 -36.665063 0.000000 0.000000 1.000000 0.000000
0.920382 0.391020 0.000000 151.166944 -0.391020 0.920382 0.000000 -36.983349 0.000000 0.000000 1.000000 0.000000
0.920094 0.391696 0.000000 151.726192 -0.391696 0.920094 0.000000 -37.232980 0.000000 0.000000 1.000000 0.000000
0.919798 0.392393 0.000000 152.217397 -0.392393 0.919798 0.000000 -37.475574 0.000000 0.000000 1.000000 0.000000
0.919619 0.392811 0.000000 152.779057 -0.392811 0.919619 0.000000 -37.729999 0.000000 0.000000 1.000000 0.000000
0.918721 0.394907 0.000000 153.333183 -0.394907 0.918721 0.000000 -37.968903 0.000000 0.000000 1.000000 0.000000
0.918472 0.395486 0.000000 153.855747 -0.395486 0.918472 0.000000 -38.204291 0.000000 0.000000 1.000000 0.000000
0.918188 0.396144 0.000000 154.408333 -0.396144 0.918188 0.000000 -38.457982 0.000000 0.000000 1.000000 0.000000
0.919353 0.393434 0.000000 154.918731 -0.393434 0.919353 0.000000 -38.680455 0.000000 0.000000 1.000000 0.000000
0.918589 0.395213 0.000000 155.472220 -0.395213 0.918589 0.000000 -38.924169 0.000000 0.000000 1.000000 0.000000
0.917881 0.396856 0.000000 156.025648 -0.396856 0.917881 0.000000 -39.154175 0.000000 0.000000 1.000000 0.000000
0.916624 0.399751 0.000000 156.708697 -0.399751 0.916624 0.000000 -39.456732 0.000000 0.000000 1.000000 0.000000
0.915545 0.402216 0.000000 157.214266 -0.402216 0.915545 0.000000 -39.684806 0.000000 0.000000 1.000000 0.000000
0.914994 0.403467 0.000000 157.729059 -0.403467 0.914994 0.000000 -39.945709 0.000000 0.000000 1.000000 0.000000
0.914450 0.404698 0.000000 158.226769 -0.404698 0.914450 0.000000 -40.177157 0.000000 0.000000 1.000000 0.000000
0.914077 0.405541 0.000000 158.754834 -0.405541 0.914077 0.000000 -40.426848 0.000000 0.000000 1.000000 0.000000
0.914661 0.404222 0.000000 159.263070 -0.404222 0.914661 0.000000 -40.646876 0.000000 0.000000 1.000000 0.000000
0.914043 0.405616 0.000000 159.942064 -0.405616 0.914043 0.000000 -40.958961 0.000000 0.000000 1.000000 0.000000
0.914054 0.405593 0.000000 160.435521 -0.405593 0.914054 0.000000 -41.180364 0.000000 0.000000 1.000000 0.000000
0.911354 0.411624 0.000000 160.959063 -0.411624 0.911354 0.000000 -41.430823 0.000000 0.000000 1.000000 0.000000
0.911338 0.411658 0.000000 161.453561 -0.411658 0.911338 0.000000 -41.656209 0.000000 0.000000 1.000000 0.000000
0.912680 0.408674 0.000000 161.980065 -0.408674 0.912680 0.000000 -41.887041 0.000000 0.000000 1.000000 0.000000
0.912363 0.409381 0.000000 162.479630 -0.409381 0.912363 0.000000 -42.106065 0.000000 0.000000 1.000000 0.000000
0.911741 0.410765 0.000000 163.191687 -0.410765 0.911741 0.000000 -42.434944 0.000000 0.000000 1.000000 0.000000
0.910735 0.412991 0.000000 163.723008 -0.412991 0.910735 0.000000 -42.680768 0.000000 0.000000 1.000000 0.000000
0.912465 0.409156 0.000000 164.242390 -0.409156 0.912465 0.000000 -42.936928 0.000000 0.000000 1.000000 0.000000
0.912930 0.408116 0.000000 164.756409 -0.408116 0.912930 0.000000 -43.190175 0.000000 0.000000 1.000000 0.000000
0.913746 0.406287 0.000000 165.281886 -0.406287 0.913746 0.000000 -43.429785 0.000000 0.000000 1.000000 0.000000
0.912726 0.408571 0.000000 165.802690 -0.408571 0.912726 0.000000 -43.660462 0.000000 0.000000 1.000000 0.000000
0.912861 0.408271 0.000000 166.320908 -0.408271 0.912861 0.000000 -43.893444 0.000000 0.000000 1.000000 0.000000
0.914084 0.405525 0.000000 166.820260 -0.405525 0.914084 0.000000 -44.109186 0.000000 0.000000 1.000000 0.000000
0.915559 0.402184 0.000000 167.326350 -0.402184 0.915559 0.000000 -44.353011 0.000000 0.000000 1.000000 0.000000
0.915460 0.402408 0.000000 167.854756 -0.402408 0.915460 0.000000 -44.605527 0.000000 0.000000 1.000000 0.000000
0.915775 0.401691 0.000000 168.338437 -0.401691 0.915775 0.000000 -44.861562 0.000000 0.000000 1.000000 0.000000
0.915776 0.401689 0.000000 168.862584 -0.401689 0.915776 0.000000 -45.136706 0.000000 0.000000 1.000000 0.000000
0.917110 0.398635 0.000000 169.363479 -0.398635 0.917110 0.000000 -45.368073 0.000000 0.000000 1.000000 0.000000
0.916831 0.399276 0.000000 169.889648 -0.399276 0.916831 0.000000 -45.601355 0.000000 0.000000 1.000000 0.000000
0.918832 0.394650 0.000000 170.404994 -0.394650 0.918832 0.000000 -45.833246 0.000000 0.000000 1.000000 0.000000
0.920669 0.390344 0.000000 170.935773 -0.390344 0.920669 0.000000 -46.068148 0.000000 0.000000 1.000000 0.000000
0.921845 0.387559 0.000000 171.427331 -0.387559 0.921845 0.000000 -46.308653 0.000000 0.000000 1.000000 0.000000
0.923245 0.384211 0.000000 171.944384 -0.384211 0.923245 0.000000 -46.534024 0.000000 0.000000 1.000000 0.000000
0.924763 0.380542 0.000000 172.423584 -0.380542 0.924763 0.000000 -46.750664 0.000000 0.000000 1.000000 0.000000
0.926937 0.375216 0.000000 172.979689 -0.375216 0.926937 0.000000 -46.972098 0.000000 0.000000 1.000000 0.000000
0.928699 0.370835 0.000000 173.671335 -0.370835 0.928699 0.000000 -47.267556 0.000000 0.000000 1.000000 0.000000
0.929183 0.369620 0.000000 174.213578 -0.369620 0.929183 0.000000 -47.484071 0.000000 0.000000 1.000000 0.000000
0.930199 0.367057 0.000000 174.687784 -0.367057 0.930199 0.000000 -47.702293 0.000000 0.000000 1.000000 0.000000
0.929744 0.368208 0.000000 175.223613 -0.368208 0.929744 0.000000 -47.916034 0.000000 0.000000 1.000000 0.000000
0.930219 0.367004 0.000000 175.884190 -0.367004 0.930219 0.000000 -48.195996 0.000000 0.000000 1.000000 0.000000
0.931799 0.362973 0.000000 176.932454 -0.362973 0.931799 0.000000 -48.632826 0.000000 0.000000 1.000000 0.000000
0.932662 0.360752 0.000000 177.461086 -0.360752 0.932662 0.000000 -48.848286 0.000000 0.000000 1.000000 0.000000
0.933478 0.358636 0.000000 177.982934 -0.358636 0.933478 0.000000 -49.067664 0.000000 0.000000 1.000000 0.000000
0.933232 0.359274 0.000000 178.501692 -0.359274 0.933232 0.000000 -49.272086 0.000000 0.000000 1.000000 0.000000
0.934257 0.356602 0.000000 179.015468 -0.356602 0.934257 0.000000 -49.503075 0.000000 0.000000 1.000000 0.000000
0.934897 0.354918 0.000000 179.530248 -0.354918 0.934897 0.000000 -49.705368 0.000000 0.000000 1.000000 0.000000
0.934304 0.356477 0.000000 180.066691 -0.356477 0.934304 0.000000 -49.900190 0.000000 0.000000 1.000000 0.000000
0.934535 0.355872 0.000000 180.582749 -0.355872 0.934535 0.000000 -50.102329 0.000000 0.000000 1.000000 0.000000
0.934306 0.356472 0.000000 181.060783 -0.356472 0.934306 0.000000 -50.290337 0.000000 0.000000 1.000000 0.000000
0.933748 0.357930 0.000000 181.528503 -0.357930 0.933748 0.000000 -50.491311 0.000000 0.000000 1.000000 0.000000
0.933801 0.357793 0.000000 182.038424 -0.357793 0.933801 0.000000 -50.684352 0.000000 0.000000 1.000000 0.000000
0.934258 0.356597 0.000000 182.518056 -0.356597 0.934258 0.000000 -50.876983 0.000000 0.000000 1.000000 0.000000
0.934902 0.354906 0.000000 183.030783 -0.354906 0.934902 0.000000 -51.074423 0.000000 0.000000 1.000000 0.000000
0.935271 0.353933 0.000000 183.521123 -0.353933 0.935271 0.000000 -51.230609 0.000000 0.000000 1.000000 0.000000
0.934977 0.354708 0.000000 184.031371 -0.354708 0.934977 0.000000 -51.436000 0.000000 0.000000 1.000000 0.000000
0.935150 0.354252 0.000000 184.507532 -0.354252 0.935150 0.000000 -51.625189 0.000000 0.000000 1.000000 0.000000
0.936383 0.350979 0.000000 185.024586 -0.350979 0.936383 0.000000 -51.815952 0.000000 0.000000 1.000000 0.000000
0.936864 0.349694 0.000000 185.483404 -0.349694 0.936864 0.000000 -52.007837 0.000000 0.000000 1.000000 0.000000
0.936869 0.349680 0.000000 185.988927 -0.349680 0.936869 0.000000 -52.207819 0.000000 0.000000 1.000000 0.000000
0.936601 0.350396 0.000000 186.461755 -0.350396 0.936601 0.000000 -52.393379 0.000000 0.000000 1.000000 0.000000
0.936400 0.350935 0.000000 186.978076 -0.350935 0.936400 0.000000 -52.548867 0.000000 0.000000 1.000000 0.000000
0.936874 0.349667 0.000000 187.596622 -0.349667 0.936874 0.000000 -52.797495 0.000000 0.000000 1.000000 0.000000
0.938502 0.345275 0.000000 188.098752 -0.345275 0.938502 0.000000 -52.987720 0.000000 0.000000 1.000000 0.000000
0.939951 0.341309 0.000000 188.580401 -0.341309 0.939951 0.000000 -53.180928 0.000000 0.000000 1.000000 0.000000
0.940195 0.340637 0.000000 189.061065 -0.340637 0.940195 0.000000 -53.345532 0.000000 0.000000 1.000000 0.000000
0.942645 0.333798 0.000000 189.756553 -0.333798 0.942645 0.000000 -53.596069 0.000000 0.000000 1.000000 0.000000
0.943569 0.331177 0.000000 190.250485 -0.331177 0.943569 0.000000 -53.781259 0.000000 0.000000 1.000000 0.000000
0.944594 0.328241 0.000000 190.741535 -0.328241 0.944594 0.000000 -53.950471 0.000000 0.000000 1.000000 0.000000
0.944895 0.327372 0.000000 191.218226 -0.327372 0.944895 0.000000 -54.128813 0.000000 0.000000 1.000000 0.000000
0.947228 0.320562 0.000000 191.721983 -0.320562 0.947228 0.000000 -54.295789 0.000000 0.000000 1.000000 0.000000
0.951081 0.308940 0.000000 192.688502 -0.308940 0.951081 0.000000 -54.624008 0.000000 0.000000 1.000000 0.000000
0.951976 0.306174 0.000000 193.159075 -0.306174 0.951976 0.000000 -54.781334 0.000000 0.000000 1.000000 0.000000
0.954488 0.298248 0.000000 193.628505 -0.298248 0.954488 0.000000 -54.946416 0.000000 0.000000 1.000000 0.000000
0.956896 0.290430 0.000000 194.066342 -0.290430 0.956896 0.000000 -55.091878 0.000000 0.000000 1.000000 0.000000
0.958920 0.283676 0.000000 194.552351 -0.283676 0.958920 0.000000 -55.222474 0.000000 0.000000 1.000000 0.000000
0.961413 0.275111 0.000000 195.017574 -0.275111 0.961413 0.000000 -55.370588 0.000000 0.000000 1.000000 0.000000
0.966553 0.256467 0.000000 195.936431 -0.256467 0.966553 0.000000 -55.626026 0.000000 0.000000 1.000000 0.000000
0.968747 0.248049 0.000000 196.426024 -0.248049 0.968747 0.000000 -55.745060 0.000000 0.000000 1.000000 0.000000
0.971368 0.237579 0.000000 196.861018 -0.237579 0.971368 0.000000 -55.847373 0.000000 0.000000 1.000000 0.000000
0.974090 0.226160 0.000000 197.520137 -0.226160 0.974090 0.000000 -56.006615 0.000000 0.000000 1.000000 0.000000
0.976499 0.215520 0.000000 197.983805 -0.215520 0.976499 0.000000 -56.125310 0.000000 0.000000 1.000000 0.000000
0.978644 0.205563 0.000000 198.450667 -0.205563 0.978644 0.000000 -56.242135 0.000000 0.000000 1.000000 0.000000
0.980607 0.195985 0.000000 198.898826 -0.195985 0.980607 0.000000 -56.343844 0.000000 0.000000 1.000000 0.000000
