0.999999 -0.001292 0.000000 0.825759 0.001292 0.999999 0.000000 -0.029169 0.000000 0.000000 1.000000 0.000000
1.000000 -0.000039 0.000000 1.413381 0.000039 1.000000 0.000000 -0.038365 0.000000 0.000000 1.000000 0.000000
0.999999 -0.001042 0.000000 2.012398 0.001042 0.999999 0.000000 -0.066274 0.000000 0.000000 1.000000 0.000000
0.999979 -0.006485 0.000000 2.945934 0.006485 0.999979 0.000000 -0.110127 0.000000 0.000000 1.000000 0.000000
0.999967 -0.008138 0.000000 3.569825 0.008138 0.999967 0.000000 -0.128861 0.000000 0.000000 1.000000 0.000000
0.999930 -0.011852 0.000000 4.199719 0.011852 0.999930 0.000000 -0.151452 0.000000 0.000000 1.000000 0.000000
0.999952 -0.009808 0.000000 4.834444 0.009808 0.999952 0.000000 -0.152851 0.000000 0.000000 1.000000 0.000000
0.999990 -0.004444 0.000000 6.099734 0.004444 0.999990 0.000000 -0.215599 0.000000 0.000000 1.000000 0.000000
0.999949 -0.010080 0.000000 6.728470 0.010080 0.999949 0.000000 -0.234166 0.000000 0.000000 1.000000 0.000000
0.999939 -0.011085 0.000000 7.358805 0.011085 0.999939 0.000000 -0.239408 0.000000 0.000000 1.000000 0.000000
0.999916 -0.012969 0.000000 7.985520 0.012969 0.999916 0.000000 -0.251742 0.000000 0.000000 1.000000 0.000000
0.999912 -0.013290 0.000000 8.650432 0.013290 0.999912 0.000000 -0.272846 0.000000 0.000000 1.000000 0.000000
0.999904 -0.013843 0.000000 9.274653 0.013843 0.999904 0.000000 -0.280831 0.000000 0.000000 1.000000 0.000000
0.999902 -0.014032 0.000000 9.898220 0.014032 0.999902 0.000000 -0.285638 0.000000 0.000000 1.000000 0.000000
0.999870 -0.016125 0.000000 10.520541 0.016125 0.999870 0.000000 -0.298465 0.000000 0.000000 1.000000 0.000000
0.999832 -0.018307 0.000000 11.139485 0.018307 0.999832 0.000000 -0.306562 0.000000 0.000000 1.000000 0.000000
0.999840 -0.017906 0.000000 11.762222 0.017906 0.999840 0.000000 -0.306987 0.000000 0.000000 1.000000 0.000000
0.999826 -0.018639 0.000000 12.369223 0.018639 0.999826 0.000000 -0.323170 0.000000 0.000000 1.000000 0.000000
0.999833 -0.018258 0.000000 12.981733 0.018258 0.999833 0.000000 -0.324454 0.000000 0.000000 1.000000 0.000000
0.999815 -0.019228 0.000000 13.635715 0.019228 0.999815 0.000000 -0.334304 0.000000 0.000000 1.000000 0.000000
0.999810 -0.019471 0.000000 14.222690 0.019471 0.999810 0.000000 -0.336890 0.000000 0.000000 1.000000 0.000000
0.999821 -0.018946 0.000000 14.845280 0.018946 0.999821 0.000000 -0.344171 0.000000 0.000000 1.000000 0.000000
0.999754 -0.022161 0.000000 15.466085 0.022161 0.999754 0.000000 -0.361402 0.000000 0.000000 1.000000 0.000000
0.999708 -0.024159 0.000000 16.117694 0.024159 0.999708 0.000000 -0.359627 0.000000 0.000000 1.000000 0.000000
0.999557 -0.029750 0.000000 16.762623 0.029750 0.999557 0.000000 -0.375462 0.000000 0.000000 1.000000 0.000000
0.999515 -0.031137 0.000000 17.382341 0.031137 0.999515 0.000000 -0.371802 0.000000 0.000000 1.000000 0.000000
0.999590 -0.028645 0.000000 18.002234 0.028645 0.999590 0.000000 -0.367202 0.000000 0.000000 1.000000 0.000000
0.999530 -0.030649 0.000000 18.630052 0.030649 0.999530 0.000000 -0.362002 0.000000 0.000000 1.000000 0.000000
0.999527 -0.030764 0.000000 19.250171 0.030764 0.999527 0.000000 -0.358418 0.000000 0.000000 1.000000 0.000000
0.999501 -0.031589 0.000000 19.851581 0.031589 0.999501 0.000000 -0.355877 0.000000 0.000000 1.000000 0.000000
0.999497 -0.031708 0.000000 20.479941 0.031708 0.999497 0.000000 -0.348565 0.000000 0.000000 1.000000 0.000000
0.999521 -0.030958 0.000000 21.104378 0.030958 0.999521 0.000000 -0.345302 0.000000 0.000000 1.000000 0.000000
0.999468 -0.032608 0.000000 21.687592 0.032608 0.999468 0.000000 -0.351228 0.000000 0.000000 1.000000 0.000000
0.999382 -0.035140 0.000000 22.314214 0.035140 0.999382 0.000000 -0.349289 0.000000 0.000000 1.000000 0.000000
0.999302 -0.037366 0.000000 22.925760 0.037366 0.999302 0.000000 -0.350106 0.000000 0.000000 1.000000 0.000000
0.999272 -0.038155 0.000000 23.515211 0.038155 0.999272 0.000000 -0.349713 0.000000 0.000000 1.000000 0.000000
0.999275 -0.038080 0.000000 24.134325 0.038080 0.999275 0.000000 -0.346759 0.000000 0.000000 1.000000 0.000000
0.999287 -0.037762 0.000000 24.763786 0.037762 0.999287 0.000000 -0.343192 0.000000 0.000000 1.000000 0.000000
0.999351 -0.036012 0.000000 25.391414 0.036012 0.999351 0.000000 -0.333821 0.000000 0.000000 1.000000 0.000000
0.999462 -0.032795 0.000000 25.976804 0.032795 0.999462 0.000000 -0.316741 0.000000 0.000000 1.000000 0.000000
0.999550 -0.029990 0.000000 26.612159 0.029990 0.999550 0.000000 -0.314229 0.000000 0.000000 1.000000 0.000000
0.999596 -0.028414 0.000000 27.199775 0.028414 0.999596 0.000000 -0.309250 0.000000 0.000000 1.000000 0.000000
0.999582 -0.028914 0.000000 27.824506 0.028914 0.999582 0.000000 -0.307812 0.000000 0.000000 1.000000 0.000000
0.999575 -0.029162 0.000000 28.462697 0.029162 0.999575 0.000000 -0.307360 0.000000 0.000000 1.000000 0.000000
0.999637 -0.026936 0.000000 29.285470 0.026936 0.999637 0.000000 -0.302574 0.000000 0.000000 1.000000 0.000000
0.999685 -0.025112 0.000000 29.918847 0.025112 0.999685 0.000000 -0.294545 0.000000 0.000000 1.000000 0.000000
0.999733 -0.023115 0.000000 30.556335 0.023115 0.999733 0.000000 -0.289400 0.000000 0.000000 1.000000 0.000000
0.999782 -0.020870 0.000000 31.189209 0.020870 0.999782 0.000000 -0.288085 0.000000 0.000000 1.000000 0.000000
0.999779 -0.021016 0.000000 31.785795 0.021016 0.999779 0.000000 -0.294467 0.000000 0.000000 1.000000 0.000000
0.999829 -0.018477 0.000000 32.447796 0.018477 0.999829 0.000000 -0.285099 0.000000 0.000000 1.000000 0.000000
0.999874 -0.015890 0.000000 33.080212 0.015890 0.999874 0.000000 -0.288230 0.000000 0.000000 1.000000 0.000000
0.999925 -0.012239 0.000000 33.714880 0.012239 0.999925 0.000000 -0.281352 0.000000 0.000000 1.000000 0.000000
0.999926 -0.012166 0.000000 34.374455 0.012166 0.999926 0.000000 -0.304938 0.000000 0.000000 1.000000 0.000000
0.999962 -0.008678 0.000000 34.986816 0.008678 0.999962 0.000000 -0.294528 0.000000 0.000000 1.000000 0.000000
0.999961 -0.008865 0.000000 35.625031 0.008865 0.999961 0.000000 -0.309321 0.000000 0.000000 1.000000 0.000000
0.999974 -0.007182 0.000000 36.258469 0.007182 0.999974 0.000000 -0.319989 0.000000 0.000000 1.000000 0.000000
0.999986 -0.005236 0.000000 36.896577 0.005236 0.999986 0.000000 -0.330030 0.000000 0.000000 1.000000 0.000000
0.999985 -0.005495 0.000000 37.528107 0.005495 0.999985 0.000000 -0.349776 0.000000 0.000000 1.000000 0.000000
0.999992 -0.003930 0.000000 38.122732 0.003930 0.999992 0.000000 -0.365378 0.000000 0.000000 1.000000 0.000000
1.000000 0.000247 0.000000 38.767318 -0.000247 1.000000 0.000000 -0.381686 0.000000 0.000000 1.000000 0.000000
0.999999 0.001128 0.000000 39.385954 -0.001128 0.999999 0.000000 -0.395048 0.000000 0.000000 1.000000 0.000000
1.000000 0.000849 0.000000 40.033053 -0.000849 1.000000 0.000000 -0.416900 0.000000 0.000000 1.000000 0.000000
0.999998 0.001768 0.000000 40.675597 -0.001768 0.999998 0.000000 -0.436119 0.000000 0.000000 1.000000 0.000000
0.999996 0.002788 0.000000 41.308415 -0.002788 0.999996 0.000000 -0.455958 0.000000 0.000000 1.000000 0.000000
0.999996 0.002770 0.000000 41.949035 -0.002770 0.999996 0.000000 -0.475041 0.000000 0.000000 1.000000 0.000000
0.999994 0.003461 0.000000 42.594364 -0.003461 0.999994 0.000000 -0.489860 0.000000 0.000000 1.000000 0.000000
0.999982 0.006049 0.000000 43.240612 -0.006049 0.999982 0.000000 -0.507671 0.000000 0.000000 1.000000 0.000000
0.999974 0.007184 0.000000 43.882529 -0.007184 0.999974 0.000000 -0.527301 0.000000 0.000000 1.000000 0.000000
0.999981 0.006214 0.000000 44.540055 -0.006214 0.999981 0.000000 -0.555756 0.000000 0.000000 1.000000 0.000000
0.999973 0.007291 0.000000 45.154892 -0.007291 0.999973 0.000000 -0.571823 0.000000 0.000000 1.000000 0.000000
0.999989 0.004791 0.000000 45.805254 -0.004791 0.999989 0.000000 -0.593677 0.000000 0.000000 1.000000 0.000000
0.999982 0.006018 0.000000 46.455577 -0.006018 0.999982 0.000000 -0.601049 0.000000 0.000000 1.000000 0.000000
0.999982 0.006060 0.000000 47.113657 -0.006060 0.999982 0.000000 -0.628646 0.000000 0.000000 1.000000 0.000000
0.999993 0.003696 0.000000 47.773659 -0.003696 0.999993 0.000000 -0.653653 0.000000 0.000000 1.000000 0.000000
0.999994 0.003486 0.000000 48.399756 -0.003486 0.999994 0.000000 -0.670111 0.000000 0.000000 1.000000 0.000000
0.999990 0.004388 0.000000 49.021523 -0.004388 0.999990 0.000000 -0.684600 0.000000 0.000000 1.000000 0.000000
0.999974 0.007189 0.000000 49.679561 -0.007189 0.999974 0.000000 -0.697657 0.000000 0.000000 1.000000 0.000000
0.999960 0.008914 0.000000 50.330638 -0.008914 0.999960 0.000000 -0.718730 0.000000 0.000000 1.000000 0.000000
0.999948 0.010219 0.000000 50.994646 -0.010219 0.999948 0.000000 -0.738056 0.000000 0.000000 1.000000 0.000000
0.999981 0.006186 0.000000 51.650529 -0.006186 0.999981 0.000000 -0.756156 0.000000 0.000000 1.000000 0.000000
0.999989 0.004792 0.000000 52.323836 -0.004792 0.999989 0.000000 -0.774489 0.000000 0.000000 1.000000 0.000000
0.999991 0.004293 0.000000 53.352318 -0.004293 0.999991 0.000000 -0.806470 0.000000 0.000000 1.000000 0.000000
0.999994 0.003503 0.000000 54.041473 -0.003503 0.999994 0.000000 -0.825926 0.000000 0.000000 1.000000 0.000000
0.999995 0.003201 0.000000 54.678289 -0.003201 0.999995 0.000000 -0.847595 0.000000 0.000000 1.000000 0.000000
0.999993 0.003835 0.000000 55.337107 -0.003835 0.999993 0.000000 -0.870120 0.000000 0.000000 1.000000 0.000000
0.999989 0.004617 0.000000 55.995190 -0.004617 0.999989 0.000000 -0.890676 0.000000 0.000000 1.000000 0.000000
0.999996 0.002888 0.000000 56.651381 -0.002888 0.999996 0.000000 -0.913250 0.000000 0.000000 1.000000 0.000000
0.999996 0.002744 0.000000 57.298407 -0.002744 0.999996 0.000000 -0.937212 0.000000 0.000000 1.000000 0.000000
0.999997 0.002370 0.000000 57.948824 -0.002370 0.999997 0.000000 -0.952772 0.000000 0.000000 1.000000 0.000000
1.000000 -0.000148 0.000000 59.285380 0.000148 1.000000 0.000000 -0.992083 0.000000 0.000000 1.000000 0.000000
0.999993 -0.003803 0.000000 59.936717 0.003803 0.999993 0.000000 -1.007679 0.000000 0.000000 1.000000 0.000000
0.999988 -0.004963 0.000000 60.572282 0.004963 0.999988 0.000000 -1.024840 0.000000 0.000000 1.000000 0.000000
0.999991 -0.004181 0.000000 61.212424 0.004181 0.999991 0.000000 -1.043118 0.000000 0.000000 1.000000 0.000000
0.999995 -0.003166 0.000000 61.851210 0.003166 0.999995 0.000000 -1.063280 0.000000 0.000000 1.000000 0.000000
0.999990 -0.004411 0.000000 62.541382 0.004411 0.999990 0.000000 -1.084868 0.000000 0.000000 1.000000 0.000000
0.999995 -0.003145 0.000000 63.176107 0.003145 0.999995 0.000000 -1.098090 0.000000 0.000000 1.000000 0.000000
0.999998 -0.002119 0.000000 63.781022 0.002119 0.999998 0.000000 -1.111989 0.000000 0.000000 1.000000 0.000000
0.999999 -0.001568 0.000000 64.412833 0.001568 0.999999 0.000000 -1.131274 0.000000 0.000000 1.000000 0.000000
1.000000 -0.000658 0.000000 64.999972 0.000658 1.000000 0.000000 -1.151642 0.000000 0.000000 1.000000 0.000000
1.000000 -0.000419 0.000000 65.627188 0.000419 1.000000 0.000000 -1.172697 0.000000 0.000000 1.000000 0.000000
1.000000 -0.000885 0.000000 66.252723 0.000885 1.000000 0.000000 -1.196852 0.000000 0.000000 1.000000 0.000000
1.000000 -0.000863 0.000000 66.834351 0.000863 1.000000 0.000000 -1.217824 0.000000 0.000000 1.000000 0.000000
0.999998 -0.002179 0.000000 67.456900 0.002179 0.999998 0.000000 -1.242105 0.000000 0.000000 1.000000 0.000000
0.999998 -0.002103 0.000000 68.072548 0.002103 0.999998 0.000000 -1.262312 0.000000 0.000000 1.000000 0.000000
0.999997 -0.002552 0.000000 68.642141 0.002552 0.999997 0.000000 -1.285747 0.000000 0.000000 1.000000 0.000000
0.999998 -0.002133 0.000000 69.262467 0.002133 0.999998 0.000000 -1.300794 0.000000 0.000000 1.000000 0.000000
1.000000 0.000750 0.000000 69.827224 -0.000750 1.000000 0.000000 -1.309787 0.000000 0.000000 1.000000 0.000000
0.999998 0.001786 0.000000 70.434374 -0.001786 0.999998 0.000000 -1.329312 0.000000 0.000000 1.000000 0.000000
0.999997 0.002483 0.000000 71.044390 -0.002483 0.999997 0.000000 -1.348607 0.000000 0.000000 1.000000 0.000000
0.999993 0.003661 0.000000 71.887909 -0.003661 0.999993 0.000000 -1.377685 0.000000 0.000000 1.000000 0.000000
0.999986 0.005281 0.000000 72.491099 -0.005281 0.999986 0.000000 -1.400495 0.000000 0.000000 1.000000 0.000000
0.999998 0.002087 0.000000 73.089935 -0.002087 0.999998 0.000000 -1.424050 0.000000 0.000000 1.000000 0.000000
0.999998 0.001871 0.000000 73.682619 -0.001871 0.999998 0.000000 -1.438856 0.000000 0.000000 1.000000 0.000000
0.999999 -0.001174 0.000000 74.280827 0.001174 0.999999 0.000000 -1.455847 0.000000 0.000000 1.000000 0.000000
0.999996 -0.002647 0.000000 74.879810 0.002647 0.999996 0.000000 -1.472608 0.000000 0.000000 1.000000 0.000000
0.999997 -0.002366 0.000000 75.514161 0.002366 0.999997 0.000000 -1.485171 0.000000 0.000000 1.000000 0.000000
0.999995 -0.003017 0.000000 76.102368 0.003017 0.999995 0.000000 -1.498144 0.000000 0.000000 1.000000 0.000000
0.999998 -0.001922 0.000000 76.709193 0.001922 0.999998 0.000000 -1.503965 0.000000 0.000000 1.000000 0.000000
0.999995 -0.003035 0.000000 77.884663 0.003035 0.999995 0.000000 -1.542057 0.000000 0.000000 1.000000 0.000000
0.999998 -0.001962 0.000000 78.456894 0.001962 0.999998 0.000000 -1.556771 0.000000 0.000000 1.000000 0.000000
1.000000 0.000044 0.000000 79.035691 -0.000044 1.000000 0.000000 -1.583101 0.000000 0.000000 1.000000 0.000000
1.000000 0.000180 0.000000 79.616745 -0.000180 1.000000 0.000000 -1.607191 0.000000 0.000000 1.000000 0.000000
0.999998 0.002091 0.000000 80.195618 -0.002091 0.999998 0.000000 -1.626636 0.000000 0.000000 1.000000 0.000000
0.999998 0.001749 0.000000 80.768836 -0.001749 0.999998 0.000000 -1.656946 0.000000 0.000000 1.000000 0.000000
1.000000 -0.000045 0.000000 81.338863 0.000045 1.000000 0.000000 -1.679118 0.000000 0.000000 1.000000 0.000000
1.000000 -0.000758 0.000000 81.902559 0.000758 1.000000 0.000000 -1.702034 0.000000 0.000000 1.000000 0.000000
1.000000 0.000047 0.000000 82.471993 -0.000047 1.000000 0.000000 -1.723805 0.000000 0.000000 1.000000 0.000000
1.000000 0.000398 0.000000 83.028071 -0.000398 1.000000 0.000000 -1.746455 0.000000 0.000000 1.000000 0.000000
1.000000 0.000222 0.000000 83.578567 -0.000222 1.000000 0.000000 -1.767697 0.000000 0.000000 1.000000 0.000000
1.000000 0.000341 0.000000 84.124837 -0.000341 1.000000 0.000000 -1.792032 0.000000 0.000000 1.000000 0.000000
0.999998 0.001957 0.000000 84.679090 -0.001957 0.999998 0.000000 -1.814782 0.000000 0.000000 1.000000 0.000000
0.999993 0.003681 0.000000 85.200714 -0.003681 0.999993 0.000000 -1.838089 0.000000 0.000000 1.000000 0.000000
0.999979 0.006450 0.000000 85.742692 -0.006450 0.999979 0.000000 -1.855725 0.000000 0.000000 1.000000 0.000000
0.999955 0.009457 0.000000 86.265903 -0.009457 0.999955 0.000000 -1.869671 0.000000 0.000000 1.000000 0.000000
0.999955 0.009446 0.000000 86.776971 -0.009446 0.999955 0.000000 -1.894922 0.000000 0.000000 1.000000 0.000000
0.999958 0.009152 0.000000 87.311551 -0.009152 0.999958 0.000000 -1.922226 0.000000 0.000000 1.000000 0.000000
0.999958 0.009218 0.000000 87.836324 -0.009218 0.999958 0.000000 -1.944367 0.000000 0.000000 1.000000 0.000000
0.999950 0.010017 0.000000 88.321532 -0.010017 0.999950 0.000000 -1.967930 0.000000 0.000000 1.000000 0.000000
0.999927 0.012086 0.000000 88.847283 -0.012086 0.999927 0.000000 -1.989602 0.000000 0.000000 1.000000 0.000000
0.999933 0.011602 0.000000 89.366201 -0.011602 0.999933 0.000000 -2.017500 0.000000 0.000000 1.000000 0.000000
0.999929 0.011906 0.000000 89.852006 -0.011906 0.999929 0.000000 -2.035491 0.000000 0.000000 1.000000 0.000000
0.999915 0.013046 0.000000 90.373227 -0.013046 0.999915 0.000000 -2.052788 0.000000 0.000000 1.000000 0.000000
0.999890 0.014818 0.000000 90.888733 -0.014818 0.999890 0.000000 -2.073438 0.000000 0.000000 1.000000 0.000000
0.999881 0.015443 0.000000 91.360941 -0.015443 0.999881 0.000000 -2.096063 0.000000 0.000000 1.000000 0.000000
0.999881 0.015403 0.000000 91.869882 -0.015403 0.999881 0.000000 -2.123016 0.000000 0.000000 1.000000 0.000000
0.999859 0.016770 0.000000 92.351820 -0.016770 0.999859 0.000000 -2.158329 0.000000 0.000000 1.000000 0.000000
0.999851 0.017245 0.000000 92.854676 -0.017245 0.999851 0.000000 -2.178117 0.000000 0.000000 1.000000 0.000000
0.999864 0.016478 0.000000 93.515631 -0.016478 0.999864 0.000000 -2.212053 0.000000 0.000000 1.000000 0.000000
0.999865 0.016431 0.000000 94.009934 -0.016431 0.999865 0.000000 -2.233738 0.000000 0.000000 1.000000 0.000000
0.999857 0.016893 0.000000 94.503337 -0.016893 0.999857 0.000000 -2.252268 0.000000 0.000000 1.000000 0.000000
0.999872 0.016028 0.000000 94.984014 -0.016028 0.999872 0.000000 -2.276859 0.000000 0.000000 1.000000 0.000000
0.999903 0.013894 0.000000 95.468462 -0.013894 0.999903 0.000000 -2.307777 0.000000 0.000000 1.000000 0.000000
0.999914 0.013100 0.000000 95.950684 -0.013100 0.999914 0.000000 -2.338135 0.000000 0.000000 1.000000 0.000000
0.999888 0.014959 0.000000 96.412318 -0.014959 0.999888 0.000000 -2.353019 0.000000 0.000000 1.000000 0.000000
0.999800 0.019974 0.000000 97.362161 -0.019974 0.999800 0.000000 -2.407726 0.000000 0.000000 1.000000 0.000000
0.999770 0.021444 0.000000 97.833191 -0.021444 0.999770 0.000000 -2.438217 0.000000 0.000000 1.000000 0.000000
0.999698 0.024579 0.000000 98.308149 -0.024579 0.999698 0.000000 -2.466639 0.000000 0.000000 1.000000 0.000000
0.999669 0.025723 0.000000 98.774515 -0.025723 0.999669 0.000000 -2.500454 0.000000 0.000000 1.000000 0.000000
0.999605 0.028096 0.000000 99.248748 -0.028096 0.999605 0.000000 -2.530571 0.000000 0.000000 1.000000 0.000000
0.999572 0.029246 0.000000 99.715406 -0.029246 0.999572 0.000000 -2.569460 0.000000 0.000000 1.000000 0.000000
0.999495 0.031781 0.000000 100.178187 -0.031781 0.999495 0.000000 -2.598740 0.000000 0.000000 1.000000 0.000000
0.999327 0.036673 0.000000 100.637000 -0.036673 0.999327 0.000000 -2.624306 0.000000 0.000000 1.000000 0.000000
0.999202 0.039935 0.000000 101.100164 -0.039935 0.999202 0.000000 -2.657706 0.000000 0.000000 1.000000 0.000000
0.999107 0.042263 0.000000 101.551204 -0.042263 0.999107 0.000000 -2.695678 0.000000 0.000000 1.000000 0.000000
0.999037 0.043874 0.000000 101.974204 -0.043874 0.999037 0.000000 -2.731639 0.000000 0.000000 1.000000 0.000000
0.998995 0.044831 0.000000 102.415605 -0.044831 0.998995 0.000000 -2.769510 0.000000 0.000000 1.000000 0.000000
0.998997 0.044777 0.000000 102.850896 -0.044777 0.998997 0.000000 -2.813768 0.000000 0.000000 1.000000 0.000000
0.998876 0.047409 0.000000 103.281652 -0.047409 0.998876 0.000000 -2.850487 0.000000 0.000000 1.000000 0.000000
0.998800 0.048980 0.000000 103.707124 -0.048980 0.998800 0.000000 -2.884750 0.000000 0.000000 1.000000 0.000000
0.998504 0.054675 0.000000 104.125064 -0.054675 0.998504 0.000000 -2.916654 0.000000 0.000000 1.000000 0.000000
0.998239 0.059327 0.000000 104.543924 -0.059327 0.998239 0.000000 -2.946882 0.000000 0.000000 1.000000 0.000000
0.998173 0.060419 0.000000 104.952272 -0.060419 0.998173 0.000000 -2.983825 0.000000 0.000000 1.000000 0.000000
0.998299 0.058310 0.000000 105.360387 -0.058310 0.998299 0.000000 -3.022874 0.000000 0.000000 1.000000 0.000000
0.998189 0.060148 0.000000 105.766512 -0.060148 0.998189 0.000000 -3.059535 0.000000 0.000000 1.000000 0.000000
0.998248 0.059174 0.000000 106.161216 -0.059174 0.998248 0.000000 -3.113202 0.000000 0.000000 1.000000 0.000000
0.997959 0.063856 0.000000 106.563957 -0.063856 0.997959 0.000000 -3.147401 0.000000 0.000000 1.000000 0.000000
0.997650 0.068512 0.000000 106.948168 -0.068512 0.997650 0.000000 -3.172090 0.000000 0.000000 1.000000 0.000000
0.997712 0.067609 0.000000 107.342644 -0.067609 0.997712 0.000000 -3.235514 0.000000 0.000000 1.000000 0.000000
0.997565 0.069741 0.000000 107.737010 -0.069741 0.997565 0.000000 -3.269392 0.000000 0.000000 1.000000 0.000000
0.997365 0.072551 0.000000 108.116130 -0.072551 0.997365 0.000000 -3.307482 0.000000 0.000000 1.000000 0.000000
0.997049 0.076765 0.000000 108.527746 -0.076765 0.997049 0.000000 -3.345790 0.000000 0.000000 1.000000 0.000000
0.996792 0.080036 0.000000 108.930837 -0.080036 0.996792 0.000000 -3.388814 0.000000 0.000000 1.000000 0.000000
0.996552 0.082970 0.000000 109.499555 -0.082970 0.996552 0.000000 -3.452737 0.000000 0.000000 1.000000 0.000000
0.996405 0.084723 0.000000 109.911946 -0.084723 0.996405 0.000000 -3.503889 0.000000 0.000000 1.000000 0.000000
0.996226 0.086794 0.000000 110.325345 -0.086794 0.996226 0.000000 -3.560596 0.000000 0.000000 1.000000 0.000000
0.996034 0.088973 0.000000 110.741675 -0.088973 0.996034 0.000000 -3.616664 0.000000 0.000000 1.000000 0.000000
0.995895 0.090514 0.000000 111.157334 -0.090514 0.995895 0.000000 -3.666490 0.000000 0.000000 1.000000 0.000000
0.995897 0.090499 0.000000 111.566340 -0.090499 0.995897 0.000000 -3.725567 0.000000 0.000000 1.000000 0.000000
0.995674 0.092917 0.000000 111.984700 -0.092917 0.995674 0.000000 -3.775403 0.000000 0.000000 1.000000 0.000000
0.995176 0.098101 0.000000 112.410137 -0.098101 0.995176 0.000000 -3.830275 0.000000 0.000000 1.000000 0.000000
0.994555 0.104215 0.000000 113.177294 -0.104215 0.994555 0.000000 -3.939669 0.000000 0.000000 1.000000 0.000000
0.994626 0.103530 0.000000 113.604512 -0.103530 0.994626 0.000000 -4.004351 0.000000 0.000000 1.000000 0.000000
0.994556 0.104199 0.000000 114.041387 -0.104199 0.994556 0.000000 -4.061843 0.000000 0.000000 1.000000 0.000000
0.994649 0.103315 0.000000 114.475278 -0.103315 0.994649 0.000000 -4.116964 0.000000 0.000000 1.000000 0.000000
0.994367 0.105995 0.000000 114.911116 -0.105995 0.994367 0.000000 -4.159344 0.000000 0.000000 1.000000 0.000000
0.994273 0.106866 0.000000 115.351236 -0.106866 0.994273 0.000000 -4.213301 0.000000 0.000000 1.000000 0.000000
0.994337 0.106277 0.000000 115.791742 -0.106277 0.994337 0.000000 -4.269367 0.000000 0.000000 1.000000 0.000000
0.994355 0.106101 0.000000 116.233215 -0.106101 0.994355 0.000000 -4.325821 0.000000 0.000000 1.000000 0.000000
0.994341 0.106231 0.000000 116.678082 -0.106231 0.994341 0.000000 -4.389637 0.000000 0.000000 1.000000 0.000000
0.993991 0.109464 0.000000 117.128022 -0.109464 0.993991 0.000000 -4.451818 0.000000 0.000000 1.000000 0.000000
0.993872 0.110537 0.000000 117.581031 -0.110537 0.993872 0.000000 -4.512515 0.000000 0.000000 1.000000 0.000000
0.993945 0.109875 0.000000 118.410655 -0.109875 0.993945 0.000000 -4.628700 0.000000 0.000000 1.000000 0.000000
0.993682 0.112237 0.000000 118.868737 -0.112237 0.993682 0.000000 -4.685511 0.000000 0.000000 1.000000 0.000000
0.993613 0.112839 0.000000 119.328532 -0.112839 0.993613 0.000000 -4.760562 0.000000 0.000000 1.000000 0.000000
0.993402 0.114688 0.000000 119.790197 -0.114688 0.993402 0.000000 -4.831805 0.000000 0.000000 1.000000 0.000000
0.993270 0.115824 0.000000 120.251346 -0.115824 0.993270 0.000000 -4.905359 0.000000 0.000000 1.000000 0.000000
0.993154 0.116813 0.000000 120.716198 -0.116813 0.993154 0.000000 -4.981086 0.000000 0.000000 1.000000 0.000000
0.992753 0.120170 0.000000 121.185075 -0.120170 0.992753 0.000000 -5.044975 0.000000 0.000000 1.000000 0.000000
0.992194 0.124704 0.000000 121.657118 -0.124704 0.992194 0.000000 -5.117389 0.000000 0.000000 1.000000 0.000000
0.991609 0.129275 0.000000 122.161540 -0.129275 0.991609 0.000000 -5.194999 0.000000 0.000000 1.000000 0.000000
0.991526 0.129905 0.000000 122.597999 -0.129905 0.991526 0.000000 -5.267975 0.000000 0.000000 1.000000 0.000000
0.991317 0.131491 0.000000 123.111645 -0.131491 0.991317 0.000000 -5.355533 0.000000 0.000000 1.000000 0.000000
0.991172 0.132582 0.000000 123.592226 -0.132582 0.991172 0.000000 -5.432938 0.000000 0.000000 1.000000 0.000000
0.991518 0.129972 0.000000 124.060301 -0.129972 0.991518 0.000000 -5.523094 0.000000 0.000000 1.000000 0.000000
0.991336 0.131347 0.000000 124.533548 -0.131347 0.991336 0.000000 -5.598255 0.000000 0.000000 1.000000 0.000000
0.991059 0.133424 0.000000 125.008845 -0.133424 0.991059 0.000000 -5.677429 0.000000 0.000000 1.000000 0.000000
0.990552 0.137138 0.000000 125.487496 -0.137138 0.990552 0.000000 -5.754455 0.000000 0.000000 1.000000 0.000000
0.989638 0.143584 0.000000 125.962345 -0.143584 0.989638 0.000000 -5.825925 0.000000 0.000000 1.000000 0.000000
0.989031 0.147707 0.000000 126.433392 -0.147707 0.989031 0.000000 -5.904504 0.000000 0.000000 1.000000 0.000000
0.988766 0.149474 0.000000 126.898230 -0.149474 0.988766 0.000000 -5.952295 0.000000 0.000000 1.000000 0.000000
0.988770 0.149442 0.000000 127.191079 -0.149442 0.988770 0.000000 -6.110176 0.000000 0.000000 1.000000 0.000000
0.988566 0.150788 0.000000 127.673278 -0.150788 0.988566 0.000000 -6.199152 0.000000 0.000000 1.000000 0.000000
0.988353 0.152177 0.000000 128.471365 -0.152177 0.988353 0.000000 -6.345450 0.000000 0.000000 1.000000 0.000000
0.988991 0.147975 0.000000 128.969344 -0.147975 0.988991 0.000000 -6.441669 0.000000 0.000000 1.000000 0.000000
0.990386 0.138330 0.000000 129.951653 -0.138330 0.990386 0.000000 -6.640591 0.000000 0.000000 1.000000 0.000000
0.990938 0.134319 0.000000 130.445760 -0.134319 0.990938 0.000000 -6.737771 0.000000 0.000000 1.000000 0.000000
0.991106 0.133074 0.000000 130.943033 -0.133074 0.991106 0.000000 -6.820942 0.000000 0.000000 1.000000 0.000000
0.991072 0.133329 0.000000 131.445893 -0.133329 0.991072 0.000000 -6.912352 0.000000 0.000000 1.000000 0.000000
0.990656 0.136385 0.000000 131.950439 -0.136385 0.990656 0.000000 -6.986711 0.000000 0.000000 1.000000 0.000000
0.990330 0.138730 0.000000 132.436475 -0.138730 0.990330 0.000000 -7.065837 0.000000 0.000000 1.000000 0.000000
0.990378 0.138391 0.000000 132.989574 -0.138391 0.990378 0.000000 -7.150132 0.000000 0.000000 1.000000 0.000000
0.990139 0.140087 0.000000 133.478506 -0.140087 0.990139 0.000000 -7.228548 0.000000 0.000000 1.000000 0.000000
0.990013 0.140974 0.000000 133.990715 -0.140974 0.990013 0.000000 -7.307826 0.000000 0.000000 1.000000 0.000000
0.990046 0.140743 0.000000 134.509858 -0.140743 0.990046 0.000000 -7.394106 0.000000 0.000000 1.000000 0.000000
0.990059 0.140654 0.000000 134.992566 -0.140654 0.990059 0.000000 -7.474870 0.000000 0.000000 1.000000 0.000000
0.990159 0.139944 0.000000 135.508623 -0.139944 0.990159 0.000000 -7.567357 0.000000 0.000000 1.000000 0.000000
0.989886 0.141865 0.000000 136.037694 -0.141865 0.989886 0.000000 -7.639978 0.000000 0.000000 1.000000 0.000000
0.990009 0.141003 0.000000 136.507833 -0.141003 0.990009 0.000000 -7.720716 0.000000 0.000000 1.000000 0.000000
0.990091 0.140424 0.000000 137.023219 -0.140424 0.990091 0.000000 -7.776112 0.000000 0.000000 1.000000 0.000000
0.989633 0.143618 0.000000 137.555215 -0.143618 0.989633 0.000000 -7.858365 0.000000 0.000000 1.000000 0.000000
0.989370 0.145421 0.000000 138.185045 -0.145421 0.989370 0.000000 -7.963708 0.000000 0.000000 1.000000 0.000000
0.988779 0.149383 0.000000 138.756018 -0.149383 0.988779 0.000000 -8.053198 0.000000 0.000000 1.000000 0.000000
0.988364 0.152105 0.000000 139.256123 -0.152105 0.988364 0.000000 -8.146846 0.000000 0.000000 1.000000 0.000000
0.987607 0.156946 0.000000 139.776276 -0.156946 0.987607 0.000000 -8.237470 0.000000 0.000000 1.000000 0.000000
0.987144 0.159834 0.000000 140.311918 -0.159834 0.987144 0.000000 -8.337800 0.000000 0.000000 1.000000 0.000000
0.987024 0.160575 0.000000 140.852855 -0.160575 0.987024 0.000000 -8.440623 0.000000 0.000000 1.000000 0.000000
0.986308 0.164911 0.000000 144.725974 -0.164911 0.986308 0.000000 -9.168677 0.000000 0.000000 1.000000 0.000000
0.987272 0.159038 0.000000 145.241091 -0.159038 0.987272 0.000000 -9.285984 0.000000 0.000000 1.000000 0.000000
0.987957 0.154731 0.000000 146.408010 -0.154731 0.987957 0.000000 -9.507735 0.000000 0.000000 1.000000 0.000000
0.987577 0.157134 0.000000 147.536939 -0.157134 0.987577 0.000000 -9.731519 0.000000 0.000000 1.000000 0.000000
0.987414 0.158159 0.000000 148.100780 -0.158159 0.987414 0.000000 -9.844341 0.000000 0.000000 1.000000 0.000000
0.987417 0.158139 0.000000 148.669209 -0.158139 0.987417 0.000000 -9.960558 0.000000 0.000000 1.000000 0.000000
0.987434 0.158035 0.000000 149.238808 -0.158035 0.987434 0.000000 -10.085772 0.000000 0.000000 1.000000 0.000000
0.987945 0.154804 0.000000 149.806886 -0.154804 0.987945 0.000000 -10.207281 0.000000 0.000000 1.000000 0.000000
0.987956 0.154734 0.000000 150.376411 -0.154734 0.987956 0.000000 -10.299045 0.000000 0.000000 1.000000 0.000000
0.987647 0.156696 0.000000 150.946347 -0.156696 0.987647 0.000000 -10.405760 0.000000 0.000000 1.000000 0.000000
0.987837 0.155490 0.000000 151.538837 -0.155490 0.987837 0.000000 -10.533303 0.000000 0.000000 1.000000 0.000000
0.987773 0.155899 0.000000 152.108318 -0.155899 0.987773 0.000000 -10.645293 0.000000 0.000000 1.000000 0.000000
0.987058 0.160362 0.000000 152.995369 -0.160362 0.987058 0.000000 -10.817261 0.000000 0.000000 1.000000 0.000000
0.986997 0.160738 0.000000 153.575170 -0.160738 0.986997 0.000000 -10.947275 0.000000 0.000000 1.000000 0.000000
0.987277 0.159009 0.000000 154.116509 -0.159009 0.987277 0.000000 -11.054597 0.000000 0.000000 1.000000 0.000000
0.986461 0.163997 0.000000 154.683747 -0.163997 0.986461 0.000000 -11.158452 0.000000 0.000000 1.000000 0.000000
0.985707 0.168468 0.000000 155.297402 -0.168468 0.985707 0.000000 -11.278697 0.000000 0.000000 1.000000 0.000000
0.985336 0.170628 0.000000 155.829049 -0.170628 0.985336 0.000000 -11.389358 0.000000 0.000000 1.000000 0.000000
0.985108 0.171935 0.000000 156.438062 -0.171935 0.985108 0.000000 -11.524050 0.000000 0.000000 1.000000 0.000000
0.984887 0.173201 0.000000 157.010142 -0.173201 0.984887 0.000000 -11.642383 0.000000 0.000000 1.000000 0.000000
0.984472 0.175543 0.000000 157.588364 -0.175543 0.984472 0.000000 -11.750019 0.000000 0.000000 1.000000 0.000000
0.983983 0.178260 0.000000 158.160640 -0.178260 0.983983 0.000000 -11.858298 0.000000 0.000000 1.000000 0.000000
0.984075 0.177753 0.000000 158.733937 -0.177753 0.984075 0.000000 -11.985568 0.000000 0.000000 1.000000 0.000000
0.984014 0.178091 0.000000 159.303463 -0.178091 0.984014 0.000000 -12.097450 0.000000 0.000000 1.000000 0.000000
0.983750 0.179544 0.000000 159.876178 -0.179544 0.983750 0.000000 -12.208285 0.000000 0.000000 1.000000 0.000000
0.983797 0.179288 0.000000 160.440239 -0.179288 0.983797 0.000000 -12.324997 0.000000 0.000000 1.000000 0.000000
0.983304 0.181969 0.000000 161.023652 -0.181969 0.983304 0.000000 -12.440094 0.000000 0.000000 1.000000 0.000000
0.982954 0.183852 0.000000 161.595084 -0.183852 0.982954 0.000000 -12.556289 0.000000 0.000000 1.000000 0.000000
0.982218 0.187744 0.000000 162.728407 -0.187744 0.982218 0.000000 -12.791073 0.000000 0.000000 1.000000 0.000000
0.982393 0.186824 0.000000 163.259080 -0.186824 0.982393 0.000000 -12.947203 0.000000 0.000000 1.000000 0.000000
0.981789 0.189975 0.000000 163.780247 -0.189975 0.981789 0.000000 -13.061652 0.000000 0.000000 1.000000 0.000000
0.981123 0.193385 0.000000 164.361669 -0.193385 0.981123 0.000000 -13.181103 0.000000 0.000000 1.000000 0.000000
0.981154 0.193225 0.000000 164.914884 -0.193225 0.981154 0.000000 -13.302684 0.000000 0.000000 1.000000 0.000000
0.981239 0.192796 0.000000 166.014811 -0.192796 0.981239 0.000000 -13.547191 0.000000 0.000000 1.000000 0.000000
0.981067 0.193668 0.000000 166.572080 -0.193668 0.981067 0.000000 -13.676119 0.000000 0.000000 1.000000 0.000000
0.980786 0.195089 0.000000 167.105674 -0.195089 0.980786 0.000000 -13.795331 0.000000 0.000000 1.000000 0.000000
0.980980 0.194108 0.000000 167.664664 -0.194108 0.980980 0.000000 -13.920965 0.000000 0.000000 1.000000 0.000000
0.980511 0.196465 0.000000 168.226166 -0.196465 0.980511 0.000000 -14.026561 0.000000 0.000000 1.000000 0.000000
0.979785 0.200055 0.000000 168.758761 -0.200055 0.979785 0.000000 -14.131942 0.000000 0.000000 1.000000 0.000000
0.979019 0.203771 0.000000 169.509163 -0.203771 0.979019 0.000000 -14.292677 0.000000 0.000000 1.000000 0.000000
0.978443 0.206518 0.000000 170.076199 -0.206518 0.978443 0.000000 -14.412129 0.000000 0.000000 1.000000 0.000000
0.977207 0.212287 0.000000 170.643526 -0.212287 0.977207 0.000000 -14.530522 0.000000 0.000000 1.000000 0.000000
0.977025 0.213124 0.000000 171.248112 -0.213124 0.977025 0.000000 -14.666936 0.000000 0.000000 1.000000 0.000000
0.977300 0.211860 0.000000 171.777204 -0.211860 0.977300 0.000000 -14.801165 0.000000 0.000000 1.000000 0.000000
0.976794 0.214179 0.000000 172.378545 -0.214179 0.976794 0.000000 -14.940255 0.000000 0.000000 1.000000 0.000000
0.976884 0.213768 0.000000 172.948954 -0.213768 0.976884 0.000000 -15.073672 0.000000 0.000000 1.000000 0.000000
0.976045 0.217569 0.000000 173.521107 -0.217569 0.976045 0.000000 -15.203359 0.000000 0.000000 1.000000 0.000000
0.976540 0.215338 0.000000 174.101758 -0.215338 0.976540 0.000000 -15.351256 0.000000 0.000000 1.000000 0.000000
0.976828 0.214024 0.000000 174.669509 -0.214024 0.976828 0.000000 -15.486661 0.000000 0.000000 1.000000 0.000000
0.976736 0.214446 0.000000 175.240467 -0.214446 0.976736 0.000000 -15.631581 0.000000 0.000000 1.000000 0.000000
0.977223 0.212216 0.000000 175.805294 -0.212216 0.977223 0.000000 -15.777947 0.000000 0.000000 1.000000 0.000000
0.978401 0.206714 0.000000 176.370768 -0.206714 0.978401 0.000000 -15.934327 0.000000 0.000000 1.000000 0.000000
0.979074 0.203504 0.000000 176.940101 -0.203504 0.979074 0.000000 -16.079350 0.000000 0.000000 1.000000 0.000000
0.978888 0.204396 0.000000 177.511822 -0.204396 0.978888 0.000000 -16.213065 0.000000 0.000000 1.000000 0.000000
0.979255 0.202633 0.000000 178.096761 -0.202633 0.979255 0.000000 -16.357007 0.000000 0.000000 1.000000 0.000000
0.978890 0.204390 0.000000 178.665705 -0.204390 0.978890 0.000000 -16.487200 0.000000 0.000000 1.000000 0.000000
0.978704 0.205275 0.000000 179.204108 -0.205275 0.978704 0.000000 -16.613304 0.000000 0.000000 1.000000 0.000000
0.978745 0.205079 0.000000 179.816241 -0.205079 0.978745 0.000000 -16.751244 0.000000 0.000000 1.000000 0.000000
0.978734 0.205132 0.000000 180.352751 -0.205132 0.978734 0.000000 -16.877222 0.000000 0.000000 1.000000 0.000000
0.978329 0.207055 0.000000 180.932691 -0.207055 0.978329 0.000000 -17.009663 0.000000 0.000000 1.000000 0.000000
0.977647 0.210254 0.000000 181.512821 -0.210254 0.977647 0.000000 -17.145660 0.000000 0.000000 1.000000 0.000000
0.976369 0.216108 0.000000 182.085520 -0.216108 0.976369 0.000000 -17.287760 0.000000 0.000000 1.000000 0.000000
0.975902 0.218210 0.000000 182.670448 -0.218210 0.975902 0.000000 -17.428825 0.000000 0.000000 1.000000 0.000000
0.975785 0.218734 0.000000 183.246668 -0.218734 0.975785 0.000000 -17.566239 0.000000 0.000000 1.000000 0.000000
0.975599 0.219558 0.000000 183.820655 -0.219558 0.975599 0.000000 -17.707984 0.000000 0.000000 1.000000 0.000000
0.975494 0.220026 0.000000 184.417367 -0.220026 0.975494 0.000000 -17.845497 0.000000 0.000000 1.000000 0.000000
0.974896 0.222659 0.000000 185.001799 -0.222659 0.974896 0.000000 -17.983253 0.000000 0.000000 1.000000 0.000000
0.975028 0.222083 0.000000 185.578804 -0.222083 0.975028 0.000000 -18.131995 0.000000 0.000000 1.000000 0.000000
0.975138 0.221597 0.000000 186.146919 -0.221597 0.975138 0.000000 -18.278239 0.000000 0.000000 1.000000 0.000000
0.974529 0.224263 0.000000 186.725130 -0.224263 0.974529 0.000000 -18.417289 0.000000 0.000000 1.000000 0.000000
0.974038 0.226386 0.000000 187.299108 -0.226386 0.974038 0.000000 -18.557306 0.000000 0.000000 1.000000 0.000000
0.973899 0.226983 0.000000 187.844701 -0.226983 0.973899 0.000000 -18.696380 0.000000 0.000000 1.000000 0.000000
0.972963 0.230959 0.000000 188.414083 -0.230959 0.972963 0.000000 -18.843280 0.000000 0.000000 1.000000 0.000000
0.972629 0.232365 0.000000 189.000376 -0.232365 0.972629 0.000000 -18.996430 0.000000 0.000000 1.000000 0.000000
0.973050 0.230593 0.000000 189.551698 -0.230593 0.973050 0.000000 -19.144780 0.000000 0.000000 1.000000 0.000000
0.972473 0.233016 0.000000 190.102950 -0.233016 0.972473 0.000000 -19.291820 0.000000 0.000000 1.000000 0.000000
0.972959 0.230979 0.000000 190.682596 -0.230979 0.972959 0.000000 -19.451944 0.000000 0.000000 1.000000 0.000000
0.973031 0.230674 0.000000 191.252049 -0.230674 0.973031 0.000000 -19.581006 0.000000 0.000000 1.000000 0.000000
0.972210 0.234110 0.000000 191.815037 -0.234110 0.972210 0.000000 -19.728110 0.000000 0.000000 1.000000 0.000000
0.971870 0.235519 0.000000 192.387665 -0.235519 0.971870 0.000000 -19.874320 0.000000 0.000000 1.000000 0.000000
0.971557 0.236807 0.000000 192.920013 -0.236807 0.971557 0.000000 -20.016045 0.000000 0.000000 1.000000 0.000000
0.971041 0.238912 0.000000 193.490144 -0.238912 0.971041 0.000000 -20.175231 0.000000 0.000000 1.000000 0.000000
0.970502 0.241095 0.000000 194.050394 -0.241095 0.970502 0.000000 -20.332030 0.000000 0.000000 1.000000 0.000000
0.969402 0.245478 0.000000 194.867036 -0.245478 0.969402 0.000000 -20.549764 0.000000 0.000000 1.000000 0.000000
0.968573 0.248729 0.000000 195.426986 -0.248729 0.968573 0.000000 -20.701179 0.000000 0.000000 1.000000 0.000000
0.968529 0.248903 0.000000 195.990907 -0.248903 0.968529 0.000000 -20.854739 0.000000 0.000000 1.000000 0.000000
0.968206 0.250155 0.000000 196.474115 -0.250155 0.968206 0.000000 -20.989390 0.000000 0.000000 1.000000 0.000000
0.968424 0.249309 0.000000 197.034017 -0.249309 0.968424 0.000000 -21.141345 0.000000 0.000000 1.000000 0.000000
0.969067 0.246799 0.000000 197.600424 -0.246799 0.969067 0.000000 -21.296846 0.000000 0.000000 1.000000 0.000000
0.969109 0.246634 0.000000 198.166977 -0.246634 0.969109 0.000000 -21.444185 0.000000 0.000000 1.000000 0.000000
0.969078 0.246755 0.000000 198.745214 -0.246755 0.969078 0.000000 -21.607109 0.000000 0.000000 1.000000 0.000000
0.968868 0.247579 0.000000 199.244400 -0.247579 0.968868 0.000000 -21.745146 0.000000 0.000000 1.000000 0.000000
0.968560 0.248781 0.000000 200.219892 -0.248781 0.968560 0.000000 -22.008258 0.000000 0.000000 1.000000 0.000000
0.968300 0.249789 0.000000 200.778518 -0.249789 0.968300 0.000000 -22.165414 0.000000 0.000000 1.000000 0.000000
0.967779 0.251803 0.000000 201.482032 -0.251803 0.967779 0.000000 -22.365912 0.000000 0.000000 1.000000 0.000000
0.967165 0.254149 0.000000 202.189307 -0.254149 0.967165 0.000000 -22.569729 0.000000 0.000000 1.000000 0.000000
0.967059 0.254552 0.000000 203.145175 -0.254552 0.967059 0.000000 -22.844433 0.000000 0.000000 1.000000 0.000000
0.967183 0.254081 0.000000 203.709586 -0.254081 0.967183 0.000000 -23.011388 0.000000 0.000000 1.000000 0.000000
0.967129 0.254288 0.000000 204.227418 -0.254288 0.967129 0.000000 -23.166811 0.000000 0.000000 1.000000 0.000000
0.966793 0.255560 0.000000 204.776467 -0.255560 0.966793 0.000000 -23.323435 0.000000 0.000000 1.000000 0.000000
0.967492 0.252902 0.000000 205.293401 -0.252902 0.967492 0.000000 -23.482058 0.000000 0.000000 1.000000 0.000000
0.967271 0.253747 0.000000 205.859858 -0.253747 0.967271 0.000000 -23.637924 0.000000 0.000000 1.000000 0.000000
0.967081 0.254469 0.000000 206.406869 -0.254469 0.967081 0.000000 -23.804415 0.000000 0.000000 1.000000 0.000000
0.967553 0.252668 0.000000 207.196369 -0.252668 0.967553 0.000000 -24.037995 0.000000 0.000000 1.000000 0.000000
0.967698 0.252110 0.000000 207.751891 -0.252110 0.967698 0.000000 -24.195980 0.000000 0.000000 1.000000 0.000000
0.967663 0.252246 0.000000 208.304347 -0.252246 0.967663 0.000000 -24.354226 0.000000 0.000000 1.000000 0.000000
0.968454 0.249191 0.000000 208.860270 -0.249191 0.968454 0.000000 -24.519288 0.000000 0.000000 1.000000 0.000000
0.968705 0.248215 0.000000 209.448369 -0.248215 0.968705 0.000000 -24.688315 0.000000 0.000000 1.000000 0.000000
0.968711 0.248190 0.000000 209.965476 -0.248190 0.968711 0.000000 -24.837343 0.000000 0.000000 1.000000 0.000000
0.969293 0.245911 0.000000 210.551432 -0.245911 0.969293 0.000000 -25.011272 0.000000 0.000000 1.000000 0.000000
0.969449 0.245293 0.000000 211.072100 -0.245293 0.969449 0.000000 -25.159748 0.000000 0.000000 1.000000 0.000000
