0.999993 -0.003689 0.000000 0.626342 0.003689 0.999993 0.000000 -0.029445 0.000000 0.000000 1.000000 0.000000
0.999999 -0.001698 0.000000 1.255923 0.001698 0.999999 0.000000 -0.037342 0.000000 0.000000 1.000000 0.000000
0.999999 0.001728 0.000000 2.396272 -0.001728 0.999999 0.000000 -0.124418 0.000000 0.000000 1.000000 0.000000
0.999993 -0.003846 0.000000 3.023542 0.003846 0.999993 0.000000 -0.146772 0.000000 0.000000 1.000000 0.000000
0.999991 -0.004273 0.000000 3.651992 0.004273 0.999991 0.000000 -0.159217 0.000000 0.000000 1.000000 0.000000
0.999981 -0.006210 0.000000 4.278909 0.006210 0.999981 0.000000 -0.174825 0.000000 0.000000 1.000000 0.000000
0.999979 -0.006469 0.000000 4.944788 0.006469 0.999979 0.000000 -0.201097 0.000000 0.000000 1.000000 0.000000
0.999975 -0.007053 0.000000 5.571789 0.007053 0.999975 0.000000 -0.213986 0.000000 0.000000 1.000000 0.000000
0.999974 -0.007213 0.000000 6.194729 0.007213 0.999974 0.000000 -0.222735 0.000000 0.000000 1.000000 0.000000
0.999955 -0.009471 0.000000 6.818150 0.009471 0.999955 0.000000 -0.236074 0.000000 0.000000 1.000000 0.000000
0.999932 -0.011674 0.000000 7.439649 0.011674 0.999932 0.000000 -0.247930 0.000000 0.000000 1.000000 0.000000
0.999936 -0.011314 0.000000 8.064887 0.011314 0.999936 0.000000 -0.252911 0.000000 0.000000 1.000000 0.000000
0.999921 -0.012541 0.000000 8.691402 0.012541 0.999921 0.000000 -0.267055 0.000000 0.000000 1.000000 0.000000
0.999927 -0.012044 0.000000 9.319094 0.012044 0.999927 0.000000 -0.275115 0.000000 0.000000 1.000000 0.000000
0.999913 -0.013160 0.000000 9.973033 0.013160 0.999913 0.000000 -0.286537 0.000000 0.000000 1.000000 0.000000
0.999910 -0.013433 0.000000 10.560058 0.013433 0.999910 0.000000 -0.292361 0.000000 0.000000 1.000000 0.000000
0.999916 -0.012925 0.000000 11.182620 0.012925 0.999916 0.000000 -0.303048 0.000000 0.000000 1.000000 0.000000
0.999859 -0.016804 0.000000 11.804555 0.016804 0.999859 0.000000 -0.323111 0.000000 0.000000 1.000000 0.000000
0.999824 -0.018771 0.000000 12.455988 0.018771 0.999824 0.000000 -0.324472 0.000000 0.000000 1.000000 0.000000
0.999693 -0.024760 0.000000 13.086844 0.024760 0.999693 0.000000 -0.347519 0.000000 0.000000 1.000000 0.000000
0.999653 -0.026337 0.000000 13.709720 0.026337 0.999653 0.000000 -0.347125 0.000000 0.000000 1.000000 0.000000
0.999713 -0.023972 0.000000 14.328814 0.023972 0.999713 0.000000 -0.345890 0.000000 0.000000 1.000000 0.000000
0.999666 -0.025824 0.000000 14.953903 0.025824 0.999666 0.000000 -0.347652 0.000000 0.000000 1.000000 0.000000
0.999665 -0.025866 0.000000 15.566024 0.025866 0.999665 0.000000 -0.351059 0.000000 0.000000 1.000000 0.000000
0.999648 -0.026525 0.000000 16.151346 0.026525 0.999648 0.000000 -0.351476 0.000000 0.000000 1.000000 0.000000
0.999649 -0.026504 0.000000 16.773825 0.026504 0.999649 0.000000 -0.350083 0.000000 0.000000 1.000000 0.000000
0.999671 -0.025669 0.000000 17.399009 0.025669 0.999671 0.000000 -0.346787 0.000000 0.000000 1.000000 0.000000
0.999613 -0.027821 0.000000 17.981571 0.027821 0.999613 0.000000 -0.350767 0.000000 0.000000 1.000000 0.000000
0.999539 -0.030353 0.000000 18.608193 0.030353 0.999539 0.000000 -0.351823 0.000000 0.000000 1.000000 0.000000
0.999470 -0.032566 0.000000 19.219718 0.032566 0.999470 0.000000 -0.354365 0.000000 0.000000 1.000000 0.000000
0.999443 -0.033385 0.000000 19.808653 0.033385 0.999443 0.000000 -0.357432 0.000000 0.000000 1.000000 0.000000
0.999445 -0.033321 0.000000 20.430888 0.033321 0.999445 0.000000 -0.357205 0.000000 0.000000 1.000000 0.000000
0.999455 -0.033002 0.000000 21.060361 0.033002 0.999455 0.000000 -0.356635 0.000000 0.000000 1.000000 0.000000
0.999515 -0.031127 0.000000 21.680751 0.031127 0.999515 0.000000 -0.350230 0.000000 0.000000 1.000000 0.000000
0.999635 -0.027032 0.000000 22.262204 0.027032 0.999635 0.000000 -0.342097 0.000000 0.000000 1.000000 0.000000
0.999707 -0.024201 0.000000 22.897281 0.024201 0.999707 0.000000 -0.342804 0.000000 0.000000 1.000000 0.000000
0.999744 -0.022624 0.000000 23.484917 0.022624 0.999744 0.000000 -0.341222 0.000000 0.000000 1.000000 0.000000
0.999737 -0.022947 0.000000 24.135385 0.022947 0.999737 0.000000 -0.347314 0.000000 0.000000 1.000000 0.000000
0.999731 -0.023192 0.000000 24.773593 0.023192 0.999731 0.000000 -0.351140 0.000000 0.000000 1.000000 0.000000
0.999795 -0.020229 0.000000 25.592740 0.020229 0.999795 0.000000 -0.348654 0.000000 0.000000 1.000000 0.000000
0.999831 -0.018395 0.000000 26.226425 0.018395 0.999831 0.000000 -0.345173 0.000000 0.000000 1.000000 0.000000
0.999864 -0.016471 0.000000 26.865230 0.016471 0.999864 0.000000 -0.344307 0.000000 0.000000 1.000000 0.000000
0.999902 -0.013999 0.000000 27.491252 0.013999 0.999902 0.000000 -0.348898 0.000000 0.000000 1.000000 0.000000
0.999893 -0.014625 0.000000 28.124297 0.014625 0.999893 0.000000 -0.359225 0.000000 0.000000 1.000000 0.000000
0.999938 -0.011155 0.000000 28.759923 0.011155 0.999938 0.000000 -0.360666 0.000000 0.000000 1.000000 0.000000
0.999962 -0.008664 0.000000 29.393656 0.008664 0.999962 0.000000 -0.368438 0.000000 0.000000 1.000000 0.000000
0.999991 -0.004256 0.000000 30.035237 0.004256 0.999991 0.000000 -0.373963 0.000000 0.000000 1.000000 0.000000
0.999991 -0.004127 0.000000 30.669960 0.004127 0.999991 0.000000 -0.392826 0.000000 0.000000 1.000000 0.000000
1.000000 -0.000213 0.000000 31.295538 0.000213 1.000000 0.000000 -0.402601 0.000000 0.000000 1.000000 0.000000
1.000000 -0.000488 0.000000 31.934767 0.000488 1.000000 0.000000 -0.420698 0.000000 0.000000 1.000000 0.000000
0.999999 0.001336 0.000000 32.571242 -0.001336 0.999999 0.000000 -0.438295 0.000000 0.000000 1.000000 0.000000
0.999995 0.003300 0.000000 33.210142 -0.003300 0.999995 0.000000 -0.453093 0.000000 0.000000 1.000000 0.000000
0.999996 0.002994 0.000000 33.842954 -0.002994 0.999996 0.000000 -0.478593 0.000000 0.000000 1.000000 0.000000
0.999989 0.004627 0.000000 34.436282 -0.004627 0.999989 0.000000 -0.500491 0.000000 0.000000 1.000000 0.000000
0.999960 0.008944 0.000000 35.082458 -0.008944 0.999960 0.000000 -0.518628 0.000000 0.000000 1.000000 0.000000
0.999952 0.009811 0.000000 35.709759 -0.009811 0.999952 0.000000 -0.539247 0.000000 0.000000 1.000000 0.000000
0.999954 0.009548 0.000000 36.358527 -0.009548 0.999954 0.000000 -0.567394 0.000000 0.000000 1.000000 0.000000
0.999944 0.010567 0.000000 36.997961 -0.010567 0.999944 0.000000 -0.589492 0.000000 0.000000 1.000000 0.000000
0.999932 0.011625 0.000000 37.629764 -0.011625 0.999932 0.000000 -0.614152 0.000000 0.000000 1.000000 0.000000
0.999933 0.011606 0.000000 38.276625 -0.011606 0.999933 0.000000 -0.636392 0.000000 0.000000 1.000000 0.000000
0.999924 0.012367 0.000000 38.923050 -0.012367 0.999924 0.000000 -0.657134 0.000000 0.000000 1.000000 0.000000
0.999887 0.015000 0.000000 39.570056 -0.015000 0.999887 0.000000 -0.680559 0.000000 0.000000 1.000000 0.000000
0.999870 0.016148 0.000000 40.210332 -0.016148 0.999870 0.000000 -0.707069 0.000000 0.000000 1.000000 0.000000
0.999885 0.015179 0.000000 40.868105 -0.015179 0.999885 0.000000 -0.740724 0.000000 0.000000 1.000000 0.000000
0.999867 0.016299 0.000000 41.478092 -0.016299 0.999867 0.000000 -0.763729 0.000000 0.000000 1.000000 0.000000
0.999904 0.013851 0.000000 42.129678 -0.013851 0.999904 0.000000 -0.793135 0.000000 0.000000 1.000000 0.000000
0.999880 0.015507 0.000000 42.766597 -0.015507 0.999880 0.000000 -0.817394 0.000000 0.000000 1.000000 0.000000
0.999919 0.012754 0.000000 43.438412 -0.012754 0.999919 0.000000 -0.845544 0.000000 0.000000 1.000000 0.000000
0.999946 0.010386 0.000000 44.097971 -0.010386 0.999946 0.000000 -0.875982 0.000000 0.000000 1.000000 0.000000
0.999945 0.010444 0.000000 44.745398 -0.010444 0.999945 0.000000 -0.896391 0.000000 0.000000 1.000000 0.000000
0.999935 0.011445 0.000000 45.367388 -0.011445 0.999935 0.000000 -0.913206 0.000000 0.000000 1.000000 0.000000
0.999898 0.014291 0.000000 46.026554 -0.014291 0.999898 0.000000 -0.931464 0.000000 0.000000 1.000000 0.000000
0.999871 0.016069 0.000000 46.685777 -0.016069 0.999871 0.000000 -0.957594 0.000000 0.000000 1.000000 0.000000
0.999848 0.017463 0.000000 47.350376 -0.017463 0.999848 0.000000 -0.981630 0.000000 0.000000 1.000000 0.000000
0.999906 0.013712 0.000000 48.011845 -0.013712 0.999906 0.000000 -1.009651 0.000000 0.000000 1.000000 0.000000
0.999892 0.014726 0.000000 48.675271 -0.014726 0.999892 0.000000 -1.036360 0.000000 0.000000 1.000000 0.000000
0.999902 0.013980 0.000000 49.697796 -0.013980 0.999902 0.000000 -1.079374 0.000000 0.000000 1.000000 0.000000
0.999912 0.013234 0.000000 50.385798 -0.013234 0.999912 0.000000 -1.105712 0.000000 0.000000 1.000000 0.000000
0.999914 0.013126 0.000000 51.020348 -0.013126 0.999914 0.000000 -1.132479 0.000000 0.000000 1.000000 0.000000
0.999907 0.013646 0.000000 51.680947 -0.013646 0.999907 0.000000 -1.161442 0.000000 0.000000 1.000000 0.000000
0.999895 0.014457 0.000000 52.337922 -0.014457 0.999895 0.000000 -1.188062 0.000000 0.000000 1.000000 0.000000
0.999920 0.012627 0.000000 52.990721 -0.012627 0.999920 0.000000 -1.215349 0.000000 0.000000 1.000000 0.000000
0.999919 0.012702 0.000000 53.643998 -0.012702 0.999919 0.000000 -1.246442 0.000000 0.000000 1.000000 0.000000
0.999927 0.012097 0.000000 54.293636 -0.012097 0.999927 0.000000 -1.268643 0.000000 0.000000 1.000000 0.000000
0.999953 0.009684 0.000000 55.663210 -0.009684 0.999953 0.000000 -1.320236 0.000000 0.000000 1.000000 0.000000
0.999983 0.005893 0.000000 56.315996 -0.005893 0.999983 0.000000 -1.340399 0.000000 0.000000 1.000000 0.000000
0.999989 0.004656 0.000000 56.949997 -0.004656 0.999989 0.000000 -1.365011 0.000000 0.000000 1.000000 0.000000
0.999985 0.005389 0.000000 57.589343 -0.005389 0.999985 0.000000 -1.390465 0.000000 0.000000 1.000000 0.000000
0.999980 0.006327 0.000000 58.227203 -0.006327 0.999980 0.000000 -1.418574 0.000000 0.000000 1.000000 0.000000
0.999988 0.004942 0.000000 58.901402 -0.004942 0.999988 0.000000 -1.447334 0.000000 0.000000 1.000000 0.000000
0.999982 0.006051 0.000000 59.533313 -0.006051 0.999982 0.000000 -1.466523 0.000000 0.000000 1.000000 0.000000
0.999975 0.007091 0.000000 60.138892 -0.007091 0.999975 0.000000 -1.485444 0.000000 0.000000 1.000000 0.000000
0.999970 0.007723 0.000000 60.769535 -0.007723 0.999970 0.000000 -1.510050 0.000000 0.000000 1.000000 0.000000
0.999962 0.008690 0.000000 61.358756 -0.008690 0.999962 0.000000 -1.536628 0.000000 0.000000 1.000000 0.000000
0.999960 0.008929 0.000000 61.985742 -0.008929 0.999960 0.000000 -1.563548 0.000000 0.000000 1.000000 0.000000
0.999964 0.008437 0.000000 62.611752 -0.008437 0.999964 0.000000 -1.593654 0.000000 0.000000 1.000000 0.000000
0.999964 0.008459 0.000000 63.193156 -0.008459 0.999964 0.000000 -1.620047 0.000000 0.000000 1.000000 0.000000
0.999974 0.007217 0.000000 63.795295 -0.007217 0.999974 0.000000 -1.652834 0.000000 0.000000 1.000000 0.000000
0.999973 0.007336 0.000000 64.426948 -0.007336 0.999973 0.000000 -1.679586 0.000000 0.000000 1.000000 0.000000
0.999977 0.006779 0.000000 64.998931 -0.006779 0.999977 0.000000 -1.707769 0.000000 0.000000 1.000000 0.000000
0.999974 0.007195 0.000000 65.617694 -0.007195 0.999974 0.000000 -1.729653 0.000000 0.000000 1.000000 0.000000
0.999944 0.010570 0.000000 66.191444 -0.010570 0.999944 0.000000 -1.747281 0.000000 0.000000 1.000000 0.000000
0.999933 0.011607 0.000000 66.794955 -0.011607 0.999933 0.000000 -1.772274 0.000000 0.000000 1.000000 0.000000
0.999925 0.012287 0.000000 67.404217 -0.012287 0.999925 0.000000 -1.797648 0.000000 0.000000 1.000000 0.000000
0.999906 0.013735 0.000000 68.247807 -0.013735 0.999906 0.000000 -1.835389 0.000000 0.000000 1.000000 0.000000
0.999878 0.015598 0.000000 68.843697 -0.015598 0.999878 0.000000 -1.864354 0.000000 0.000000 1.000000 0.000000
0.999924 0.012311 0.000000 69.442757 -0.012311 0.999924 0.000000 -1.893412 0.000000 0.000000 1.000000 0.000000
0.999921 0.012552 0.000000 70.037407 -0.012552 0.999921 0.000000 -1.916065 0.000000 0.000000 1.000000 0.000000
0.999955 0.009512 0.000000 70.635129 -0.009512 0.999955 0.000000 -1.940104 0.000000 0.000000 1.000000 0.000000
0.999968 0.007980 0.000000 71.239096 -0.007980 0.999968 0.000000 -1.964146 0.000000 0.000000 1.000000 0.000000
0.999967 0.008119 0.000000 71.874108 -0.008119 0.999967 0.000000 -1.983778 0.000000 0.000000 1.000000 0.000000
0.999973 0.007337 0.000000 72.468636 -0.007337 0.999973 0.000000 -2.008344 0.000000 0.000000 1.000000 0.000000
0.999961 0.008808 0.000000 73.066901 -0.008808 0.999961 0.000000 -2.030039 0.000000 0.000000 1.000000 0.000000
0.999976 0.006947 0.000000 74.240158 -0.006947 0.999976 0.000000 -2.076499 0.000000 0.000000 1.000000 0.000000
0.999970 0.007738 0.000000 74.823407 -0.007738 0.999970 0.000000 -2.097862 0.000000 0.000000 1.000000 0.000000
0.999953 0.009736 0.000000 75.403015 -0.009736 0.999953 0.000000 -2.129197 0.000000 0.000000 1.000000 0.000000
0.999950 0.009988 0.000000 75.982601 -0.009988 0.999950 0.000000 -2.160454 0.000000 0.000000 1.000000 0.000000
0.999927 0.012071 0.000000 76.560768 -0.012071 0.999927 0.000000 -2.185245 0.000000 0.000000 1.000000 0.000000
0.999930 0.011803 0.000000 77.132929 -0.011803 0.999930 0.000000 -2.220833 0.000000 0.000000 1.000000 0.000000
0.999951 0.009914 0.000000 77.705156 -0.009914 0.999951 0.000000 -2.248327 0.000000 0.000000 1.000000 0.000000
0.999958 0.009186 0.000000 78.269437 -0.009186 0.999958 0.000000 -2.278023 0.000000 0.000000 1.000000 0.000000
0.999950 0.009978 0.000000 78.831181 -0.009978 0.999950 0.000000 -2.306649 0.000000 0.000000 1.000000 0.000000
0.999948 0.010172 0.000000 79.386242 -0.010172 0.999948 0.000000 -2.336792 0.000000 0.000000 1.000000 0.000000
0.999950 0.009958 0.000000 79.935451 -0.009958 0.999950 0.000000 -2.365151 0.000000 0.000000 1.000000 0.000000
0.999948 0.010150 0.000000 80.482044 -0.010150 0.999948 0.000000 -2.395989 0.000000 0.000000 1.000000 0.000000
0.999928 0.011983 0.000000 81.026759 -0.011983 0.999928 0.000000 -2.424864 0.000000 0.000000 1.000000 0.000000
0.999908 0.013572 0.000000 81.541522 -0.013572 0.999908 0.000000 -2.449903 0.000000 0.000000 1.000000 0.000000
0.999866 0.016395 0.000000 82.084256 -0.016395 0.999866 0.000000 -2.473600 0.000000 0.000000 1.000000 0.000000
0.999811 0.019420 0.000000 82.606042 -0.019420 0.999811 0.000000 -2.491759 0.000000 0.000000 1.000000 0.000000
0.999811 0.019420 0.000000 83.112343 -0.019420 0.999811 0.000000 -2.521625 0.000000 0.000000 1.000000 0.000000
0.999816 0.019159 0.000000 83.647264 -0.019159 0.999816 0.000000 -2.553648 0.000000 0.000000 1.000000 0.000000
0.999816 0.019198 0.000000 84.173011 -0.019198 0.999816 0.000000 -2.580334 0.000000 0.000000 1.000000 0.000000
0.999800 0.019977 0.000000 84.664007 -0.019977 0.999800 0.000000 -2.608843 0.000000 0.000000 1.000000 0.000000
0.999755 0.022140 0.000000 85.190245 -0.022140 0.999755 0.000000 -2.637141 0.000000 0.000000 1.000000 0.000000
0.999771 0.021385 0.000000 85.704918 -0.021385 0.999771 0.000000 -2.666924 0.000000 0.000000 1.000000 0.000000
0.999764 0.021705 0.000000 86.188102 -0.021705 0.999764 0.000000 -2.689777 0.000000 0.000000 1.000000 0.000000
0.999739 0.022853 0.000000 86.707985 -0.022853 0.999739 0.000000 -2.712829 0.000000 0.000000 1.000000 0.000000
0.999692 0.024798 0.000000 87.219894 -0.024798 0.999692 0.000000 -2.739273 0.000000 0.000000 1.000000 0.000000
0.999677 0.025422 0.000000 87.696328 -0.025422 0.999677 0.000000 -2.768304 0.000000 0.000000 1.000000 0.000000
0.999678 0.025382 0.000000 88.204977 -0.025382 0.999678 0.000000 -2.800336 0.000000 0.000000 1.000000 0.000000
0.999633 0.027086 0.000000 88.682556 -0.027086 0.999633 0.000000 -2.830185 0.000000 0.000000 1.000000 0.000000
0.999623 0.027470 0.000000 89.178136 -0.027470 0.999623 0.000000 -2.864079 0.000000 0.000000 1.000000 0.000000
0.999649 0.026485 0.000000 89.836287 -0.026485 0.999649 0.000000 -2.903892 0.000000 0.000000 1.000000 0.000000
0.999650 0.026458 0.000000 90.329996 -0.026458 0.999650 0.000000 -2.932055 0.000000 0.000000 1.000000 0.000000
0.999637 0.026936 0.000000 90.823589 -0.026936 0.999637 0.000000 -2.956912 0.000000 0.000000 1.000000 0.000000
0.999658 0.026146 0.000000 91.309222 -0.026146 0.999658 0.000000 -2.986225 0.000000 0.000000 1.000000 0.000000
0.999708 0.024164 0.000000 91.792410 -0.024164 0.999708 0.000000 -3.020145 0.000000 0.000000 1.000000 0.000000
0.999728 0.023306 0.000000 92.274360 -0.023306 0.999728 0.000000 -3.052898 0.000000 0.000000 1.000000 0.000000
0.999678 0.025391 0.000000 92.746583 -0.025391 0.999678 0.000000 -3.078971 0.000000 0.000000 1.000000 0.000000
0.999538 0.030405 0.000000 93.695799 -0.030405 0.999538 0.000000 -3.143582 0.000000 0.000000 1.000000 0.000000
0.999494 0.031809 0.000000 94.163841 -0.031809 0.999494 0.000000 -3.178978 0.000000 0.000000 1.000000 0.000000
0.999388 0.034982 0.000000 94.638047 -0.034982 0.999388 0.000000 -3.211172 0.000000 0.000000 1.000000 0.000000
0.999347 0.036145 0.000000 95.101836 -0.036145 0.999347 0.000000 -3.252840 0.000000 0.000000 1.000000 0.000000
0.999253 0.038651 0.000000 95.575573 -0.038651 0.999253 0.000000 -3.289325 0.000000 0.000000 1.000000 0.000000
0.999213 0.039663 0.000000 96.037917 -0.039663 0.999213 0.000000 -3.331739 0.000000 0.000000 1.000000 0.000000
0.999105 0.042302 0.000000 96.506497 -0.042302 0.999105 0.000000 -3.369233 0.000000 0.000000 1.000000 0.000000
0.998872 0.047491 0.000000 96.965343 -0.047491 0.998872 0.000000 -3.400277 0.000000 0.000000 1.000000 0.000000
0.998737 0.050251 0.000000 97.423570 -0.050251 0.998737 0.000000 -3.435323 0.000000 0.000000 1.000000 0.000000
0.998617 0.052567 0.000000 97.875351 -0.052567 0.998617 0.000000 -3.478435 0.000000 0.000000 1.000000 0.000000
0.998524 0.054308 0.000000 98.304282 -0.054308 0.998524 0.000000 -3.517720 0.000000 0.000000 1.000000 0.000000
0.998476 0.055184 0.000000 98.743963 -0.055184 0.998476 0.000000 -3.559997 0.000000 0.000000 1.000000 0.000000
0.998473 0.055244 0.000000 99.173564 -0.055244 0.998473 0.000000 -3.610637 0.000000 0.000000 1.000000 0.000000
0.998328 0.057806 0.000000 99.605126 -0.057806 0.998328 0.000000 -3.652450 0.000000 0.000000 1.000000 0.000000
0.998247 0.059184 0.000000 100.033306 -0.059184 0.998247 0.000000 -3.689363 0.000000 0.000000 1.000000 0.000000
0.997886 0.064986 0.000000 100.453780 -0.064986 0.997886 0.000000 -3.728719 0.000000 0.000000 1.000000 0.000000
0.997578 0.069553 0.000000 100.871714 -0.069553 0.997578 0.000000 -3.764330 0.000000 0.000000 1.000000 0.000000
0.997560 0.069814 0.000000 101.278842 -0.069814 0.997560 0.000000 -3.804409 0.000000 0.000000 1.000000 0.000000
0.997716 0.067551 0.000000 101.692846 -0.067551 0.997716 0.000000 -3.850237 0.000000 0.000000 1.000000 0.000000
0.997599 0.069254 0.000000 102.100757 -0.069254 0.997599 0.000000 -3.891091 0.000000 0.000000 1.000000 0.000000
0.997691 0.067918 0.000000 102.495443 -0.067918 0.997691 0.000000 -3.943153 0.000000 0.000000 1.000000 0.000000
0.997370 0.072479 0.000000 102.894785 -0.072479 0.997370 0.000000 -3.984004 0.000000 0.000000 1.000000 0.000000
0.997023 0.077107 0.000000 103.276802 -0.077107 0.997023 0.000000 -4.021608 0.000000 0.000000 1.000000 0.000000
0.997119 0.075851 0.000000 103.679618 -0.075851 0.997119 0.000000 -4.070957 0.000000 0.000000 1.000000 0.000000
0.996939 0.078181 0.000000 104.077249 -0.078181 0.996939 0.000000 -4.110849 0.000000 0.000000 1.000000 0.000000
0.996716 0.080979 0.000000 104.456177 -0.080979 0.996716 0.000000 -4.152090 0.000000 0.000000 1.000000 0.000000
0.996354 0.085314 0.000000 104.863300 -0.085314 0.996354 0.000000 -4.193568 0.000000 0.000000 1.000000 0.000000
0.996074 0.088528 0.000000 105.266514 -0.088528 0.996074 0.000000 -4.240184 0.000000 0.000000 1.000000 0.000000
0.995807 0.091479 0.000000 105.832591 -0.091479 0.995807 0.000000 -4.307085 0.000000 0.000000 1.000000 0.000000
0.995644 0.093231 0.000000 106.244526 -0.093231 0.995644 0.000000 -4.361759 0.000000 0.000000 1.000000 0.000000
0.995456 0.095226 0.000000 106.658728 -0.095226 0.995456 0.000000 -4.415359 0.000000 0.000000 1.000000 0.000000
0.995241 0.097443 0.000000 107.075097 -0.097443 0.995241 0.000000 -4.471829 0.000000 0.000000 1.000000 0.000000
0.995085 0.099026 0.000000 107.488751 -0.099026 0.995085 0.000000 -4.527936 0.000000 0.000000 1.000000 0.000000
0.995102 0.098851 0.000000 107.898473 -0.098851 0.995102 0.000000 -4.560549 0.000000 0.000000 1.000000 0.000000
0.994848 0.101380 0.000000 108.317721 -0.101380 0.994848 0.000000 -4.612908 0.000000 0.000000 1.000000 0.000000
0.994289 0.106720 0.000000 108.742187 -0.106720 0.994289 0.000000 -4.671561 0.000000 0.000000 1.000000 0.000000
0.993966 0.109689 0.000000 109.475139 -0.109689 0.993966 0.000000 -4.799402 0.000000 0.000000 1.000000 0.000000
0.994046 0.108961 0.000000 109.904228 -0.108961 0.994046 0.000000 -4.865342 0.000000 0.000000 1.000000 0.000000
0.993926 0.110052 0.000000 110.342360 -0.110052 0.993926 0.000000 -4.926206 0.000000 0.000000 1.000000 0.000000
0.994003 0.109350 0.000000 110.774030 -0.109350 0.994003 0.000000 -4.983917 0.000000 0.000000 1.000000 0.000000
0.993687 0.112184 0.000000 111.211489 -0.112184 0.993687 0.000000 -5.024122 0.000000 0.000000 1.000000 0.000000
0.993607 0.112896 0.000000 111.650559 -0.112896 0.993607 0.000000 -5.083078 0.000000 0.000000 1.000000 0.000000
0.993685 0.112202 0.000000 112.092547 -0.112202 0.993685 0.000000 -5.141582 0.000000 0.000000 1.000000 0.000000
0.993668 0.112354 0.000000 112.537588 -0.112354 0.993668 0.000000 -5.202806 0.000000 0.000000 1.000000 0.000000
0.993654 0.112478 0.000000 112.982463 -0.112478 0.993654 0.000000 -5.268891 0.000000 0.000000 1.000000 0.000000
0.993268 0.115835 0.000000 113.432427 -0.115835 0.993268 0.000000 -5.330322 0.000000 0.000000 1.000000 0.000000
0.993186 0.116537 0.000000 113.883524 -0.116537 0.993186 0.000000 -5.401962 0.000000 0.000000 1.000000 0.000000
0.993291 0.115638 0.000000 114.715684 -0.115638 0.993291 0.000000 -5.525411 0.000000 0.000000 1.000000 0.000000
0.992981 0.118275 0.000000 115.180976 -0.118275 0.992981 0.000000 -5.584913 0.000000 0.000000 1.000000 0.000000
0.992910 0.118869 0.000000 115.642273 -0.118869 0.992910 0.000000 -5.654482 0.000000 0.000000 1.000000 0.000000
0.992684 0.120739 0.000000 116.103382 -0.120739 0.992684 0.000000 -5.733104 0.000000 0.000000 1.000000 0.000000
0.992546 0.121874 0.000000 116.564077 -0.121874 0.992546 0.000000 -5.809461 0.000000 0.000000 1.000000 0.000000
0.992420 0.122893 0.000000 117.027974 -0.122893 0.992420 0.000000 -5.886574 0.000000 0.000000 1.000000 0.000000
0.991947 0.126653 0.000000 117.493853 -0.126653 0.991947 0.000000 -5.959924 0.000000 0.000000 1.000000 0.000000
0.991356 0.131203 0.000000 117.964697 -0.131203 0.991356 0.000000 -6.033804 0.000000 0.000000 1.000000 0.000000
0.990740 0.135776 0.000000 118.468232 -0.135776 0.990740 0.000000 -6.114641 0.000000 0.000000 1.000000 0.000000
0.990647 0.136451 0.000000 118.908150 -0.136451 0.990647 0.000000 -6.190695 0.000000 0.000000 1.000000 0.000000
0.990362 0.138503 0.000000 119.407055 -0.138503 0.990362 0.000000 -6.283242 0.000000 0.000000 1.000000 0.000000
0.990223 0.139495 0.000000 119.881046 -0.139495 0.990223 0.000000 -6.365697 0.000000 0.000000 1.000000 0.000000
0.990617 0.136669 0.000000 120.349715 -0.136669 0.990617 0.000000 -6.441800 0.000000 0.000000 1.000000 0.000000
0.990367 0.138470 0.000000 120.819822 -0.138470 0.990367 0.000000 -6.521053 0.000000 0.000000 1.000000 0.000000
0.990115 0.140255 0.000000 121.291507 -0.140255 0.990115 0.000000 -6.603440 0.000000 0.000000 1.000000 0.000000
0.989559 0.144131 0.000000 121.783821 -0.144131 0.989559 0.000000 -6.686986 0.000000 0.000000 1.000000 0.000000
0.988534 0.150998 0.000000 122.262167 -0.150998 0.988534 0.000000 -6.763671 0.000000 0.000000 1.000000 0.000000
0.987910 0.155025 0.000000 122.740619 -0.155025 0.987910 0.000000 -6.848262 0.000000 0.000000 1.000000 0.000000
0.987664 0.156588 0.000000 123.192867 -0.156588 0.987664 0.000000 -6.930418 0.000000 0.000000 1.000000 0.000000
0.987028 0.160548 0.000000 123.675806 -0.160548 0.987028 0.000000 -7.019214 0.000000 0.000000 1.000000 0.000000
0.986799 0.161949 0.000000 124.159236 -0.161949 0.986799 0.000000 -7.114437 0.000000 0.000000 1.000000 0.000000
0.986565 0.163371 0.000000 124.955785 -0.163371 0.986565 0.000000 -7.271406 0.000000 0.000000 1.000000 0.000000
0.987351 0.158550 0.000000 125.442938 -0.158550 0.987351 0.000000 -7.375746 0.000000 0.000000 1.000000 0.000000
0.988859 0.148852 0.000000 126.423434 -0.148852 0.988859 0.000000 -7.586238 0.000000 0.000000 1.000000 0.000000
0.989469 0.144746 0.000000 126.916009 -0.144746 0.989469 0.000000 -7.687880 0.000000 0.000000 1.000000 0.000000
0.989672 0.143351 0.000000 127.413594 -0.143351 0.989672 0.000000 -7.777768 0.000000 0.000000 1.000000 0.000000
0.990097 0.140382 0.000000 127.914044 -0.140382 0.990097 0.000000 -7.870976 0.000000 0.000000 1.000000 0.000000
0.989658 0.143448 0.000000 128.416947 -0.143448 0.989658 0.000000 -7.949536 0.000000 0.000000 1.000000 0.000000
0.990056 0.140675 0.000000 128.908656 -0.140675 0.990056 0.000000 -8.039583 0.000000 0.000000 1.000000 0.000000
0.989835 0.142222 0.000000 129.446334 -0.142222 0.989835 0.000000 -8.130051 0.000000 0.000000 1.000000 0.000000
0.989574 0.144027 0.000000 129.937627 -0.144027 0.989574 0.000000 -8.210456 0.000000 0.000000 1.000000 0.000000
0.989450 0.144875 0.000000 130.449497 -0.144875 0.989450 0.000000 -8.291391 0.000000 0.000000 1.000000 0.000000
0.989443 0.144920 0.000000 130.964087 -0.144920 0.989443 0.000000 -8.377094 0.000000 0.000000 1.000000 0.000000
0.989457 0.144830 0.000000 131.446449 -0.144830 0.989457 0.000000 -8.459892 0.000000 0.000000 1.000000 0.000000
0.989558 0.144133 0.000000 131.963561 -0.144133 0.989558 0.000000 -8.554946 0.000000 0.000000 1.000000 0.000000
0.989257 0.146190 0.000000 132.491310 -0.146190 0.989257 0.000000 -8.638920 0.000000 0.000000 1.000000 0.000000
0.989635 0.143609 0.000000 132.980757 -0.143609 0.989635 0.000000 -8.723155 0.000000 0.000000 1.000000 0.000000
0.989507 0.144484 0.000000 133.508570 -0.144484 0.989507 0.000000 -8.812897 0.000000 0.000000 1.000000 0.000000
0.989024 0.147757 0.000000 134.043801 -0.147757 0.989024 0.000000 -8.897557 0.000000 0.000000 1.000000 0.000000
0.988767 0.149463 0.000000 134.671241 -0.149463 0.988767 0.000000 -9.001496 0.000000 0.000000 1.000000 0.000000
0.987861 0.155341 0.000000 135.242215 -0.155341 0.987861 0.000000 -9.082985 0.000000 0.000000 1.000000 0.000000
0.987385 0.158339 0.000000 135.739517 -0.158339 0.987385 0.000000 -9.183856 0.000000 0.000000 1.000000 0.000000
0.986970 0.160905 0.000000 136.276650 -0.160905 0.986970 0.000000 -9.277081 0.000000 0.000000 1.000000 0.000000
0.986510 0.163702 0.000000 136.811603 -0.163702 0.986510 0.000000 -9.376737 0.000000 0.000000 1.000000 0.000000
0.986387 0.164442 0.000000 137.352137 -0.164442 0.986387 0.000000 -9.481676 0.000000 0.000000 1.000000 0.000000
0.985851 0.167621 0.000000 141.248533 -0.167621 0.985851 0.000000 -10.210884 0.000000 0.000000 1.000000 0.000000
0.986833 0.161742 0.000000 141.761058 -0.161742 0.986833 0.000000 -10.322078 0.000000 0.000000 1.000000 0.000000
0.990035 0.140824 0.000000 142.916064 -0.140824 0.990035 0.000000 -10.513537 0.000000 0.000000 1.000000 0.000000
0.989732 0.142932 0.000000 144.046617 -0.142932 0.989732 0.000000 -10.721002 0.000000 0.000000 1.000000 0.000000
0.989586 0.143945 0.000000 144.611804 -0.143945 0.989586 0.000000 -10.825840 0.000000 0.000000 1.000000 0.000000
0.989594 0.143890 0.000000 145.180111 -0.143890 0.989594 0.000000 -10.934643 0.000000 0.000000 1.000000 0.000000
0.989709 0.143093 0.000000 145.747722 -0.143093 0.989709 0.000000 -11.043673 0.000000 0.000000 1.000000 0.000000
0.990165 0.139901 0.000000 146.320160 -0.139901 0.990165 0.000000 -11.155284 0.000000 0.000000 1.000000 0.000000
0.989810 0.142397 0.000000 146.889662 -0.142397 0.989810 0.000000 -11.248848 0.000000 0.000000 1.000000 0.000000
0.989537 0.144277 0.000000 147.463642 -0.144277 0.989537 0.000000 -11.348140 0.000000 0.000000 1.000000 0.000000
0.989733 0.142929 0.000000 148.040701 -0.142929 0.989733 0.000000 -11.467061 0.000000 0.000000 1.000000 0.000000
0.989713 0.143065 0.000000 148.439376 -0.143065 0.989713 0.000000 -11.536952 0.000000 0.000000 1.000000 0.000000
0.988796 0.149271 0.000000 149.349107 -0.149271 0.988796 0.000000 -11.686288 0.000000 0.000000 1.000000 0.000000
0.988707 0.149864 0.000000 149.928121 -0.149864 0.988707 0.000000 -11.811957 0.000000 0.000000 1.000000 0.000000
0.988169 0.153366 0.000000 150.498984 -0.153366 0.988169 0.000000 -11.913072 0.000000 0.000000 1.000000 0.000000
0.987362 0.158480 0.000000 151.079822 -0.158480 0.987362 0.000000 -12.015257 0.000000 0.000000 1.000000 0.000000
0.986551 0.163455 0.000000 151.698151 -0.163455 0.986551 0.000000 -12.131509 0.000000 0.000000 1.000000 0.000000
0.986178 0.165687 0.000000 152.232630 -0.165687 0.986178 0.000000 -12.240174 0.000000 0.000000 1.000000 0.000000
0.985957 0.167002 0.000000 152.841862 -0.167002 0.985957 0.000000 -12.371481 0.000000 0.000000 1.000000 0.000000
0.985736 0.168296 0.000000 153.414281 -0.168296 0.985736 0.000000 -12.486267 0.000000 0.000000 1.000000 0.000000
0.985359 0.170495 0.000000 153.991016 -0.170495 0.985359 0.000000 -12.594951 0.000000 0.000000 1.000000 0.000000
0.984884 0.173215 0.000000 154.563835 -0.173215 0.984884 0.000000 -12.700294 0.000000 0.000000 1.000000 0.000000
0.984975 0.172696 0.000000 155.123131 -0.172696 0.984975 0.000000 -12.814841 0.000000 0.000000 1.000000 0.000000
0.984943 0.172878 0.000000 155.698497 -0.172878 0.984943 0.000000 -12.899039 0.000000 0.000000 1.000000 0.000000
0.984674 0.174407 0.000000 156.271410 -0.174407 0.984674 0.000000 -13.006505 0.000000 0.000000 1.000000 0.000000
0.984705 0.174228 0.000000 156.836153 -0.174228 0.984705 0.000000 -13.123798 0.000000 0.000000 1.000000 0.000000
0.984124 0.177481 0.000000 157.408806 -0.177481 0.984124 0.000000 -13.232843 0.000000 0.000000 1.000000 0.000000
0.983782 0.179370 0.000000 157.980515 -0.179370 0.983782 0.000000 -13.347264 0.000000 0.000000 1.000000 0.000000
0.983069 0.183238 0.000000 159.116047 -0.183238 0.983069 0.000000 -13.577810 0.000000 0.000000 1.000000 0.000000
0.983322 0.181871 0.000000 159.680514 -0.181871 0.983322 0.000000 -13.705364 0.000000 0.000000 1.000000 0.000000
0.982381 0.186892 0.000000 160.210045 -0.186892 0.982381 0.000000 -13.808409 0.000000 0.000000 1.000000 0.000000
0.981738 0.190238 0.000000 160.790598 -0.190238 0.981738 0.000000 -13.926091 0.000000 0.000000 1.000000 0.000000
0.981752 0.190165 0.000000 161.346238 -0.190165 0.981752 0.000000 -14.046637 0.000000 0.000000 1.000000 0.000000
0.981856 0.189628 0.000000 162.446569 -0.189628 0.981856 0.000000 -14.288645 0.000000 0.000000 1.000000 0.000000
0.981765 0.190098 0.000000 163.000066 -0.190098 0.981765 0.000000 -14.414757 0.000000 0.000000 1.000000 0.000000
0.981483 0.191550 0.000000 163.534826 -0.191550 0.981483 0.000000 -14.530216 0.000000 0.000000 1.000000 0.000000
0.981644 0.190724 0.000000 164.099056 -0.190724 0.981644 0.000000 -14.653228 0.000000 0.000000 1.000000 0.000000
0.981112 0.193443 0.000000 164.661148 -0.193443 0.981112 0.000000 -14.773046 0.000000 0.000000 1.000000 0.000000
0.980391 0.197060 0.000000 165.194529 -0.197060 0.980391 0.000000 -14.877285 0.000000 0.000000 1.000000 0.000000
0.979607 0.200921 0.000000 165.946468 -0.200921 0.979607 0.000000 -15.034827 0.000000 0.000000 1.000000 0.000000
0.978981 0.203952 0.000000 166.513879 -0.203952 0.978981 0.000000 -15.152475 0.000000 0.000000 1.000000 0.000000
0.977782 0.209624 0.000000 167.078301 -0.209624 0.977782 0.000000 -15.271446 0.000000 0.000000 1.000000 0.000000
0.977509 0.210893 0.000000 167.678578 -0.210893 0.977509 0.000000 -15.413778 0.000000 0.000000 1.000000 0.000000
0.977766 0.209699 0.000000 168.210524 -0.209699 0.977766 0.000000 -15.545344 0.000000 0.000000 1.000000 0.000000
0.976814 0.214091 0.000000 168.811514 -0.214091 0.976814 0.000000 -15.697135 0.000000 0.000000 1.000000 0.000000
0.976878 0.213799 0.000000 169.384111 -0.213799 0.976878 0.000000 -15.823414 0.000000 0.000000 1.000000 0.000000
0.975533 0.219854 0.000000 169.960882 -0.219854 0.975533 0.000000 -15.947723 0.000000 0.000000 1.000000 0.000000
0.976128 0.217194 0.000000 170.539321 -0.217194 0.976128 0.000000 -16.104088 0.000000 0.000000 1.000000 0.000000
0.976407 0.215936 0.000000 171.104474 -0.215936 0.976407 0.000000 -16.241931 0.000000 0.000000 1.000000 0.000000
0.976301 0.216415 0.000000 171.676165 -0.216415 0.976301 0.000000 -16.387454 0.000000 0.000000 1.000000 0.000000
0.976851 0.213920 0.000000 172.239026 -0.213920 0.976851 0.000000 -16.536657 0.000000 0.000000 1.000000 0.000000
0.978136 0.207968 0.000000 172.808100 -0.207968 0.978136 0.000000 -16.693416 0.000000 0.000000 1.000000 0.000000
0.978843 0.204614 0.000000 173.379957 -0.204614 0.978843 0.000000 -16.837257 0.000000 0.000000 1.000000 0.000000
0.978673 0.205426 0.000000 173.956487 -0.205426 0.978673 0.000000 -16.971419 0.000000 0.000000 1.000000 0.000000
0.979083 0.203463 0.000000 174.530272 -0.203463 0.979083 0.000000 -17.114548 0.000000 0.000000 1.000000 0.000000
0.978656 0.205506 0.000000 175.095736 -0.205506 0.978656 0.000000 -17.241983 0.000000 0.000000 1.000000 0.000000
0.978470 0.206389 0.000000 175.636059 -0.206389 0.978470 0.000000 -17.368050 0.000000 0.000000 1.000000 0.000000
0.978515 0.206174 0.000000 176.247753 -0.206174 0.978515 0.000000 -17.506867 0.000000 0.000000 1.000000 0.000000
0.978560 0.205963 0.000000 176.786729 -0.205963 0.978560 0.000000 -17.629665 0.000000 0.000000 1.000000 0.000000
0.978101 0.208130 0.000000 177.369022 -0.208130 0.978101 0.000000 -17.763291 0.000000 0.000000 1.000000 0.000000
0.977387 0.211459 0.000000 177.945874 -0.211459 0.977387 0.000000 -17.897213 0.000000 0.000000 1.000000 0.000000
0.975668 0.219253 0.000000 178.526928 -0.219253 0.975668 0.000000 -18.033069 0.000000 0.000000 1.000000 0.000000
0.975145 0.221570 0.000000 179.110406 -0.221570 0.975145 0.000000 -18.175871 0.000000 0.000000 1.000000 0.000000
0.975001 0.222199 0.000000 179.686105 -0.222199 0.975001 0.000000 -18.319077 0.000000 0.000000 1.000000 0.000000
0.974820 0.222994 0.000000 180.259685 -0.222994 0.974820 0.000000 -18.463247 0.000000 0.000000 1.000000 0.000000
0.974287 0.225309 0.000000 180.832697 -0.225309 0.974287 0.000000 -18.602518 0.000000 0.000000 1.000000 0.000000
0.973609 0.228224 0.000000 181.412204 -0.228224 0.973609 0.000000 -18.741303 0.000000 0.000000 1.000000 0.000000
0.973733 0.227692 0.000000 181.988623 -0.227692 0.973733 0.000000 -18.891474 0.000000 0.000000 1.000000 0.000000
0.973856 0.227165 0.000000 182.553884 -0.227165 0.973856 0.000000 -19.041299 0.000000 0.000000 1.000000 0.000000
0.973200 0.229959 0.000000 183.131651 -0.229959 0.973200 0.000000 -19.185624 0.000000 0.000000 1.000000 0.000000
0.972693 0.232097 0.000000 183.704070 -0.232097 0.972693 0.000000 -19.329965 0.000000 0.000000 1.000000 0.000000
0.972623 0.232389 0.000000 184.242991 -0.232389 0.972623 0.000000 -19.472557 0.000000 0.000000 1.000000 0.000000
0.971548 0.236845 0.000000 184.813533 -0.236845 0.971548 0.000000 -19.621089 0.000000 0.000000 1.000000 0.000000
0.971203 0.238254 0.000000 185.396332 -0.238254 0.971203 0.000000 -19.777893 0.000000 0.000000 1.000000 0.000000
0.971604 0.236611 0.000000 185.949678 -0.236611 0.971604 0.000000 -19.929134 0.000000 0.000000 1.000000 0.000000
0.970856 0.239662 0.000000 186.506755 -0.239662 0.970856 0.000000 -20.074120 0.000000 0.000000 1.000000 0.000000
0.971431 0.237323 0.000000 187.069647 -0.237323 0.971431 0.000000 -20.234536 0.000000 0.000000 1.000000 0.000000
0.971337 0.237708 0.000000 187.586196 -0.237708 0.971337 0.000000 -20.378765 0.000000 0.000000 1.000000 0.000000
0.970476 0.241196 0.000000 188.130399 -0.241196 0.970476 0.000000 -20.523504 0.000000 0.000000 1.000000 0.000000
0.970115 0.242647 0.000000 188.709001 -0.242647 0.970115 0.000000 -20.676643 0.000000 0.000000 1.000000 0.000000
0.969728 0.244189 0.000000 189.241315 -0.244189 0.969728 0.000000 -20.823461 0.000000 0.000000 1.000000 0.000000
0.969217 0.246210 0.000000 189.813185 -0.246210 0.969217 0.000000 -20.984422 0.000000 0.000000 1.000000 0.000000
0.968659 0.248394 0.000000 190.372191 -0.248394 0.968659 0.000000 -21.144661 0.000000 0.000000 1.000000 0.000000
0.967517 0.252805 0.000000 191.187525 -0.252805 0.967517 0.000000 -21.368466 0.000000 0.000000 1.000000 0.000000
0.966631 0.256172 0.000000 191.746023 -0.256172 0.966631 0.000000 -21.524354 0.000000 0.000000 1.000000 0.000000
0.966569 0.256406 0.000000 192.314970 -0.256406 0.966569 0.000000 -21.682632 0.000000 0.000000 1.000000 0.000000
0.966173 0.257896 0.000000 192.871491 -0.257896 0.966173 0.000000 -21.841417 0.000000 0.000000 1.000000 0.000000
0.966405 0.257024 0.000000 193.431426 -0.257024 0.966405 0.000000 -21.997622 0.000000 0.000000 1.000000 0.000000
0.967148 0.254215 0.000000 193.989386 -0.254215 0.967148 0.000000 -22.155094 0.000000 0.000000 1.000000 0.000000
0.967091 0.254430 0.000000 194.545635 -0.254430 0.967091 0.000000 -22.310403 0.000000 0.000000 1.000000 0.000000
0.967097 0.254409 0.000000 195.123064 -0.254409 0.967097 0.000000 -22.478603 0.000000 0.000000 1.000000 0.000000
0.966907 0.255130 0.000000 195.617753 -0.255130 0.966907 0.000000 -22.619449 0.000000 0.000000 1.000000 0.000000
0.966614 0.256235 0.000000 196.586330 -0.256235 0.966614 0.000000 -22.887903 0.000000 0.000000 1.000000 0.000000
0.966254 0.257589 0.000000 197.144012 -0.257589 0.966254 0.000000 -23.049464 0.000000 0.000000 1.000000 0.000000
0.965724 0.259571 0.000000 197.846287 -0.259571 0.965724 0.000000 -23.255824 0.000000 0.000000 1.000000 0.000000
0.965076 0.261969 0.000000 198.551392 -0.261969 0.965076 0.000000 -23.465315 0.000000 0.000000 1.000000 0.000000
0.964909 0.262584 0.000000 199.504631 -0.262584 0.964909 0.000000 -23.748701 0.000000 0.000000 1.000000 0.000000
0.965041 0.262098 0.000000 200.051262 -0.262098 0.965041 0.000000 -23.914181 0.000000 0.000000 1.000000 0.000000
0.964839 0.262842 0.000000 200.611331 -0.262842 0.964839 0.000000 -24.075393 0.000000 0.000000 1.000000 0.000000
0.964492 0.264111 0.000000 201.158970 -0.264111 0.964492 0.000000 -24.236870 0.000000 0.000000 1.000000 0.000000
0.965262 0.261282 0.000000 201.675263 -0.261282 0.965262 0.000000 -24.396062 0.000000 0.000000 1.000000 0.000000
0.964826 0.262888 0.000000 202.235513 -0.262888 0.964826 0.000000 -24.561474 0.000000 0.000000 1.000000 0.000000
0.964654 0.263519 0.000000 202.782465 -0.263519 0.964654 0.000000 -24.733551 0.000000 0.000000 1.000000 0.000000
0.965170 0.261625 0.000000 203.563544 -0.261625 0.965170 0.000000 -24.972592 0.000000 0.000000 1.000000 0.000000
0.965348 0.260965 0.000000 204.117924 -0.260965 0.965348 0.000000 -25.136451 0.000000 0.000000 1.000000 0.000000
0.965311 0.261104 0.000000 204.666515 -0.261104 0.965311 0.000000 -25.298148 0.000000 0.000000 1.000000 0.000000
0.966300 0.257418 0.000000 205.216358 -0.257418 0.966300 0.000000 -25.466904 0.000000 0.000000 1.000000 0.000000
0.966560 0.256442 0.000000 205.804881 -0.256442 0.966560 0.000000 -25.641433 0.000000 0.000000 1.000000 0.000000
0.966567 0.256416 0.000000 206.320702 -0.256416 0.966567 0.000000 -25.794851 0.000000 0.000000 1.000000 0.000000
0.967185 0.254073 0.000000 206.905643 -0.254073 0.967185 0.000000 -25.974413 0.000000 0.000000 1.000000 0.000000
0.967360 0.253407 0.000000 207.428297 -0.253407 0.967360 0.000000 -26.127778 0.000000 0.000000 1.000000 0.000000
0.967854 0.251514 0.000000 208.011857 -0.251514 0.967854 0.000000 -26.302570 0.000000 0.000000 1.000000 0.000000
0.967730 0.251990 0.000000 208.563186 -0.251990 0.967730 0.000000 -26.453691 0.000000 0.000000 1.000000 0.000000
0.968114 0.250512 0.000000 209.119319 -0.250512 0.968114 0.000000 -26.620944 0.000000 0.000000 1.000000 0.000000
0.968061 0.250715 0.000000 209.672846 -0.250715 0.968061 0.000000 -26.776328 0.000000 0.000000 1.000000 0.000000
0.968155 0.250353 0.000000 210.212333 -0.250353 0.968155 0.000000 -26.934152 0.000000 0.000000 1.000000 0.000000
