0.999994 -0.003431 0.000000 0.657075 0.003431 0.999994 0.000000 -0.007885 0.000000 0.000000 1.000000 0.000000
0.999988 -0.004930 0.000000 1.232873 0.004930 0.999988 0.000000 -0.028854 0.000000 0.000000 1.000000 0.000000
0.999985 -0.005527 0.000000 1.892554 0.005527 0.999985 0.000000 -0.012669 0.000000 0.000000 1.000000 0.000000
0.999990 -0.004383 0.000000 2.575293 0.004383 0.999990 0.000000 -0.027981 0.000000 0.000000 1.000000 0.000000
0.999979 -0.006462 0.000000 3.414963 0.006462 0.999979 0.000000 -0.048249 0.000000 0.000000 1.000000 0.000000
0.999984 -0.005694 0.000000 4.016829 0.005694 0.999984 0.000000 -0.054525 0.000000 0.000000 1.000000 0.000000
0.999974 -0.007266 0.000000 4.637372 0.007266 0.999974 0.000000 -0.077400 0.000000 0.000000 1.000000 0.000000
0.999919 -0.012715 0.000000 5.599902 0.012715 0.999919 0.000000 -0.098725 0.000000 0.000000 1.000000 0.000000
0.999901 -0.014064 0.000000 6.204112 0.014064 0.999901 0.000000 -0.114774 0.000000 0.000000 1.000000 0.000000
0.999860 -0.016751 0.000000 6.639295 0.016751 0.999860 0.000000 -0.100023 0.000000 0.000000 1.000000 0.000000
0.999904 -0.013825 0.000000 7.335857 0.013825 0.999904 0.000000 -0.154658 0.000000 0.000000 1.000000 0.000000
0.999907 -0.013624 0.000000 8.591105 0.013624 0.999907 0.000000 -0.185671 0.000000 0.000000 1.000000 0.000000
0.999880 -0.015465 0.000000 9.219964 0.015465 0.999880 0.000000 -0.224939 0.000000 0.000000 1.000000 0.000000
0.999878 -0.015616 0.000000 9.903613 0.015616 0.999878 0.000000 -0.237798 0.000000 0.000000 1.000000 0.000000
0.999840 -0.017861 0.000000 10.529650 0.017861 0.999840 0.000000 -0.247928 0.000000 0.000000 1.000000 0.000000
0.999836 -0.018119 0.000000 11.206951 0.018119 0.999836 0.000000 -0.273285 0.000000 0.000000 1.000000 0.000000
0.999826 -0.018628 0.000000 11.867803 0.018628 0.999826 0.000000 -0.278137 0.000000 0.000000 1.000000 0.000000
0.999824 -0.018737 0.000000 12.490149 0.018737 0.999824 0.000000 -0.279744 0.000000 0.000000 1.000000 0.000000
0.999808 -0.019599 0.000000 13.025121 0.019599 0.999808 0.000000 -0.293675 0.000000 0.000000 1.000000 0.000000
0.999782 -0.020879 0.000000 13.714744 0.020879 0.999782 0.000000 -0.303566 0.000000 0.000000 1.000000 0.000000
0.999786 -0.020665 0.000000 14.294950 0.020665 0.999786 0.000000 -0.305633 0.000000 0.000000 1.000000 0.000000
0.999754 -0.022162 0.000000 14.914238 0.022162 0.999754 0.000000 -0.313625 0.000000 0.000000 1.000000 0.000000
0.999765 -0.021694 0.000000 15.511208 0.021694 0.999765 0.000000 -0.315667 0.000000 0.000000 1.000000 0.000000
0.999736 -0.022968 0.000000 16.158867 0.022968 0.999736 0.000000 -0.323559 0.000000 0.000000 1.000000 0.000000
0.999732 -0.023170 0.000000 16.721564 0.023170 0.999732 0.000000 -0.320481 0.000000 0.000000 1.000000 0.000000
0.999741 -0.022753 0.000000 17.342288 0.022753 0.999741 0.000000 -0.324704 0.000000 0.000000 1.000000 0.000000
0.999668 -0.025759 0.000000 17.961986 0.025759 0.999668 0.000000 -0.326547 0.000000 0.000000 1.000000 0.000000
0.999621 -0.027529 0.000000 18.609349 0.027529 0.999621 0.000000 -0.341425 0.000000 0.000000 1.000000 0.000000
0.999530 -0.030671 0.000000 19.233843 0.030671 0.999530 0.000000 -0.340614 0.000000 0.000000 1.000000 0.000000
0.999508 -0.031378 0.000000 19.851912 0.031378 0.999508 0.000000 -0.344613 0.000000 0.000000 1.000000 0.000000
0.999574 -0.029170 0.000000 20.463797 0.029170 0.999574 0.000000 -0.341904 0.000000 0.000000 1.000000 0.000000
0.999484 -0.032116 0.000000 21.121450 0.032116 0.999484 0.000000 -0.333631 0.000000 0.000000 1.000000 0.000000
0.999483 -0.032153 0.000000 21.733611 0.032153 0.999483 0.000000 -0.334583 0.000000 0.000000 1.000000 0.000000
0.999477 -0.032327 0.000000 22.378111 0.032327 0.999477 0.000000 -0.315634 0.000000 0.000000 1.000000 0.000000
0.999478 -0.032302 0.000000 22.961908 0.032302 0.999478 0.000000 -0.314129 0.000000 0.000000 1.000000 0.000000
0.999476 -0.032356 0.000000 23.581576 0.032356 0.999476 0.000000 -0.307589 0.000000 0.000000 1.000000 0.000000
0.999462 -0.032809 0.000000 24.194406 0.032809 0.999462 0.000000 -0.301314 0.000000 0.000000 1.000000 0.000000
0.999375 -0.035340 0.000000 24.821028 0.035340 0.999375 0.000000 -0.299250 0.000000 0.000000 1.000000 0.000000
0.999295 -0.037532 0.000000 25.396833 0.037532 0.999295 0.000000 -0.302497 0.000000 0.000000 1.000000 0.000000
0.999266 -0.038300 0.000000 26.022980 0.038300 0.999266 0.000000 -0.304030 0.000000 0.000000 1.000000 0.000000
0.999263 -0.038376 0.000000 26.628184 0.038376 0.999263 0.000000 -0.297785 0.000000 0.000000 1.000000 0.000000
0.999269 -0.038234 0.000000 27.236796 0.038234 0.999269 0.000000 -0.286243 0.000000 0.000000 1.000000 0.000000
0.999264 -0.038360 0.000000 27.869719 0.038360 0.999264 0.000000 -0.276585 0.000000 0.000000 1.000000 0.000000
0.999407 -0.034441 0.000000 28.441139 0.034441 0.999407 0.000000 -0.263831 0.000000 0.000000 1.000000 0.000000
0.999434 -0.033632 0.000000 29.045446 0.033632 0.999434 0.000000 -0.255887 0.000000 0.000000 1.000000 0.000000
0.999455 -0.033012 0.000000 29.590779 0.033012 0.999455 0.000000 -0.242015 0.000000 0.000000 1.000000 0.000000
0.999438 -0.033524 0.000000 30.205050 0.033524 0.999438 0.000000 -0.236551 0.000000 0.000000 1.000000 0.000000
0.999432 -0.033703 0.000000 30.821769 0.033703 0.999432 0.000000 -0.231751 0.000000 0.000000 1.000000 0.000000
0.999483 -0.032144 0.000000 31.645528 0.032144 0.999483 0.000000 -0.189556 0.000000 0.000000 1.000000 0.000000
0.999481 -0.032206 0.000000 32.280510 0.032206 0.999481 0.000000 -0.184801 0.000000 0.000000 1.000000 0.000000
0.999531 -0.030632 0.000000 32.908269 0.030632 0.999531 0.000000 -0.164612 0.000000 0.000000 1.000000 0.000000
0.999576 -0.029117 0.000000 33.534748 0.029117 0.999576 0.000000 -0.145409 0.000000 0.000000 1.000000 0.000000
0.999563 -0.029551 0.000000 34.167181 0.029551 0.999563 0.000000 -0.142759 0.000000 0.000000 1.000000 0.000000
0.999542 -0.030253 0.000000 34.793891 0.030253 0.999542 0.000000 -0.126833 0.000000 0.000000 1.000000 0.000000
0.999612 -0.027856 0.000000 35.427035 0.027856 0.999612 0.000000 -0.120582 0.000000 0.000000 1.000000 0.000000
0.999713 -0.023956 0.000000 36.095652 0.023956 0.999713 0.000000 -0.121426 0.000000 0.000000 1.000000 0.000000
0.999717 -0.023784 0.000000 36.705567 0.023784 0.999717 0.000000 -0.127246 0.000000 0.000000 1.000000 0.000000
0.999796 -0.020187 0.000000 37.332865 0.020187 0.999796 0.000000 -0.135467 0.000000 0.000000 1.000000 0.000000
0.999786 -0.020697 0.000000 37.957063 0.020697 0.999786 0.000000 -0.143334 0.000000 0.000000 1.000000 0.000000
0.999829 -0.018468 0.000000 38.582032 0.018468 0.999829 0.000000 -0.145494 0.000000 0.000000 1.000000 0.000000
0.999836 -0.018082 0.000000 39.219706 0.018082 0.999836 0.000000 -0.144124 0.000000 0.000000 1.000000 0.000000
0.999845 -0.017616 0.000000 39.910106 0.017616 0.999845 0.000000 -0.128324 0.000000 0.000000 1.000000 0.000000
0.999859 -0.016775 0.000000 40.501835 0.016775 0.999859 0.000000 -0.114424 0.000000 0.000000 1.000000 0.000000
0.999912 -0.013258 0.000000 41.138376 0.013258 0.999912 0.000000 -0.121447 0.000000 0.000000 1.000000 0.000000
0.999919 -0.012761 0.000000 41.720709 0.012761 0.999919 0.000000 -0.115471 0.000000 0.000000 1.000000 0.000000
0.999917 -0.012877 0.000000 42.413408 0.012877 0.999917 0.000000 -0.122380 0.000000 0.000000 1.000000 0.000000
0.999924 -0.012364 0.000000 43.040497 0.012364 0.999924 0.000000 -0.120846 0.000000 0.000000 1.000000 0.000000
0.999936 -0.011318 0.000000 43.673022 0.011318 0.999936 0.000000 -0.131929 0.000000 0.000000 1.000000 0.000000
0.999934 -0.011474 0.000000 44.356347 0.011474 0.999934 0.000000 -0.138606 0.000000 0.000000 1.000000 0.000000
0.999951 -0.009854 0.000000 44.955927 0.009854 0.999951 0.000000 -0.142996 0.000000 0.000000 1.000000 0.000000
0.999963 -0.008603 0.000000 45.602254 0.008603 0.999963 0.000000 -0.149484 0.000000 0.000000 1.000000 0.000000
0.999969 -0.007824 0.000000 46.230481 0.007824 0.999969 0.000000 -0.160030 0.000000 0.000000 1.000000 0.000000
0.999961 -0.008846 0.000000 46.899739 0.008846 0.999961 0.000000 -0.179289 0.000000 0.000000 1.000000 0.000000
0.999956 -0.009331 0.000000 47.534300 0.009331 0.999956 0.000000 -0.185286 0.000000 0.000000 1.000000 0.000000
0.999928 -0.012022 0.000000 48.209560 0.012022 0.999928 0.000000 -0.198372 0.000000 0.000000 1.000000 0.000000
0.999953 -0.009659 0.000000 48.820665 0.009659 0.999953 0.000000 -0.203349 0.000000 0.000000 1.000000 0.000000
0.999930 -0.011791 0.000000 49.520434 0.011791 0.999930 0.000000 -0.215160 0.000000 0.000000 1.000000 0.000000
0.999905 -0.013816 0.000000 50.164490 0.013816 0.999905 0.000000 -0.227676 0.000000 0.000000 1.000000 0.000000
0.999895 -0.014475 0.000000 50.493133 0.014475 0.999895 0.000000 -0.233799 0.000000 0.000000 1.000000 0.000000
0.999905 -0.013789 0.000000 51.058295 0.013789 0.999905 0.000000 -0.232110 0.000000 0.000000 1.000000 0.000000
0.999934 -0.011454 0.000000 51.739911 0.011454 0.999934 0.000000 -0.221030 0.000000 0.000000 1.000000 0.000000
0.999947 -0.010331 0.000000 52.369710 0.010331 0.999947 0.000000 -0.229748 0.000000 0.000000 1.000000 0.000000
0.999960 -0.008960 0.000000 53.036749 0.008960 0.999960 0.000000 -0.236602 0.000000 0.000000 1.000000 0.000000
0.999926 -0.012133 0.000000 53.709937 0.012133 0.999926 0.000000 -0.247531 0.000000 0.000000 1.000000 0.000000
0.999953 -0.009667 0.000000 54.374072 0.009667 0.999953 0.000000 -0.259217 0.000000 0.000000 1.000000 0.000000
0.999957 -0.009256 0.000000 55.387852 0.009256 0.999957 0.000000 -0.283875 0.000000 0.000000 1.000000 0.000000
0.999950 -0.010032 0.000000 55.953349 0.010032 0.999950 0.000000 -0.292904 0.000000 0.000000 1.000000 0.000000
0.999948 -0.010197 0.000000 56.512706 0.010197 0.999948 0.000000 -0.304292 0.000000 0.000000 1.000000 0.000000
0.999954 -0.009588 0.000000 57.134911 0.009588 0.999954 0.000000 -0.315884 0.000000 0.000000 1.000000 0.000000
0.999942 -0.010780 0.000000 57.729111 0.010780 0.999942 0.000000 -0.348615 0.000000 0.000000 1.000000 0.000000
0.999927 -0.012121 0.000000 58.408094 0.012121 0.999927 0.000000 -0.371541 0.000000 0.000000 1.000000 0.000000
0.999914 -0.013120 0.000000 59.059089 0.013120 0.999914 0.000000 -0.384351 0.000000 0.000000 1.000000 0.000000
0.999893 -0.014615 0.000000 59.855155 0.014615 0.999893 0.000000 -0.386489 0.000000 0.000000 1.000000 0.000000
0.999863 -0.016532 0.000000 61.206922 0.016532 0.999863 0.000000 -0.395053 0.000000 0.000000 1.000000 0.000000
0.999827 -0.018602 0.000000 61.910037 0.018602 0.999827 0.000000 -0.395888 0.000000 0.000000 1.000000 0.000000
0.999811 -0.019460 0.000000 62.535610 0.019460 0.999811 0.000000 -0.405594 0.000000 0.000000 1.000000 0.000000
0.999812 -0.019367 0.000000 63.096235 0.019367 0.999812 0.000000 -0.414897 0.000000 0.000000 1.000000 0.000000
0.999823 -0.018814 0.000000 63.679198 0.018814 0.999823 0.000000 -0.424844 0.000000 0.000000 1.000000 0.000000
0.999790 -0.020483 0.000000 64.375012 0.020483 0.999790 0.000000 -0.435000 0.000000 0.000000 1.000000 0.000000
0.999785 -0.020725 0.000000 65.085323 0.020725 0.999785 0.000000 -0.436930 0.000000 0.000000 1.000000 0.000000
0.999802 -0.019908 0.000000 65.696324 0.019908 0.999802 0.000000 -0.440032 0.000000 0.000000 1.000000 0.000000
0.999814 -0.019282 0.000000 66.332938 0.019282 0.999814 0.000000 -0.446442 0.000000 0.000000 1.000000 0.000000
0.999820 -0.018965 0.000000 66.870660 0.018965 0.999820 0.000000 -0.451274 0.000000 0.000000 1.000000 0.000000
0.999825 -0.018687 0.000000 67.507745 0.018687 0.999825 0.000000 -0.460145 0.000000 0.000000 1.000000 0.000000
0.999815 -0.019222 0.000000 68.089583 0.019222 0.999815 0.000000 -0.469622 0.000000 0.000000 1.000000 0.000000
0.999814 -0.019298 0.000000 68.686675 0.019298 0.999814 0.000000 -0.478894 0.000000 0.000000 1.000000 0.000000
0.999782 -0.020866 0.000000 69.300719 0.020866 0.999782 0.000000 -0.490495 0.000000 0.000000 1.000000 0.000000
0.999788 -0.020581 0.000000 69.895819 0.020581 0.999788 0.000000 -0.497450 0.000000 0.000000 1.000000 0.000000
0.999771 -0.021414 0.000000 70.463897 0.021414 0.999771 0.000000 -0.509534 0.000000 0.000000 1.000000 0.000000
0.999774 -0.021260 0.000000 71.134920 0.021260 0.999774 0.000000 -0.512540 0.000000 0.000000 1.000000 0.000000
0.999838 -0.018002 0.000000 71.715426 0.018002 0.999838 0.000000 -0.509236 0.000000 0.000000 1.000000 0.000000
0.999849 -0.017390 0.000000 72.325606 0.017390 0.999849 0.000000 -0.513969 0.000000 0.000000 1.000000 0.000000
0.999856 -0.016964 0.000000 72.871973 0.016964 0.999856 0.000000 -0.519921 0.000000 0.000000 1.000000 0.000000
0.999850 -0.017305 0.000000 73.785552 0.017305 0.999850 0.000000 -0.530829 0.000000 0.000000 1.000000 0.000000
0.999873 -0.015944 0.000000 74.330683 0.015944 0.999873 0.000000 -0.541187 0.000000 0.000000 1.000000 0.000000
0.999826 -0.018663 0.000000 74.948575 0.018663 0.999826 0.000000 -0.548582 0.000000 0.000000 1.000000 0.000000
0.999832 -0.018337 0.000000 75.573470 0.018337 0.999832 0.000000 -0.551407 0.000000 0.000000 1.000000 0.000000
0.999814 -0.019287 0.000000 76.207481 0.019287 0.999814 0.000000 -0.556071 0.000000 0.000000 1.000000 0.000000
0.999791 -0.020468 0.000000 76.811687 0.020468 0.999791 0.000000 -0.564898 0.000000 0.000000 1.000000 0.000000
0.999792 -0.020379 0.000000 77.439972 0.020379 0.999792 0.000000 -0.566782 0.000000 0.000000 1.000000 0.000000
0.999773 -0.021307 0.000000 78.036110 0.021307 0.999773 0.000000 -0.575636 0.000000 0.000000 1.000000 0.000000
0.999780 -0.020978 0.000000 78.618128 0.020978 0.999780 0.000000 -0.572698 0.000000 0.000000 1.000000 0.000000
0.999746 -0.022557 0.000000 79.728674 0.022557 0.999746 0.000000 -0.587223 0.000000 0.000000 1.000000 0.000000
0.999761 -0.021854 0.000000 80.315985 0.021854 0.999761 0.000000 -0.582207 0.000000 0.000000 1.000000 0.000000
0.999801 -0.019972 0.000000 80.922113 0.019972 0.999801 0.000000 -0.596471 0.000000 0.000000 1.000000 0.000000
0.999798 -0.020102 0.000000 81.492638 0.020102 0.999798 0.000000 -0.606139 0.000000 0.000000 1.000000 0.000000
0.999835 -0.018177 0.000000 82.057265 0.018177 0.999835 0.000000 -0.603882 0.000000 0.000000 1.000000 0.000000
0.999826 -0.018680 0.000000 82.634689 0.018680 0.999826 0.000000 -0.620012 0.000000 0.000000 1.000000 0.000000
0.999787 -0.020632 0.000000 83.208697 0.020632 0.999787 0.000000 -0.628123 0.000000 0.000000 1.000000 0.000000
0.999777 -0.021105 0.000000 83.751410 0.021105 0.999777 0.000000 -0.635948 0.000000 0.000000 1.000000 0.000000
0.999784 -0.020798 0.000000 84.304587 0.020798 0.999784 0.000000 -0.643519 0.000000 0.000000 1.000000 0.000000
0.999783 -0.020851 0.000000 84.852757 0.020851 0.999783 0.000000 -0.653900 0.000000 0.000000 1.000000 0.000000
0.999772 -0.021344 0.000000 85.417607 0.021344 0.999772 0.000000 -0.662752 0.000000 0.000000 1.000000 0.000000
0.999780 -0.020965 0.000000 86.006755 0.020965 0.999780 0.000000 -0.678004 0.000000 0.000000 1.000000 0.000000
0.999798 -0.020101 0.000000 86.546022 0.020101 0.999798 0.000000 -0.683236 0.000000 0.000000 1.000000 0.000000
0.999821 -0.018907 0.000000 87.063365 0.018907 0.999821 0.000000 -0.686378 0.000000 0.000000 1.000000 0.000000
0.999868 -0.016248 0.000000 87.604917 0.016248 0.999868 0.000000 -0.688029 0.000000 0.000000 1.000000 0.000000
0.999920 -0.012680 0.000000 88.145939 0.012680 0.999920 0.000000 -0.707017 0.000000 0.000000 1.000000 0.000000
0.999915 -0.013072 0.000000 88.655374 0.013072 0.999915 0.000000 -0.721217 0.000000 0.000000 1.000000 0.000000
0.999919 -0.012743 0.000000 89.196434 0.012743 0.999919 0.000000 -0.733413 0.000000 0.000000 1.000000 0.000000
0.999920 -0.012610 0.000000 89.718391 0.012610 0.999920 0.000000 -0.741805 0.000000 0.000000 1.000000 0.000000
0.999933 -0.011565 0.000000 90.213187 0.011565 0.999933 0.000000 -0.760385 0.000000 0.000000 1.000000 0.000000
0.999956 -0.009354 0.000000 90.746162 0.009354 0.999956 0.000000 -0.766095 0.000000 0.000000 1.000000 0.000000
0.999956 -0.009375 0.000000 91.264117 0.009375 0.999956 0.000000 -0.787822 0.000000 0.000000 1.000000 0.000000
0.999961 -0.008855 0.000000 91.750119 0.008855 0.999961 0.000000 -0.795310 0.000000 0.000000 1.000000 0.000000
0.999972 -0.007432 0.000000 92.251473 0.007432 0.999972 0.000000 -0.805660 0.000000 0.000000 1.000000 0.000000
0.999985 -0.005501 0.000000 92.730161 0.005501 0.999985 0.000000 -0.813908 0.000000 0.000000 1.000000 0.000000
0.999987 -0.005050 0.000000 93.197727 0.005050 0.999987 0.000000 -0.826469 0.000000 0.000000 1.000000 0.000000
0.999987 -0.005159 0.000000 93.697354 0.005159 0.999987 0.000000 -0.821759 0.000000 0.000000 1.000000 0.000000
0.999996 -0.002881 0.000000 94.174560 0.002881 0.999996 0.000000 -0.841630 0.000000 0.000000 1.000000 0.000000
0.999998 -0.002226 0.000000 94.696943 0.002226 0.999998 0.000000 -0.862099 0.000000 0.000000 1.000000 0.000000
0.999995 -0.003003 0.000000 95.333285 0.003003 0.999995 0.000000 -0.881036 0.000000 0.000000 1.000000 0.000000
0.999995 -0.003039 0.000000 95.827015 0.003039 0.999995 0.000000 -0.893502 0.000000 0.000000 1.000000 0.000000
0.999997 -0.002317 0.000000 96.441276 0.002317 0.999997 0.000000 -0.885010 0.000000 0.000000 1.000000 0.000000
0.999994 -0.003369 0.000000 96.930779 0.003369 0.999994 0.000000 -0.898330 0.000000 0.000000 1.000000 0.000000
0.999993 -0.003849 0.000000 97.414355 0.003849 0.999993 0.000000 -0.920757 0.000000 0.000000 1.000000 0.000000
0.999991 -0.004324 0.000000 97.906042 0.004324 0.999991 0.000000 -0.947581 0.000000 0.000000 1.000000 0.000000
0.999993 -0.003796 0.000000 98.392381 0.003796 0.999993 0.000000 -0.957451 0.000000 0.000000 1.000000 0.000000
0.999999 0.001475 0.000000 99.366727 -0.001475 0.999999 0.000000 -0.996457 0.000000 0.000000 1.000000 0.000000
0.999994 0.003570 0.000000 99.784404 -0.003570 0.999994 0.000000 -1.027999 0.000000 0.000000 1.000000 0.000000
0.999976 0.006919 0.000000 100.258144 -0.006919 0.999976 0.000000 -1.057829 0.000000 0.000000 1.000000 0.000000
0.999957 0.009233 0.000000 100.712911 -0.009233 0.999957 0.000000 -1.089906 0.000000 0.000000 1.000000 0.000000
0.999915 0.013015 0.000000 101.187271 -0.013015 0.999915 0.000000 -1.115108 0.000000 0.000000 1.000000 0.000000
0.999900 0.014154 0.000000 101.694848 -0.014154 0.999900 0.000000 -1.147523 0.000000 0.000000 1.000000 0.000000
0.999871 0.016058 0.000000 102.171106 -0.016058 0.999871 0.000000 -1.174591 0.000000 0.000000 1.000000 0.000000
0.999809 0.019523 0.000000 102.732141 -0.019523 0.999809 0.000000 -1.170358 0.000000 0.000000 1.000000 0.000000
0.999755 0.022122 0.000000 103.205417 -0.022122 0.999755 0.000000 -1.201698 0.000000 0.000000 1.000000 0.000000
0.999680 0.025308 0.000000 103.660523 -0.025308 0.999680 0.000000 -1.236070 0.000000 0.000000 1.000000 0.000000
0.999575 0.029164 0.000000 104.118159 -0.029164 0.999575 0.000000 -1.301224 0.000000 0.000000 1.000000 0.000000
0.999515 0.031141 0.000000 104.535461 -0.031141 0.999515 0.000000 -1.323970 0.000000 0.000000 1.000000 0.000000
0.999414 0.034230 0.000000 104.929675 -0.034230 0.999414 0.000000 -1.344815 0.000000 0.000000 1.000000 0.000000
0.999279 0.037959 0.000000 105.363950 -0.037959 0.999279 0.000000 -1.375674 0.000000 0.000000 1.000000 0.000000
0.999200 0.039998 0.000000 105.753127 -0.039998 0.999200 0.000000 -1.390741 0.000000 0.000000 1.000000 0.000000
0.999119 0.041968 0.000000 106.176335 -0.041968 0.999119 0.000000 -1.445147 0.000000 0.000000 1.000000 0.000000
0.998938 0.046082 0.000000 106.596855 -0.046082 0.998938 0.000000 -1.458048 0.000000 0.000000 1.000000 0.000000
0.998896 0.046973 0.000000 106.966863 -0.046973 0.998896 0.000000 -1.462210 0.000000 0.000000 1.000000 0.000000
0.998890 0.047106 0.000000 107.362224 -0.047106 0.998890 0.000000 -1.495636 0.000000 0.000000 1.000000 0.000000
0.998791 0.049159 0.000000 107.766011 -0.049159 0.998791 0.000000 -1.526080 0.000000 0.000000 1.000000 0.000000
0.998713 0.050709 0.000000 108.127620 -0.050709 0.998713 0.000000 -1.615440 0.000000 0.000000 1.000000 0.000000
0.998430 0.056014 0.000000 108.530059 -0.056014 0.998430 0.000000 -1.649847 0.000000 0.000000 1.000000 0.000000
0.998244 0.059235 0.000000 108.888860 -0.059235 0.998244 0.000000 -1.662554 0.000000 0.000000 1.000000 0.000000
0.998300 0.058282 0.000000 109.288374 -0.058282 0.998300 0.000000 -1.698011 0.000000 0.000000 1.000000 0.000000
0.998204 0.059911 0.000000 109.644604 -0.059911 0.998204 0.000000 -1.713960 0.000000 0.000000 1.000000 0.000000
0.998036 0.062637 0.000000 110.033403 -0.062637 0.998036 0.000000 -1.747290 0.000000 0.000000 1.000000 0.000000
0.997783 0.066549 0.000000 110.474255 -0.066549 0.997783 0.000000 -1.762844 0.000000 0.000000 1.000000 0.000000
0.997580 0.069522 0.000000 110.890831 -0.069522 0.997580 0.000000 -1.796601 0.000000 0.000000 1.000000 0.000000
0.997386 0.072251 0.000000 111.469516 -0.072251 0.997386 0.000000 -1.859412 0.000000 0.000000 1.000000 0.000000
0.997251 0.074095 0.000000 111.884848 -0.074095 0.997251 0.000000 -1.903529 0.000000 0.000000 1.000000 0.000000
0.997063 0.076589 0.000000 112.239878 -0.076589 0.997063 0.000000 -1.988100 0.000000 0.000000 1.000000 0.000000
0.996892 0.078776 0.000000 112.657425 -0.078776 0.996892 0.000000 -2.035180 0.000000 0.000000 1.000000 0.000000
0.996781 0.080170 0.000000 113.078871 -0.080170 0.996781 0.000000 -2.078681 0.000000 0.000000 1.000000 0.000000
0.996780 0.080180 0.000000 113.508243 -0.080180 0.996780 0.000000 -2.136865 0.000000 0.000000 1.000000 0.000000
0.996552 0.082972 0.000000 113.926662 -0.082972 0.996552 0.000000 -2.183948 0.000000 0.000000 1.000000 0.000000
0.996104 0.088183 0.000000 114.347671 -0.088183 0.996104 0.000000 -2.233013 0.000000 0.000000 1.000000 0.000000
0.995885 0.090625 0.000000 115.099887 -0.090625 0.995885 0.000000 -2.341679 0.000000 0.000000 1.000000 0.000000
0.995903 0.090430 0.000000 115.534092 -0.090430 0.995903 0.000000 -2.395022 0.000000 0.000000 1.000000 0.000000
0.995860 0.090903 0.000000 115.970099 -0.090903 0.995860 0.000000 -2.445664 0.000000 0.000000 1.000000 0.000000
0.995919 0.090248 0.000000 116.361837 -0.090248 0.995919 0.000000 -2.508215 0.000000 0.000000 1.000000 0.000000
0.995847 0.091044 0.000000 116.800139 -0.091044 0.995847 0.000000 -2.540451 0.000000 0.000000 1.000000 0.000000
0.995799 0.091561 0.000000 117.238574 -0.091561 0.995799 0.000000 -2.594174 0.000000 0.000000 1.000000 0.000000
0.995724 0.092378 0.000000 117.676872 -0.092378 0.995724 0.000000 -2.645847 0.000000 0.000000 1.000000 0.000000
0.995747 0.092126 0.000000 118.124360 -0.092126 0.995747 0.000000 -2.690341 0.000000 0.000000 1.000000 0.000000
0.995757 0.092020 0.000000 118.558508 -0.092020 0.995757 0.000000 -2.738482 0.000000 0.000000 1.000000 0.000000
0.995578 0.093938 0.000000 119.012538 -0.093938 0.995578 0.000000 -2.829170 0.000000 0.000000 1.000000 0.000000
0.995556 0.094172 0.000000 119.457734 -0.094172 0.995556 0.000000 -2.884340 0.000000 0.000000 1.000000 0.000000
0.995607 0.093635 0.000000 120.342046 -0.093635 0.995607 0.000000 -2.968439 0.000000 0.000000 1.000000 0.000000
0.995336 0.096466 0.000000 120.793797 -0.096466 0.995336 0.000000 -3.022538 0.000000 0.000000 1.000000 0.000000
0.995330 0.096532 0.000000 121.251026 -0.096532 0.995330 0.000000 -3.086297 0.000000 0.000000 1.000000 0.000000
0.995109 0.098780 0.000000 121.647183 -0.098780 0.995109 0.000000 -3.134520 0.000000 0.000000 1.000000 0.000000
0.994922 0.100644 0.000000 122.138715 -0.100644 0.994922 0.000000 -3.198640 0.000000 0.000000 1.000000 0.000000
0.994831 0.101543 0.000000 122.615642 -0.101543 0.994831 0.000000 -3.266461 0.000000 0.000000 1.000000 0.000000
0.994702 0.102802 0.000000 123.088989 -0.102802 0.994702 0.000000 -3.312760 0.000000 0.000000 1.000000 0.000000
0.994503 0.104708 0.000000 123.649127 -0.104708 0.994503 0.000000 -3.339552 0.000000 0.000000 1.000000 0.000000
0.994020 0.109198 0.000000 124.152175 -0.109198 0.994020 0.000000 -3.434533 0.000000 0.000000 1.000000 0.000000
0.993979 0.109574 0.000000 124.596993 -0.109574 0.993979 0.000000 -3.493851 0.000000 0.000000 1.000000 0.000000
0.993725 0.111848 0.000000 125.118454 -0.111848 0.993725 0.000000 -3.568835 0.000000 0.000000 1.000000 0.000000
0.993726 0.111843 0.000000 125.546501 -0.111843 0.993726 0.000000 -3.625324 0.000000 0.000000 1.000000 0.000000
0.994001 0.109372 0.000000 126.022849 -0.109372 0.994001 0.000000 -3.708404 0.000000 0.000000 1.000000 0.000000
0.993857 0.110670 0.000000 126.478780 -0.110670 0.993857 0.000000 -3.767827 0.000000 0.000000 1.000000 0.000000
0.993681 0.112241 0.000000 126.956626 -0.112241 0.993681 0.000000 -3.833168 0.000000 0.000000 1.000000 0.000000
0.993253 0.115969 0.000000 127.431469 -0.115969 0.993253 0.000000 -3.893381 0.000000 0.000000 1.000000 0.000000
0.992463 0.122549 0.000000 127.896628 -0.122549 0.992463 0.000000 -3.992901 0.000000 0.000000 1.000000 0.000000
0.992199 0.124663 0.000000 128.380165 -0.124663 0.992199 0.000000 -4.050621 0.000000 0.000000 1.000000 0.000000
0.992043 0.125899 0.000000 128.795503 -0.125899 0.992043 0.000000 -4.112387 0.000000 0.000000 1.000000 0.000000
0.991738 0.128281 0.000000 129.306541 -0.128281 0.991738 0.000000 -4.189919 0.000000 0.000000 1.000000 0.000000
0.991596 0.129372 0.000000 129.786711 -0.129372 0.991596 0.000000 -4.267300 0.000000 0.000000 1.000000 0.000000
0.991573 0.129547 0.000000 130.572759 -0.129547 0.991573 0.000000 -4.353793 0.000000 0.000000 1.000000 0.000000
0.992136 0.125164 0.000000 131.072448 -0.125164 0.992136 0.000000 -4.433617 0.000000 0.000000 1.000000 0.000000
0.992680 0.120774 0.000000 132.090650 -0.120774 0.992680 0.000000 -4.595237 0.000000 0.000000 1.000000 0.000000
0.993101 0.117261 0.000000 132.585162 -0.117261 0.993101 0.000000 -4.672082 0.000000 0.000000 1.000000 0.000000
0.993225 0.116210 0.000000 133.082507 -0.116210 0.993225 0.000000 -4.743840 0.000000 0.000000 1.000000 0.000000
0.993502 0.113812 0.000000 133.566014 -0.113812 0.993502 0.000000 -4.824038 0.000000 0.000000 1.000000 0.000000
0.993369 0.114971 0.000000 134.062121 -0.114971 0.993369 0.000000 -4.879989 0.000000 0.000000 1.000000 0.000000
0.993879 0.110476 0.000000 134.564647 -0.110476 0.993879 0.000000 -4.952374 0.000000 0.000000 1.000000 0.000000
0.993748 0.111643 0.000000 135.135584 -0.111643 0.993748 0.000000 -5.043520 0.000000 0.000000 1.000000 0.000000
0.993572 0.113199 0.000000 135.627296 -0.113199 0.993572 0.000000 -5.109045 0.000000 0.000000 1.000000 0.000000
0.993667 0.112362 0.000000 136.099797 -0.112362 0.993667 0.000000 -5.247300 0.000000 0.000000 1.000000 0.000000
0.993579 0.113143 0.000000 136.568267 -0.113143 0.993579 0.000000 -5.314513 0.000000 0.000000 1.000000 0.000000
0.993794 0.111239 0.000000 137.053157 -0.111239 0.993794 0.000000 -5.380915 0.000000 0.000000 1.000000 0.000000
0.993762 0.111524 0.000000 137.584674 -0.111524 0.993762 0.000000 -5.438339 0.000000 0.000000 1.000000 0.000000
0.993762 0.111523 0.000000 138.110450 -0.111523 0.993762 0.000000 -5.508081 0.000000 0.000000 1.000000 0.000000
0.993929 0.110020 0.000000 138.574098 -0.110020 0.993929 0.000000 -5.655096 0.000000 0.000000 1.000000 0.000000
0.993763 0.111512 0.000000 139.115454 -0.111512 0.993763 0.000000 -5.717109 0.000000 0.000000 1.000000 0.000000
0.993556 0.113345 0.000000 139.633850 -0.113345 0.993556 0.000000 -5.771920 0.000000 0.000000 1.000000 0.000000
0.993373 0.114933 0.000000 140.267616 -0.114933 0.993373 0.000000 -5.853583 0.000000 0.000000 1.000000 0.000000
0.992915 0.118828 0.000000 140.805295 -0.118828 0.992915 0.000000 -5.929749 0.000000 0.000000 1.000000 0.000000
0.992909 0.118874 0.000000 141.278983 -0.118874 0.992909 0.000000 -5.993834 0.000000 0.000000 1.000000 0.000000
0.992314 0.123747 0.000000 141.817894 -0.123747 0.992314 0.000000 -6.070467 0.000000 0.000000 1.000000 0.000000
0.991994 0.126283 0.000000 142.370322 -0.126283 0.991994 0.000000 -6.151469 0.000000 0.000000 1.000000 0.000000
0.991889 0.127110 0.000000 142.940488 -0.127110 0.991889 0.000000 -6.236524 0.000000 0.000000 1.000000 0.000000
0.991280 0.131773 0.000000 146.887123 -0.131773 0.991280 0.000000 -6.786234 0.000000 0.000000 1.000000 0.000000
0.991498 0.130124 0.000000 147.407579 -0.130124 0.991498 0.000000 -6.870710 0.000000 0.000000 1.000000 0.000000
0.991263 0.131899 0.000000 148.566519 -0.131899 0.991263 0.000000 -7.038105 0.000000 0.000000 1.000000 0.000000
0.991078 0.133280 0.000000 149.713828 -0.133280 0.991078 0.000000 -7.224369 0.000000 0.000000 1.000000 0.000000
0.991040 0.133565 0.000000 150.288122 -0.133565 0.991040 0.000000 -7.321002 0.000000 0.000000 1.000000 0.000000
0.990988 0.133947 0.000000 150.863484 -0.133947 0.990988 0.000000 -7.438959 0.000000 0.000000 1.000000 0.000000
0.991106 0.133076 0.000000 151.429431 -0.133076 0.991106 0.000000 -7.549859 0.000000 0.000000 1.000000 0.000000
0.991516 0.129982 0.000000 151.996465 -0.129982 0.991516 0.000000 -7.615176 0.000000 0.000000 1.000000 0.000000
0.991269 0.131853 0.000000 152.570402 -0.131853 0.991269 0.000000 -7.704715 0.000000 0.000000 1.000000 0.000000
0.991146 0.132778 0.000000 153.143984 -0.132778 0.991146 0.000000 -7.803117 0.000000 0.000000 1.000000 0.000000
0.991383 0.130994 0.000000 153.718910 -0.130994 0.991383 0.000000 -7.915927 0.000000 0.000000 1.000000 0.000000
0.991330 0.131399 0.000000 154.312320 -0.131399 0.991330 0.000000 -7.979462 0.000000 0.000000 1.000000 0.000000
0.991439 0.130574 0.000000 155.210174 -0.130574 0.991439 0.000000 -8.139101 0.000000 0.000000 1.000000 0.000000
0.991445 0.130527 0.000000 155.809430 -0.130527 0.991445 0.000000 -8.253980 0.000000 0.000000 1.000000 0.000000
0.991390 0.130942 0.000000 156.385652 -0.130942 0.991390 0.000000 -8.347755 0.000000 0.000000 1.000000 0.000000
0.990979 0.134015 0.000000 156.995619 -0.134015 0.990979 0.000000 -8.366344 0.000000 0.000000 1.000000 0.000000
0.990373 0.138428 0.000000 157.610972 -0.138428 0.990373 0.000000 -8.447831 0.000000 0.000000 1.000000 0.000000
0.990121 0.140215 0.000000 158.145556 -0.140215 0.990121 0.000000 -8.543826 0.000000 0.000000 1.000000 0.000000
0.989935 0.141521 0.000000 158.781555 -0.141521 0.989935 0.000000 -8.656570 0.000000 0.000000 1.000000 0.000000
0.989774 0.142648 0.000000 159.359451 -0.142648 0.989774 0.000000 -8.736828 0.000000 0.000000 1.000000 0.000000
0.989409 0.145155 0.000000 159.947212 -0.145155 0.989409 0.000000 -8.872448 0.000000 0.000000 1.000000 0.000000
0.988929 0.148389 0.000000 160.496138 -0.148389 0.988929 0.000000 -9.001635 0.000000 0.000000 1.000000 0.000000
0.989064 0.147489 0.000000 161.071074 -0.147489 0.989064 0.000000 -9.107280 0.000000 0.000000 1.000000 0.000000
0.989124 0.147084 0.000000 161.659274 -0.147084 0.989124 0.000000 -9.216250 0.000000 0.000000 1.000000 0.000000
0.988881 0.148712 0.000000 162.239312 -0.148712 0.988881 0.000000 -9.306310 0.000000 0.000000 1.000000 0.000000
0.988932 0.148369 0.000000 162.808245 -0.148369 0.988932 0.000000 -9.411055 0.000000 0.000000 1.000000 0.000000
0.988480 0.151354 0.000000 163.424721 -0.151354 0.988480 0.000000 -9.546642 0.000000 0.000000 1.000000 0.000000
0.988287 0.152608 0.000000 163.997941 -0.152608 0.988287 0.000000 -9.649766 0.000000 0.000000 1.000000 0.000000
0.988054 0.154107 0.000000 165.131724 -0.154107 0.988054 0.000000 -9.839094 0.000000 0.000000 1.000000 0.000000
0.988301 0.152518 0.000000 165.691077 -0.152518 0.988301 0.000000 -9.952480 0.000000 0.000000 1.000000 0.000000
0.987333 0.158663 0.000000 166.302516 -0.158663 0.987333 0.000000 -10.051480 0.000000 0.000000 1.000000 0.000000
0.986768 0.162139 0.000000 166.901910 -0.162139 0.986768 0.000000 -10.170667 0.000000 0.000000 1.000000 0.000000
0.986780 0.162063 0.000000 167.463591 -0.162063 0.986780 0.000000 -10.275922 0.000000 0.000000 1.000000 0.000000
0.986498 0.163776 0.000000 168.555514 -0.163776 0.986498 0.000000 -10.466145 0.000000 0.000000 1.000000 0.000000
0.986292 0.165012 0.000000 169.127466 -0.165012 0.986292 0.000000 -10.579419 0.000000 0.000000 1.000000 0.000000
0.986021 0.166619 0.000000 169.650584 -0.166619 0.986021 0.000000 -10.678182 0.000000 0.000000 1.000000 0.000000
0.986206 0.165521 0.000000 170.213092 -0.165521 0.986206 0.000000 -10.787581 0.000000 0.000000 1.000000 0.000000
0.985937 0.167118 0.000000 170.831823 -0.167118 0.985937 0.000000 -10.900717 0.000000 0.000000 1.000000 0.000000
0.985354 0.170523 0.000000 171.380079 -0.170523 0.985354 0.000000 -10.986613 0.000000 0.000000 1.000000 0.000000
0.984714 0.174176 0.000000 172.138545 -0.174176 0.984714 0.000000 -11.126305 0.000000 0.000000 1.000000 0.000000
0.984198 0.177073 0.000000 172.709868 -0.177073 0.984198 0.000000 -11.228228 0.000000 0.000000 1.000000 0.000000
0.983578 0.180486 0.000000 173.300372 -0.180486 0.983578 0.000000 -11.341164 0.000000 0.000000 1.000000 0.000000
0.983524 0.180778 0.000000 173.946447 -0.180778 0.983524 0.000000 -11.470369 0.000000 0.000000 1.000000 0.000000
0.983757 0.179503 0.000000 174.478247 -0.179503 0.983757 0.000000 -11.588154 0.000000 0.000000 1.000000 0.000000
0.983201 0.182525 0.000000 175.148278 -0.182525 0.983201 0.000000 -11.681501 0.000000 0.000000 1.000000 0.000000
0.983319 0.181889 0.000000 175.739595 -0.181889 0.983319 0.000000 -11.802119 0.000000 0.000000 1.000000 0.000000
0.982035 0.188699 0.000000 176.319719 -0.188699 0.982035 0.000000 -11.910519 0.000000 0.000000 1.000000 0.000000
0.982244 0.187610 0.000000 176.978783 -0.187610 0.982244 0.000000 -12.006424 0.000000 0.000000 1.000000 0.000000
0.982448 0.186539 0.000000 177.560518 -0.186539 0.982448 0.000000 -12.146424 0.000000 0.000000 1.000000 0.000000
0.982383 0.186879 0.000000 178.142655 -0.186879 0.982383 0.000000 -12.270155 0.000000 0.000000 1.000000 0.000000
0.982947 0.183890 0.000000 178.710140 -0.183890 0.982947 0.000000 -12.402886 0.000000 0.000000 1.000000 0.000000
0.983973 0.178316 0.000000 179.238225 -0.178316 0.983973 0.000000 -12.521511 0.000000 0.000000 1.000000 0.000000
0.984462 0.175597 0.000000 179.829228 -0.175597 0.984462 0.000000 -12.662456 0.000000 0.000000 1.000000 0.000000
0.984411 0.175886 0.000000 180.428113 -0.175886 0.984411 0.000000 -12.785508 0.000000 0.000000 1.000000 0.000000
0.984798 0.173706 0.000000 180.985789 -0.173706 0.984798 0.000000 -12.896498 0.000000 0.000000 1.000000 0.000000
0.984607 0.174780 0.000000 181.583413 -0.174780 0.984607 0.000000 -12.994918 0.000000 0.000000 1.000000 0.000000
0.984570 0.174992 0.000000 182.186931 -0.174992 0.984570 0.000000 -13.102841 0.000000 0.000000 1.000000 0.000000
0.984672 0.174418 0.000000 182.776054 -0.174418 0.984672 0.000000 -13.197230 0.000000 0.000000 1.000000 0.000000
0.984524 0.175249 0.000000 183.323626 -0.175249 0.984524 0.000000 -13.315893 0.000000 0.000000 1.000000 0.000000
0.984260 0.176727 0.000000 183.905697 -0.176727 0.984260 0.000000 -13.436989 0.000000 0.000000 1.000000 0.000000
0.983697 0.179832 0.000000 184.492311 -0.179832 0.983697 0.000000 -13.548711 0.000000 0.000000 1.000000 0.000000
0.982480 0.186371 0.000000 185.057436 -0.186371 0.982480 0.000000 -13.664135 0.000000 0.000000 1.000000 0.000000
0.981890 0.189452 0.000000 185.636823 -0.189452 0.981890 0.000000 -13.785057 0.000000 0.000000 1.000000 0.000000
0.981956 0.189110 0.000000 186.221510 -0.189110 0.981956 0.000000 -13.911979 0.000000 0.000000 1.000000 0.000000
0.982045 0.188647 0.000000 186.801209 -0.188647 0.982045 0.000000 -14.035771 0.000000 0.000000 1.000000 0.000000
0.981904 0.189381 0.000000 187.406509 -0.189381 0.981904 0.000000 -14.211806 0.000000 0.000000 1.000000 0.000000
0.981313 0.192419 0.000000 187.994883 -0.192419 0.981313 0.000000 -14.332047 0.000000 0.000000 1.000000 0.000000
0.981483 0.191550 0.000000 188.576868 -0.191550 0.981483 0.000000 -14.462713 0.000000 0.000000 1.000000 0.000000
0.981153 0.193231 0.000000 189.152498 -0.193231 0.981153 0.000000 -14.593124 0.000000 0.000000 1.000000 0.000000
0.980510 0.196471 0.000000 189.731709 -0.196471 0.980510 0.000000 -14.720920 0.000000 0.000000 1.000000 0.000000
0.980093 0.198537 0.000000 190.316216 -0.198537 0.980093 0.000000 -14.843510 0.000000 0.000000 1.000000 0.000000
0.980059 0.198707 0.000000 190.858288 -0.198707 0.980059 0.000000 -14.968073 0.000000 0.000000 1.000000 0.000000
0.979286 0.202483 0.000000 191.435421 -0.202483 0.979286 0.000000 -15.097649 0.000000 0.000000 1.000000 0.000000
0.979443 0.201722 0.000000 192.020593 -0.201722 0.979443 0.000000 -15.240493 0.000000 0.000000 1.000000 0.000000
0.979482 0.201534 0.000000 192.583427 -0.201534 0.979482 0.000000 -15.312680 0.000000 0.000000 1.000000 0.000000
0.979354 0.202153 0.000000 193.180838 -0.202153 0.979354 0.000000 -15.392338 0.000000 0.000000 1.000000 0.000000
0.979707 0.200435 0.000000 193.754875 -0.200435 0.979707 0.000000 -15.533953 0.000000 0.000000 1.000000 0.000000
0.979489 0.201496 0.000000 194.291835 -0.201496 0.979489 0.000000 -15.663623 0.000000 0.000000 1.000000 0.000000
0.979286 0.202480 0.000000 194.899713 -0.202480 0.979286 0.000000 -15.700495 0.000000 0.000000 1.000000 0.000000
0.979097 0.203395 0.000000 195.426337 -0.203395 0.979097 0.000000 -15.817750 0.000000 0.000000 1.000000 0.000000
0.978790 0.204866 0.000000 195.960942 -0.204866 0.978790 0.000000 -15.914247 0.000000 0.000000 1.000000 0.000000
0.978368 0.206872 0.000000 196.530858 -0.206872 0.978368 0.000000 -16.041140 0.000000 0.000000 1.000000 0.000000
0.977879 0.209171 0.000000 197.097122 -0.209171 0.977879 0.000000 -16.188555 0.000000 0.000000 1.000000 0.000000
0.977422 0.211296 0.000000 197.891475 -0.211296 0.977422 0.000000 -16.422301 0.000000 0.000000 1.000000 0.000000
0.976631 0.214925 0.000000 198.504721 -0.214925 0.976631 0.000000 -16.502585 0.000000 0.000000 1.000000 0.000000
0.976630 0.214926 0.000000 199.072758 -0.214926 0.976630 0.000000 -16.637467 0.000000 0.000000 1.000000 0.000000
0.976369 0.216109 0.000000 199.636848 -0.216109 0.976369 0.000000 -16.767046 0.000000 0.000000 1.000000 0.000000
0.976594 0.215091 0.000000 200.201869 -0.215091 0.976594 0.000000 -16.897987 0.000000 0.000000 1.000000 0.000000
0.977130 0.212645 0.000000 200.818504 -0.212645 0.977130 0.000000 -17.055079 0.000000 0.000000 1.000000 0.000000
0.977357 0.211596 0.000000 201.443005 -0.211596 0.977357 0.000000 -17.165287 0.000000 0.000000 1.000000 0.000000
0.977896 0.209091 0.000000 201.995441 -0.209091 0.977896 0.000000 -17.300834 0.000000 0.000000 1.000000 0.000000
0.977685 0.210078 0.000000 202.525486 -0.210078 0.977685 0.000000 -17.443213 0.000000 0.000000 1.000000 0.000000
0.977561 0.210652 0.000000 203.478478 -0.210652 0.977561 0.000000 -17.676674 0.000000 0.000000 1.000000 0.000000
0.977223 0.212214 0.000000 204.021508 -0.212214 0.977223 0.000000 -17.803415 0.000000 0.000000 1.000000 0.000000
0.976820 0.214064 0.000000 204.743641 -0.214064 0.976820 0.000000 -17.985033 0.000000 0.000000 1.000000 0.000000
0.976406 0.215943 0.000000 205.457635 -0.215943 0.976406 0.000000 -18.161897 0.000000 0.000000 1.000000 0.000000
0.976436 0.215809 0.000000 206.396428 -0.215809 0.976436 0.000000 -18.388379 0.000000 0.000000 1.000000 0.000000
0.976646 0.214854 0.000000 206.988373 -0.214854 0.976646 0.000000 -18.553187 0.000000 0.000000 1.000000 0.000000
0.976509 0.215478 0.000000 207.580422 -0.215478 0.976509 0.000000 -18.681943 0.000000 0.000000 1.000000 0.000000
0.976276 0.216529 0.000000 208.149882 -0.216529 0.976276 0.000000 -18.818742 0.000000 0.000000 1.000000 0.000000
0.976882 0.213781 0.000000 208.659493 -0.213781 0.976882 0.000000 -18.947823 0.000000 0.000000 1.000000 0.000000
0.976587 0.215125 0.000000 209.275711 -0.215125 0.976587 0.000000 -19.115478 0.000000 0.000000 1.000000 0.000000
0.976478 0.215619 0.000000 209.831139 -0.215619 0.976478 0.000000 -19.259814 0.000000 0.000000 1.000000 0.000000
0.977005 0.213216 0.000000 210.667126 -0.213216 0.977005 0.000000 -19.448730 0.000000 0.000000 1.000000 0.000000
0.977128 0.212652 0.000000 211.237260 -0.212652 0.977128 0.000000 -19.591520 0.000000 0.000000 1.000000 0.000000
0.977028 0.213109 0.000000 211.775889 -0.213109 0.977028 0.000000 -19.704695 0.000000 0.000000 1.000000 0.000000
0.977714 0.209941 0.000000 212.350926 -0.209941 0.977714 0.000000 -19.840565 0.000000 0.000000 1.000000 0.000000
0.977836 0.209374 0.000000 212.947738 -0.209374 0.977836 0.000000 -19.987201 0.000000 0.000000 1.000000 0.000000
