0.999971 0.007565 0.000000 1.195733 -0.007565 0.999971 0.000000 0.032865 0.000000 0.000000 1.000000 0.000000
0.999951 0.009948 0.000000 1.746264 -0.009948 0.999951 0.000000 0.014307 0.000000 0.000000 1.000000 0.000000
0.999924 0.012293 0.000000 2.885838 -0.012293 0.999924 0.000000 -0.014274 0.000000 0.000000 1.000000 0.000000
0.999884 0.015263 0.000000 3.470255 -0.015263 0.999884 0.000000 -0.025654 0.000000 0.000000 1.000000 0.000000
0.999862 0.016585 0.000000 4.023000 -0.016585 0.999862 0.000000 -0.038380 0.000000 0.000000 1.000000 0.000000
0.999859 0.016780 0.000000 4.620005 -0.016780 0.999859 0.000000 -0.057439 0.000000 0.000000 1.000000 0.000000
0.999813 0.019335 0.000000 5.433515 -0.019335 0.999813 0.000000 -0.085444 0.000000 0.000000 1.000000 0.000000
0.999801 0.019929 0.000000 6.015736 -0.019929 0.999801 0.000000 -0.115094 0.000000 0.000000 1.000000 0.000000
0.999781 0.020929 0.000000 6.572946 -0.020929 0.999781 0.000000 -0.130523 0.000000 0.000000 1.000000 0.000000
0.999666 0.025842 0.000000 7.208441 -0.025842 0.999666 0.000000 -0.157976 0.000000 0.000000 1.000000 0.000000
0.999524 0.030865 0.000000 7.751137 -0.030865 0.999524 0.000000 -0.183379 0.000000 0.000000 1.000000 0.000000
0.999319 0.036908 0.000000 8.331167 -0.036908 0.999319 0.000000 -0.207242 0.000000 0.000000 1.000000 0.000000
0.999091 0.042640 0.000000 8.870661 -0.042640 0.999091 0.000000 -0.230685 0.000000 0.000000 1.000000 0.000000
0.998829 0.048371 0.000000 9.591790 -0.048371 0.998829 0.000000 -0.279751 0.000000 0.000000 1.000000 0.000000
0.998662 0.051709 0.000000 10.161872 -0.051709 0.998662 0.000000 -0.317733 0.000000 0.000000 1.000000 0.000000
0.998422 0.056155 0.000000 10.737690 -0.056155 0.998422 0.000000 -0.353670 0.000000 0.000000 1.000000 0.000000
0.998067 0.062145 0.000000 11.309664 -0.062145 0.998067 0.000000 -0.385917 0.000000 0.000000 1.000000 0.000000
0.997481 0.070935 0.000000 12.451411 -0.070935 0.997481 0.000000 -0.469229 0.000000 0.000000 1.000000 0.000000
0.997069 0.076513 0.000000 12.991397 -0.076513 0.997069 0.000000 -0.506241 0.000000 0.000000 1.000000 0.000000
0.996465 0.084015 0.000000 13.566723 -0.084015 0.996465 0.000000 -0.550249 0.000000 0.000000 1.000000 0.000000
0.995894 0.090528 0.000000 14.110329 -0.090528 0.995894 0.000000 -0.596972 0.000000 0.000000 1.000000 0.000000
0.995278 0.097070 0.000000 14.673038 -0.097070 0.995278 0.000000 -0.644794 0.000000 0.000000 1.000000 0.000000
0.994841 0.101442 0.000000 15.204610 -0.101442 0.994841 0.000000 -0.707555 0.000000 0.000000 1.000000 0.000000
0.994196 0.107581 0.000000 15.778218 -0.107581 0.994196 0.000000 -0.774869 0.000000 0.000000 1.000000 0.000000
0.993452 0.114253 0.000000 16.310110 -0.114253 0.993452 0.000000 -0.830229 0.000000 0.000000 1.000000 0.000000
0.991851 0.127402 0.000000 17.059716 -0.127402 0.991851 0.000000 -0.912671 0.000000 0.000000 1.000000 0.000000
0.990924 0.134424 0.000000 17.627171 -0.134424 0.990924 0.000000 -0.988550 0.000000 0.000000 1.000000 0.000000
0.990146 0.140036 0.000000 18.182963 -0.140036 0.990146 0.000000 -1.082354 0.000000 0.000000 1.000000 0.000000
0.989486 0.144626 0.000000 18.737182 -0.144626 0.989486 0.000000 -1.166242 0.000000 0.000000 1.000000 0.000000
0.988521 0.151081 0.000000 19.304936 -0.151081 0.988521 0.000000 -1.254480 0.000000 0.000000 1.000000 0.000000
0.987524 0.157469 0.000000 19.833420 -0.157469 0.987524 0.000000 -1.337723 0.000000 0.000000 1.000000 0.000000
0.986602 0.163145 0.000000 20.360477 -0.163145 0.986602 0.000000 -1.422528 0.000000 0.000000 1.000000 0.000000
0.985005 0.172523 0.000000 20.925573 -0.172523 0.985005 0.000000 -1.512277 0.000000 0.000000 1.000000 0.000000
0.983305 0.181963 0.000000 21.444419 -0.181963 0.983305 0.000000 -1.607300 0.000000 0.000000 1.000000 0.000000
0.982031 0.188717 0.000000 22.005069 -0.188717 0.982031 0.000000 -1.723762 0.000000 0.000000 1.000000 0.000000
0.980743 0.195305 0.000000 22.739135 -0.195305 0.980743 0.000000 -1.889660 0.000000 0.000000 1.000000 0.000000
0.979237 0.202717 0.000000 23.290837 -0.202717 0.979237 0.000000 -1.998151 0.000000 0.000000 1.000000 0.000000
0.977479 0.211035 0.000000 23.881306 -0.211035 0.977479 0.000000 -2.125844 0.000000 0.000000 1.000000 0.000000
0.975861 0.218394 0.000000 24.428144 -0.218394 0.975861 0.000000 -2.245906 0.000000 0.000000 1.000000 0.000000
0.974356 0.225011 0.000000 24.972604 -0.225011 0.974356 0.000000 -2.369259 0.000000 0.000000 1.000000 0.000000
0.973006 0.230781 0.000000 25.480907 -0.230781 0.973006 0.000000 -2.487339 0.000000 0.000000 1.000000 0.000000
0.972013 0.234925 0.000000 25.996429 -0.234925 0.972013 0.000000 -2.595156 0.000000 0.000000 1.000000 0.000000
0.971109 0.238637 0.000000 26.496217 -0.238637 0.971109 0.000000 -2.718598 0.000000 0.000000 1.000000 0.000000
0.969783 0.243970 0.000000 27.025977 -0.243970 0.969783 0.000000 -2.850283 0.000000 0.000000 1.000000 0.000000
0.967633 0.252362 0.000000 28.048225 -0.252362 0.967633 0.000000 -3.124620 0.000000 0.000000 1.000000 0.000000
0.966284 0.257477 0.000000 28.531766 -0.257477 0.966284 0.000000 -3.255331 0.000000 0.000000 1.000000 0.000000
0.964935 0.262489 0.000000 29.059198 -0.262489 0.964935 0.000000 -3.399864 0.000000 0.000000 1.000000 0.000000
0.963182 0.268852 0.000000 29.725888 -0.268852 0.963182 0.000000 -3.585524 0.000000 0.000000 1.000000 0.000000
0.961876 0.273487 0.000000 30.207711 -0.273487 0.961876 0.000000 -3.718041 0.000000 0.000000 1.000000 0.000000
0.959905 0.280324 0.000000 30.692190 -0.280324 0.959905 0.000000 -3.866203 0.000000 0.000000 1.000000 0.000000
0.958689 0.284455 0.000000 31.203948 -0.284455 0.958689 0.000000 -4.021461 0.000000 0.000000 1.000000 0.000000
0.956892 0.290444 0.000000 31.681286 -0.290444 0.956892 0.000000 -4.161412 0.000000 0.000000 1.000000 0.000000
0.954474 0.298295 0.000000 32.286305 -0.298295 0.954474 0.000000 -4.271409 0.000000 0.000000 1.000000 0.000000
0.953344 0.301887 0.000000 32.798090 -0.301887 0.953344 0.000000 -4.445200 0.000000 0.000000 1.000000 0.000000
0.951788 0.306755 0.000000 33.317267 -0.306755 0.951788 0.000000 -4.629168 0.000000 0.000000 1.000000 0.000000
0.950084 0.311994 0.000000 33.812762 -0.311994 0.950084 0.000000 -4.793494 0.000000 0.000000 1.000000 0.000000
0.949629 0.313376 0.000000 34.357732 -0.313376 0.949629 0.000000 -5.004788 0.000000 0.000000 1.000000 0.000000
0.948719 0.316121 0.000000 34.838588 -0.316121 0.948719 0.000000 -5.169681 0.000000 0.000000 1.000000 0.000000
0.947595 0.319474 0.000000 35.299312 -0.319474 0.947595 0.000000 -5.331188 0.000000 0.000000 1.000000 0.000000
0.946139 0.323761 0.000000 35.805007 -0.323761 0.946139 0.000000 -5.513813 0.000000 0.000000 1.000000 0.000000
0.944623 0.328157 0.000000 36.278860 -0.328157 0.944623 0.000000 -5.647458 0.000000 0.000000 1.000000 0.000000
0.942647 0.333790 0.000000 36.779497 -0.333790 0.942647 0.000000 -5.824711 0.000000 0.000000 1.000000 0.000000
0.940527 0.339720 0.000000 37.254064 -0.339720 0.940527 0.000000 -6.000590 0.000000 0.000000 1.000000 0.000000
0.937959 0.346745 0.000000 37.754581 -0.346745 0.937959 0.000000 -6.181500 0.000000 0.000000 1.000000 0.000000
0.935927 0.352193 0.000000 38.229288 -0.352193 0.935927 0.000000 -6.361117 0.000000 0.000000 1.000000 0.000000
0.934695 0.355451 0.000000 38.722893 -0.355451 0.934695 0.000000 -6.558096 0.000000 0.000000 1.000000 0.000000
0.932862 0.360233 0.000000 39.176810 -0.360233 0.932862 0.000000 -6.736839 0.000000 0.000000 1.000000 0.000000
0.929190 0.369603 0.000000 39.863608 -0.369603 0.929190 0.000000 -6.994959 0.000000 0.000000 1.000000 0.000000
0.924905 0.380197 0.000000 40.569204 -0.380197 0.924905 0.000000 -7.278125 0.000000 0.000000 1.000000 0.000000
0.921725 0.387845 0.000000 41.056657 -0.387845 0.921725 0.000000 -7.477168 0.000000 0.000000 1.000000 0.000000
0.917367 0.398042 0.000000 41.897527 -0.398042 0.917367 0.000000 -7.840964 0.000000 0.000000 1.000000 0.000000
0.915095 0.403238 0.000000 42.375887 -0.403238 0.915095 0.000000 -8.060438 0.000000 0.000000 1.000000 0.000000
0.914506 0.404572 0.000000 42.858176 -0.404572 0.914506 0.000000 -8.267889 0.000000 0.000000 1.000000 0.000000
0.912367 0.409374 0.000000 43.341663 -0.409374 0.912367 0.000000 -8.460927 0.000000 0.000000 1.000000 0.000000
0.909406 0.415910 0.000000 43.807565 -0.415910 0.909406 0.000000 -8.691696 0.000000 0.000000 1.000000 0.000000
0.907119 0.420874 0.000000 44.303326 -0.420874 0.907119 0.000000 -8.927952 0.000000 0.000000 1.000000 0.000000
0.904734 0.425977 0.000000 44.734603 -0.425977 0.904734 0.000000 -9.128172 0.000000 0.000000 1.000000 0.000000
0.902866 0.429923 0.000000 45.185299 -0.429923 0.902866 0.000000 -9.358387 0.000000 0.000000 1.000000 0.000000
0.901802 0.432149 0.000000 45.646110 -0.432149 0.901802 0.000000 -9.586928 0.000000 0.000000 1.000000 0.000000
0.899948 0.435996 0.000000 46.101014 -0.435996 0.899948 0.000000 -9.794617 0.000000 0.000000 1.000000 0.000000
0.898090 0.439812 0.000000 46.530832 -0.439812 0.898090 0.000000 -10.017675 0.000000 0.000000 1.000000 0.000000
0.896590 0.442861 0.000000 46.965786 -0.442861 0.896590 0.000000 -10.243879 0.000000 0.000000 1.000000 0.000000
0.896504 0.443036 0.000000 47.367443 -0.443036 0.896504 0.000000 -10.459399 0.000000 0.000000 1.000000 0.000000
0.894216 0.447636 0.000000 47.792188 -0.447636 0.894216 0.000000 -10.677981 0.000000 0.000000 1.000000 0.000000
0.893364 0.449334 0.000000 48.189632 -0.449334 0.893364 0.000000 -10.882241 0.000000 0.000000 1.000000 0.000000
0.893190 0.449679 0.000000 48.612359 -0.449679 0.893190 0.000000 -11.101287 0.000000 0.000000 1.000000 0.000000
0.892561 0.450927 0.000000 49.013789 -0.450927 0.892561 0.000000 -11.311050 0.000000 0.000000 1.000000 0.000000
0.892644 0.450763 0.000000 49.414014 -0.450763 0.892644 0.000000 -11.519365 0.000000 0.000000 1.000000 0.000000
0.889725 0.456496 0.000000 49.807876 -0.456496 0.889725 0.000000 -11.708175 0.000000 0.000000 1.000000 0.000000
0.886929 0.461906 0.000000 50.204535 -0.461906 0.886929 0.000000 -11.921741 0.000000 0.000000 1.000000 0.000000
0.885184 0.465241 0.000000 50.580356 -0.465241 0.885184 0.000000 -12.125376 0.000000 0.000000 1.000000 0.000000
0.882202 0.470871 0.000000 50.951114 -0.470871 0.882202 0.000000 -12.297726 0.000000 0.000000 1.000000 0.000000
0.878995 0.476830 0.000000 51.332597 -0.476830 0.878995 0.000000 -12.508520 0.000000 0.000000 1.000000 0.000000
0.875725 0.482810 0.000000 51.853852 -0.482810 0.875725 0.000000 -12.701180 0.000000 0.000000 1.000000 0.000000
0.870654 0.491895 0.000000 52.235202 -0.491895 0.870654 0.000000 -12.920905 0.000000 0.000000 1.000000 0.000000
0.867017 0.498278 0.000000 52.693602 -0.498278 0.867017 0.000000 -13.130230 0.000000 0.000000 1.000000 0.000000
0.864393 0.502817 0.000000 53.048962 -0.502817 0.864393 0.000000 -13.340015 0.000000 0.000000 1.000000 0.000000
0.860345 0.509713 0.000000 53.397621 -0.509713 0.860345 0.000000 -13.544520 0.000000 0.000000 1.000000 0.000000
0.857407 0.514639 0.000000 53.738589 -0.514639 0.857407 0.000000 -13.752375 0.000000 0.000000 1.000000 0.000000
0.854497 0.519456 0.000000 54.074790 -0.519456 0.854497 0.000000 -13.971859 0.000000 0.000000 1.000000 0.000000
0.850796 0.525496 0.000000 54.405223 -0.525496 0.850796 0.000000 -14.175204 0.000000 0.000000 1.000000 0.000000
0.848829 0.528668 0.000000 54.728172 -0.528668 0.848829 0.000000 -14.383146 0.000000 0.000000 1.000000 0.000000
0.846540 0.532325 0.000000 55.055966 -0.532325 0.846540 0.000000 -14.589755 0.000000 0.000000 1.000000 0.000000
0.845150 0.534529 0.000000 55.374132 -0.534529 0.845150 0.000000 -14.799261 0.000000 0.000000 1.000000 0.000000
0.844549 0.535479 0.000000 55.983805 -0.535479 0.844549 0.000000 -15.207409 0.000000 0.000000 1.000000 0.000000
0.843746 0.536742 0.000000 56.280774 -0.536742 0.843746 0.000000 -15.398566 0.000000 0.000000 1.000000 0.000000
0.843539 0.537067 0.000000 56.559992 -0.537067 0.843539 0.000000 -15.579118 0.000000 0.000000 1.000000 0.000000
0.845597 0.533821 0.000000 56.821487 -0.533821 0.845597 0.000000 -15.750291 0.000000 0.000000 1.000000 0.000000
0.844397 0.535718 0.000000 57.108642 -0.535718 0.844397 0.000000 -15.930705 0.000000 0.000000 1.000000 0.000000
0.843079 0.537790 0.000000 57.370262 -0.537790 0.843079 0.000000 -16.100848 0.000000 0.000000 1.000000 0.000000
0.842382 0.538880 0.000000 57.644239 -0.538880 0.842382 0.000000 -16.283769 0.000000 0.000000 1.000000 0.000000
0.841763 0.539847 0.000000 57.901960 -0.539847 0.841763 0.000000 -16.448726 0.000000 0.000000 1.000000 0.000000
0.842170 0.539212 0.000000 58.170659 -0.539212 0.842170 0.000000 -16.633248 0.000000 0.000000 1.000000 0.000000
0.840705 0.541494 0.000000 58.417415 -0.541494 0.840705 0.000000 -16.790526 0.000000 0.000000 1.000000 0.000000
0.839659 0.543114 0.000000 58.664791 -0.543114 0.839659 0.000000 -16.949007 0.000000 0.000000 1.000000 0.000000
0.837655 0.546200 0.000000 58.915654 -0.546200 0.837655 0.000000 -17.114821 0.000000 0.000000 1.000000 0.000000
0.836166 0.548476 0.000000 59.274977 -0.548476 0.836166 0.000000 -17.351060 0.000000 0.000000 1.000000 0.000000
0.832747 0.553654 0.000000 59.534994 -0.553654 0.832747 0.000000 -17.515896 0.000000 0.000000 1.000000 0.000000
0.827903 0.560872 0.000000 59.795280 -0.560872 0.827903 0.000000 -17.744664 0.000000 0.000000 1.000000 0.000000
0.824753 0.565493 0.000000 60.027162 -0.565493 0.824753 0.000000 -17.898092 0.000000 0.000000 1.000000 0.000000
0.821987 0.569506 0.000000 60.250242 -0.569506 0.821987 0.000000 -18.052918 0.000000 0.000000 1.000000 0.000000
0.821365 0.570403 0.000000 60.466123 -0.570403 0.821365 0.000000 -18.210967 0.000000 0.000000 1.000000 0.000000
0.821126 0.570747 0.000000 60.677840 -0.570747 0.821126 0.000000 -18.370170 0.000000 0.000000 1.000000 0.000000
0.822678 0.568508 0.000000 60.890928 -0.568508 0.822678 0.000000 -18.532365 0.000000 0.000000 1.000000 0.000000
0.822230 0.569155 0.000000 61.095635 -0.569155 0.822230 0.000000 -18.679507 0.000000 0.000000 1.000000 0.000000
0.820504 0.571640 0.000000 61.295441 -0.571640 0.820504 0.000000 -18.821379 0.000000 0.000000 1.000000 0.000000
0.813862 0.581058 0.000000 61.684733 -0.581058 0.813862 0.000000 -19.079347 0.000000 0.000000 1.000000 0.000000
0.812667 0.582729 0.000000 61.859829 -0.582729 0.812667 0.000000 -19.205474 0.000000 0.000000 1.000000 0.000000
0.813091 0.582137 0.000000 62.022471 -0.582137 0.813091 0.000000 -19.344373 0.000000 0.000000 1.000000 0.000000
0.813371 0.581745 0.000000 62.189580 -0.581745 0.813371 0.000000 -19.488488 0.000000 0.000000 1.000000 0.000000
0.812561 0.582876 0.000000 62.356947 -0.582876 0.812561 0.000000 -19.608107 0.000000 0.000000 1.000000 0.000000
0.812348 0.583173 0.000000 62.506888 -0.583173 0.812348 0.000000 -19.741044 0.000000 0.000000 1.000000 0.000000
0.811251 0.584699 0.000000 62.662738 -0.584699 0.811251 0.000000 -19.859289 0.000000 0.000000 1.000000 0.000000
0.810461 0.585792 0.000000 62.820001 -0.585792 0.810461 0.000000 -19.972296 0.000000 0.000000 1.000000 0.000000
0.808710 0.588208 0.000000 62.985816 -0.588208 0.808710 0.000000 -20.092081 0.000000 0.000000 1.000000 0.000000
0.805725 0.592290 0.000000 63.311216 -0.592290 0.805725 0.000000 -20.321109 0.000000 0.000000 1.000000 0.000000
0.804699 0.593684 0.000000 63.465839 -0.593684 0.804699 0.000000 -20.433086 0.000000 0.000000 1.000000 0.000000
0.803866 0.594810 0.000000 63.617258 -0.594810 0.803866 0.000000 -20.538011 0.000000 0.000000 1.000000 0.000000
0.802310 0.596907 0.000000 63.865158 -0.596907 0.802310 0.000000 -20.730621 0.000000 0.000000 1.000000 0.000000
0.800941 0.598743 0.000000 64.033817 -0.598743 0.800941 0.000000 -20.858457 0.000000 0.000000 1.000000 0.000000
0.799034 0.601286 0.000000 64.193854 -0.601286 0.799034 0.000000 -20.977897 0.000000 0.000000 1.000000 0.000000
0.798437 0.602078 0.000000 64.356228 -0.602078 0.798437 0.000000 -21.105168 0.000000 0.000000 1.000000 0.000000
0.797967 0.602702 0.000000 64.574967 -0.602702 0.797967 0.000000 -21.269697 0.000000 0.000000 1.000000 0.000000
0.796983 0.604002 0.000000 64.733706 -0.604002 0.796983 0.000000 -21.396474 0.000000 0.000000 1.000000 0.000000
0.795521 0.605926 0.000000 64.895510 -0.605926 0.795521 0.000000 -21.522556 0.000000 0.000000 1.000000 0.000000
0.791988 0.610537 0.000000 65.224573 -0.610537 0.791988 0.000000 -21.778602 0.000000 0.000000 1.000000 0.000000
0.790562 0.612382 0.000000 65.389459 -0.612382 0.790562 0.000000 -21.908376 0.000000 0.000000 1.000000 0.000000
0.788653 0.614839 0.000000 65.559981 -0.614839 0.788653 0.000000 -22.040389 0.000000 0.000000 1.000000 0.000000
0.787548 0.616253 0.000000 65.721727 -0.616253 0.787548 0.000000 -22.174682 0.000000 0.000000 1.000000 0.000000
0.786733 0.617293 0.000000 65.892550 -0.617293 0.786733 0.000000 -22.314994 0.000000 0.000000 1.000000 0.000000
0.785113 0.619352 0.000000 66.063815 -0.619352 0.785113 0.000000 -22.452620 0.000000 0.000000 1.000000 0.000000
0.783604 0.621260 0.000000 66.226029 -0.621260 0.783604 0.000000 -22.585289 0.000000 0.000000 1.000000 0.000000
0.780879 0.624682 0.000000 66.409742 -0.624682 0.780879 0.000000 -22.734369 0.000000 0.000000 1.000000 0.000000
0.777250 0.629191 0.000000 66.586015 -0.629191 0.777250 0.000000 -22.867032 0.000000 0.000000 1.000000 0.000000
0.773830 0.633394 0.000000 66.756275 -0.633394 0.773830 0.000000 -23.007198 0.000000 0.000000 1.000000 0.000000
0.771460 0.636278 0.000000 66.939749 -0.636278 0.771460 0.000000 -23.161712 0.000000 0.000000 1.000000 0.000000
0.769545 0.638593 0.000000 67.115747 -0.638593 0.769545 0.000000 -23.310249 0.000000 0.000000 1.000000 0.000000
0.767925 0.640539 0.000000 67.303884 -0.640539 0.767925 0.000000 -23.475496 0.000000 0.000000 1.000000 0.000000
0.765021 0.644005 0.000000 67.487911 -0.644005 0.765021 0.000000 -23.627555 0.000000 0.000000 1.000000 0.000000
0.762528 0.646955 0.000000 67.673535 -0.646955 0.762528 0.000000 -23.796414 0.000000 0.000000 1.000000 0.000000
0.759393 0.650632 0.000000 67.866097 -0.650632 0.759393 0.000000 -23.962082 0.000000 0.000000 1.000000 0.000000
0.754721 0.656046 0.000000 68.155971 -0.656046 0.754721 0.000000 -24.202210 0.000000 0.000000 1.000000 0.000000
0.752815 0.658232 0.000000 68.327888 -0.658232 0.752815 0.000000 -24.354130 0.000000 0.000000 1.000000 0.000000
0.751392 0.659857 0.000000 68.529443 -0.659857 0.751392 0.000000 -24.536230 0.000000 0.000000 1.000000 0.000000
0.749705 0.661773 0.000000 68.716658 -0.661773 0.749705 0.000000 -24.710075 0.000000 0.000000 1.000000 0.000000
0.746471 0.665418 0.000000 69.110304 -0.665418 0.746471 0.000000 -25.079549 0.000000 0.000000 1.000000 0.000000
0.744842 0.667241 0.000000 69.302318 -0.667241 0.744842 0.000000 -25.263384 0.000000 0.000000 1.000000 0.000000
0.743297 0.668962 0.000000 69.488856 -0.668962 0.743297 0.000000 -25.437517 0.000000 0.000000 1.000000 0.000000
0.742772 0.669545 0.000000 69.691122 -0.669545 0.742772 0.000000 -25.623135 0.000000 0.000000 1.000000 0.000000
0.737728 0.675099 0.000000 69.957611 -0.675099 0.737728 0.000000 -25.858290 0.000000 0.000000 1.000000 0.000000
0.734117 0.679023 0.000000 70.159680 -0.679023 0.734117 0.000000 -26.040596 0.000000 0.000000 1.000000 0.000000
0.729842 0.683616 0.000000 70.347391 -0.683616 0.729842 0.000000 -26.216550 0.000000 0.000000 1.000000 0.000000
0.723624 0.690195 0.000000 70.512446 -0.690195 0.723624 0.000000 -26.386020 0.000000 0.000000 1.000000 0.000000
0.721847 0.692053 0.000000 70.690999 -0.692053 0.721847 0.000000 -26.560874 0.000000 0.000000 1.000000 0.000000
0.719300 0.694700 0.000000 70.867719 -0.694700 0.719300 0.000000 -26.734865 0.000000 0.000000 1.000000 0.000000
0.718254 0.695781 0.000000 71.055993 -0.695781 0.718254 0.000000 -26.926245 0.000000 0.000000 1.000000 0.000000
0.717904 0.696142 0.000000 71.221655 -0.696142 0.717904 0.000000 -27.097191 0.000000 0.000000 1.000000 0.000000
0.715696 0.698412 0.000000 71.398082 -0.698412 0.715696 0.000000 -27.267743 0.000000 0.000000 1.000000 0.000000
0.715295 0.698822 0.000000 71.576375 -0.698822 0.715295 0.000000 -27.457970 0.000000 0.000000 1.000000 0.000000
0.715960 0.698141 0.000000 71.744412 -0.698141 0.715960 0.000000 -27.634350 0.000000 0.000000 1.000000 0.000000
0.715048 0.699075 0.000000 71.983074 -0.699075 0.715048 0.000000 -27.868450 0.000000 0.000000 1.000000 0.000000
0.714065 0.700079 0.000000 72.171713 -0.700079 0.714065 0.000000 -28.063423 0.000000 0.000000 1.000000 0.000000
0.714200 0.699941 0.000000 72.344543 -0.699941 0.714200 0.000000 -28.259429 0.000000 0.000000 1.000000 0.000000
0.713899 0.700249 0.000000 72.514491 -0.700249 0.713899 0.000000 -28.438732 0.000000 0.000000 1.000000 0.000000
0.714119 0.700024 0.000000 72.641751 -0.700024 0.714119 0.000000 -28.693166 0.000000 0.000000 1.000000 0.000000
0.718655 0.695366 0.000000 72.806774 -0.695366 0.718655 0.000000 -28.880210 0.000000 0.000000 1.000000 0.000000
0.719392 0.694604 0.000000 72.989461 -0.694604 0.719392 0.000000 -29.053778 0.000000 0.000000 1.000000 0.000000
0.721014 0.692921 0.000000 73.151547 -0.692921 0.721014 0.000000 -29.236206 0.000000 0.000000 1.000000 0.000000
0.722692 0.691170 0.000000 73.322153 -0.691170 0.722692 0.000000 -29.405029 0.000000 0.000000 1.000000 0.000000
0.722616 0.691249 0.000000 73.481347 -0.691249 0.722616 0.000000 -29.557230 0.000000 0.000000 1.000000 0.000000
0.723678 0.690138 0.000000 73.804951 -0.690138 0.723678 0.000000 -29.876180 0.000000 0.000000 1.000000 0.000000
0.725484 0.688239 0.000000 73.976555 -0.688239 0.725484 0.000000 -30.043170 0.000000 0.000000 1.000000 0.000000
0.726754 0.686898 0.000000 74.139077 -0.686898 0.726754 0.000000 -30.205497 0.000000 0.000000 1.000000 0.000000
0.728627 0.684911 0.000000 74.285745 -0.684911 0.728627 0.000000 -30.356947 0.000000 0.000000 1.000000 0.000000
0.730050 0.683394 0.000000 74.442466 -0.683394 0.730050 0.000000 -30.512958 0.000000 0.000000 1.000000 0.000000
0.730215 0.683218 0.000000 74.591356 -0.683218 0.730215 0.000000 -30.654851 0.000000 0.000000 1.000000 0.000000
0.730646 0.682756 0.000000 74.747785 -0.682756 0.730646 0.000000 -30.805309 0.000000 0.000000 1.000000 0.000000
0.733336 0.679866 0.000000 75.008109 -0.679866 0.733336 0.000000 -31.058184 0.000000 0.000000 1.000000 0.000000
0.735133 0.677923 0.000000 75.163433 -0.677923 0.735133 0.000000 -31.216832 0.000000 0.000000 1.000000 0.000000
0.736861 0.676044 0.000000 75.313290 -0.676044 0.736861 0.000000 -31.363287 0.000000 0.000000 1.000000 0.000000
0.738602 0.674142 0.000000 75.460440 -0.674142 0.738602 0.000000 -31.508304 0.000000 0.000000 1.000000 0.000000
0.740938 0.671574 0.000000 75.604705 -0.671574 0.740938 0.000000 -31.649212 0.000000 0.000000 1.000000 0.000000
0.744609 0.667501 0.000000 75.746793 -0.667501 0.744609 0.000000 -31.793888 0.000000 0.000000 1.000000 0.000000
0.751682 0.659526 0.000000 76.021680 -0.659526 0.751682 0.000000 -32.047876 0.000000 0.000000 1.000000 0.000000
0.754643 0.656135 0.000000 76.149836 -0.656135 0.754643 0.000000 -32.163979 0.000000 0.000000 1.000000 0.000000
0.758079 0.652163 0.000000 76.277674 -0.652163 0.758079 0.000000 -32.279593 0.000000 0.000000 1.000000 0.000000
0.761478 0.648191 0.000000 76.505707 -0.648191 0.761478 0.000000 -32.463131 0.000000 0.000000 1.000000 0.000000
0.766963 0.641691 0.000000 76.782761 -0.641691 0.766963 0.000000 -32.724576 0.000000 0.000000 1.000000 0.000000
0.771965 0.635665 0.000000 76.969639 -0.635665 0.771965 0.000000 -32.863852 0.000000 0.000000 1.000000 0.000000
0.776009 0.630722 0.000000 77.083654 -0.630722 0.776009 0.000000 -32.960466 0.000000 0.000000 1.000000 0.000000
0.783887 0.620904 0.000000 77.302003 -0.620904 0.783887 0.000000 -33.148867 0.000000 0.000000 1.000000 0.000000
0.787412 0.616427 0.000000 77.411837 -0.616427 0.787412 0.000000 -33.239512 0.000000 0.000000 1.000000 0.000000
0.789979 0.613134 0.000000 77.515486 -0.613134 0.789979 0.000000 -33.318077 0.000000 0.000000 1.000000 0.000000
0.793273 0.608866 0.000000 77.617213 -0.608866 0.793273 0.000000 -33.401984 0.000000 0.000000 1.000000 0.000000
0.797589 0.603201 0.000000 77.769025 -0.603201 0.797589 0.000000 -33.515003 0.000000 0.000000 1.000000 0.000000
0.803435 0.595392 0.000000 77.940369 -0.595392 0.803435 0.000000 -33.682856 0.000000 0.000000 1.000000 0.000000
0.807011 0.590536 0.000000 78.031143 -0.590536 0.807011 0.000000 -33.753238 0.000000 0.000000 1.000000 0.000000
0.810519 0.585712 0.000000 78.120034 -0.585712 0.810519 0.000000 -33.824427 0.000000 0.000000 1.000000 0.000000
0.813722 0.581254 0.000000 78.205446 -0.581254 0.813722 0.000000 -33.889155 0.000000 0.000000 1.000000 0.000000
0.816411 0.577471 0.000000 78.294702 -0.577471 0.816411 0.000000 -33.954034 0.000000 0.000000 1.000000 0.000000
0.819899 0.572509 0.000000 78.374083 -0.572509 0.819899 0.000000 -34.012040 0.000000 0.000000 1.000000 0.000000
0.824930 0.565235 0.000000 78.517818 -0.565235 0.824930 0.000000 -34.119535 0.000000 0.000000 1.000000 0.000000
0.828108 0.560568 0.000000 78.580268 -0.560568 0.828108 0.000000 -34.179282 0.000000 0.000000 1.000000 0.000000
0.830192 0.557478 0.000000 78.645470 -0.557478 0.830192 0.000000 -34.228268 0.000000 0.000000 1.000000 0.000000
0.832646 0.553806 0.000000 78.668447 -0.553806 0.832646 0.000000 -34.249720 0.000000 0.000000 1.000000 0.000000
0.834404 0.551154 0.000000 78.724042 -0.551154 0.834404 0.000000 -34.287560 0.000000 0.000000 1.000000 0.000000
0.835643 0.549274 0.000000 78.769529 -0.549274 0.835643 0.000000 -34.320140 0.000000 0.000000 1.000000 0.000000
0.836370 0.548165 0.000000 78.813848 -0.548165 0.836370 0.000000 -34.347960 0.000000 0.000000 1.000000 0.000000
0.837985 0.545693 0.000000 78.901541 -0.545693 0.837985 0.000000 -34.398606 0.000000 0.000000 1.000000 0.000000
0.838691 0.544608 0.000000 78.926295 -0.544608 0.838691 0.000000 -34.414086 0.000000 0.000000 1.000000 0.000000
0.839164 0.543879 0.000000 78.956976 -0.543879 0.839164 0.000000 -34.431530 0.000000 0.000000 1.000000 0.000000
0.839889 0.542759 0.000000 78.985539 -0.542759 0.839889 0.000000 -34.445818 0.000000 0.000000 1.000000 0.000000
0.841053 0.540952 0.000000 79.009435 -0.540952 0.841053 0.000000 -34.461723 0.000000 0.000000 1.000000 0.000000
0.841582 0.540129 0.000000 79.024344 -0.540129 0.841582 0.000000 -34.471164 0.000000 0.000000 1.000000 0.000000
0.841925 0.539594 0.000000 79.040793 -0.539594 0.841925 0.000000 -34.480250 0.000000 0.000000 1.000000 0.000000
0.842856 0.538138 0.000000 79.050385 -0.538138 0.842856 0.000000 -34.490966 0.000000 0.000000 1.000000 0.000000
0.843600 0.536972 0.000000 79.060699 -0.536972 0.843600 0.000000 -34.492295 0.000000 0.000000 1.000000 0.000000
0.843558 0.537039 0.000000 79.063667 -0.537039 0.843558 0.000000 -34.497294 0.000000 0.000000 1.000000 0.000000
0.843841 0.536593 0.000000 79.063014 -0.536593 0.843841 0.000000 -34.497167 0.000000 0.000000 1.000000 0.000000
0.843346 0.537370 0.000000 79.061855 -0.537370 0.843346 0.000000 -34.494497 0.000000 0.000000 1.000000 0.000000
0.843051 0.537833 0.000000 79.062376 -0.537833 0.843051 0.000000 -34.492898 0.000000 0.000000 1.000000 0.000000
0.842871 0.538116 0.000000 79.062320 -0.538116 0.842871 0.000000 -34.492024 0.000000 0.000000 1.000000 0.000000
0.842926 0.538029 0.000000 79.060771 -0.538029 0.842926 0.000000 -34.493260 0.000000 0.000000 1.000000 0.000000
0.843396 0.537293 0.000000 79.060002 -0.537293 0.843396 0.000000 -34.494594 0.000000 0.000000 1.000000 0.000000
0.842918 0.538042 0.000000 79.061147 -0.538042 0.842918 0.000000 -34.492792 0.000000 0.000000 1.000000 0.000000
0.842707 0.538373 0.000000 79.061713 -0.538373 0.842707 0.000000 -34.492305 0.000000 0.000000 1.000000 0.000000
0.842614 0.538518 0.000000 79.061985 -0.538518 0.842614 0.000000 -34.491220 0.000000 0.000000 1.000000 0.000000
0.842479 0.538730 0.000000 79.062725 -0.538730 0.842479 0.000000 -34.489651 0.000000 0.000000 1.000000 0.000000
0.842445 0.538783 0.000000 79.063385 -0.538783 0.842445 0.000000 -34.488017 0.000000 0.000000 1.000000 0.000000
0.842333 0.538957 0.000000 79.064650 -0.538957 0.842333 0.000000 -34.484804 0.000000 0.000000 1.000000 0.000000
0.842208 0.539153 0.000000 79.065927 -0.539153 0.842208 0.000000 -34.481821 0.000000 0.000000 1.000000 0.000000
0.842269 0.539058 0.000000 79.066465 -0.539058 0.842269 0.000000 -34.479341 0.000000 0.000000 1.000000 0.000000
0.842321 0.538976 0.000000 79.066591 -0.538976 0.842321 0.000000 -34.478680 0.000000 0.000000 1.000000 0.000000
0.842330 0.538963 0.000000 79.066840 -0.538963 0.842330 0.000000 -34.478097 0.000000 0.000000 1.000000 0.000000
0.842290 0.539025 0.000000 79.066964 -0.539025 0.842290 0.000000 -34.477823 0.000000 0.000000 1.000000 0.000000
0.842283 0.539036 0.000000 79.066947 -0.539036 0.842283 0.000000 -34.477953 0.000000 0.000000 1.000000 0.000000
0.842293 0.539019 0.000000 79.066786 -0.539019 0.842293 0.000000 -34.478487 0.000000 0.000000 1.000000 0.000000
0.842261 0.539070 0.000000 79.066604 -0.539070 0.842261 0.000000 -34.479046 0.000000 0.000000 1.000000 0.000000
0.842242 0.539099 0.000000 79.066444 -0.539099 0.842242 0.000000 -34.479511 0.000000 0.000000 1.000000 0.000000
0.842157 0.539232 0.000000 79.066392 -0.539232 0.842157 0.000000 -34.479809 0.000000 0.000000 1.000000 0.000000
0.841934 0.539580 0.000000 79.066433 -0.539580 0.841934 0.000000 -34.479861 0.000000 0.000000 1.000000 0.000000
0.841875 0.539673 0.000000 79.066595 -0.539673 0.841875 0.000000 -34.479528 0.000000 0.000000 1.000000 0.000000
0.841901 0.539632 0.000000 79.066725 -0.539632 0.841901 0.000000 -34.479725 0.000000 0.000000 1.000000 0.000000
0.841940 0.539571 0.000000 79.066568 -0.539571 0.841940 0.000000 -34.479904 0.000000 0.000000 1.000000 0.000000
0.841932 0.539583 0.000000 79.066597 -0.539583 0.841932 0.000000 -34.479800 0.000000 0.000000 1.000000 0.000000
0.841914 0.539611 0.000000 79.066665 -0.539611 0.841914 0.000000 -34.479745 0.000000 0.000000 1.000000 0.000000
0.841873 0.539675 0.000000 79.066667 -0.539675 0.841873 0.000000 -34.479662 0.000000 0.000000 1.000000 0.000000
0.841880 0.539664 0.000000 79.066623 -0.539664 0.841880 0.000000 -34.479457 0.000000 0.000000 1.000000 0.000000
0.841805 0.539782 0.000000 79.066843 -0.539782 0.841805 0.000000 -34.479505 0.000000 0.000000 1.000000 0.000000
0.841834 0.539736 0.000000 79.066739 -0.539736 0.841834 0.000000 -34.479507 0.000000 0.000000 1.000000 0.000000
0.841835 0.539734 0.000000 79.066730 -0.539734 0.841835 0.000000 -34.479502 0.000000 0.000000 1.000000 0.000000
0.841823 0.539754 0.000000 79.066686 -0.539754 0.841823 0.000000 -34.479316 0.000000 0.000000 1.000000 0.000000
0.841803 0.539784 0.000000 79.066716 -0.539784 0.841803 0.000000 -34.479170 0.000000 0.000000 1.000000 0.000000
0.841861 0.539694 0.000000 79.066539 -0.539694 0.841861 0.000000 -34.479100 0.000000 0.000000 1.000000 0.000000
0.842136 0.539266 0.000000 79.065815 -0.539266 0.842136 0.000000 -34.479287 0.000000 0.000000 1.000000 0.000000
0.842309 0.538995 0.000000 79.065494 -0.538995 0.842309 0.000000 -34.479472 0.000000 0.000000 1.000000 0.000000
0.842268 0.539058 0.000000 79.065392 -0.539058 0.842268 0.000000 -34.479110 0.000000 0.000000 1.000000 0.000000
0.842231 0.539117 0.000000 79.065202 -0.539117 0.842231 0.000000 -34.479066 0.000000 0.000000 1.000000 0.000000
0.842247 0.539091 0.000000 79.065055 -0.539091 0.842247 0.000000 -34.479172 0.000000 0.000000 1.000000 0.000000
0.842417 0.538826 0.000000 79.064232 -0.538826 0.842417 0.000000 -34.479236 0.000000 0.000000 1.000000 0.000000
0.842432 0.538803 0.000000 79.064074 -0.538803 0.842432 0.000000 -34.479200 0.000000 0.000000 1.000000 0.000000
0.842268 0.539060 0.000000 79.064349 -0.539060 0.842268 0.000000 -34.478742 0.000000 0.000000 1.000000 0.000000
0.841919 0.539603 0.000000 79.065309 -0.539603 0.841919 0.000000 -34.477613 0.000000 0.000000 1.000000 0.000000
0.841367 0.540464 0.000000 79.066949 -0.540464 0.841367 0.000000 -34.476336 0.000000 0.000000 1.000000 0.000000
0.840767 0.541396 0.000000 79.068822 -0.541396 0.840767 0.000000 -34.475404 0.000000 0.000000 1.000000 0.000000
0.840522 0.541778 0.000000 79.069768 -0.541778 0.840522 0.000000 -34.475837 0.000000 0.000000 1.000000 0.000000
0.840584 0.541682 0.000000 79.070829 -0.541682 0.840584 0.000000 -34.477575 0.000000 0.000000 1.000000 0.000000
0.840706 0.541492 0.000000 79.069953 -0.541492 0.840706 0.000000 -34.478107 0.000000 0.000000 1.000000 0.000000
0.841182 0.540752 0.000000 79.069751 -0.540752 0.841182 0.000000 -34.483259 0.000000 0.000000 1.000000 0.000000
0.842521 0.538663 0.000000 79.066193 -0.538663 0.842521 0.000000 -34.486834 0.000000 0.000000 1.000000 0.000000
0.843033 0.537862 0.000000 79.065097 -0.537862 0.843033 0.000000 -34.487758 0.000000 0.000000 1.000000 0.000000
0.843271 0.537489 0.000000 79.063780 -0.537489 0.843271 0.000000 -34.488322 0.000000 0.000000 1.000000 0.000000
0.843402 0.537282 0.000000 79.062789 -0.537282 0.843402 0.000000 -34.488988 0.000000 0.000000 1.000000 0.000000
0.843609 0.536959 0.000000 79.062284 -0.536959 0.843609 0.000000 -34.489739 0.000000 0.000000 1.000000 0.000000
0.843619 0.536943 0.000000 79.061942 -0.536943 0.843619 0.000000 -34.489808 0.000000 0.000000 1.000000 0.000000
0.843617 0.536945 0.000000 79.061538 -0.536945 0.843617 0.000000 -34.489555 0.000000 0.000000 1.000000 0.000000
0.843814 0.536635 0.000000 79.059609 -0.536635 0.843814 0.000000 -34.489593 0.000000 0.000000 1.000000 0.000000
0.843791 0.536672 0.000000 79.058031 -0.536672 0.843791 0.000000 -34.489291 0.000000 0.000000 1.000000 0.000000
0.843993 0.536354 0.000000 79.056095 -0.536354 0.843993 0.000000 -34.489295 0.000000 0.000000 1.000000 0.000000
0.844110 0.536170 0.000000 79.054913 -0.536170 0.844110 0.000000 -34.489149 0.000000 0.000000 1.000000 0.000000
0.844146 0.536113 0.000000 79.054081 -0.536113 0.844146 0.000000 -34.488771 0.000000 0.000000 1.000000 0.000000
0.844529 0.535509 0.000000 79.052468 -0.535509 0.844529 0.000000 -34.490422 0.000000 0.000000 1.000000 0.000000
0.844841 0.535018 0.000000 79.052044 -0.535018 0.844841 0.000000 -34.491917 0.000000 0.000000 1.000000 0.000000
0.845372 0.534178 0.000000 79.050738 -0.534178 0.845372 0.000000 -34.494255 0.000000 0.000000 1.000000 0.000000
0.845976 0.533220 0.000000 79.049586 -0.533220 0.845976 0.000000 -34.496591 0.000000 0.000000 1.000000 0.000000
0.846073 0.533067 0.000000 79.048733 -0.533067 0.846073 0.000000 -34.496797 0.000000 0.000000 1.000000 0.000000
0.845902 0.533339 0.000000 79.048687 -0.533339 0.845902 0.000000 -34.496362 0.000000 0.000000 1.000000 0.000000
0.845141 0.534543 0.000000 79.055099 -0.534543 0.845141 0.000000 -34.492601 0.000000 0.000000 1.000000 0.000000
0.843688 0.536834 0.000000 79.065859 -0.536834 0.843688 0.000000 -34.490608 0.000000 0.000000 1.000000 0.000000
0.842693 0.538394 0.000000 79.071098 -0.538394 0.842693 0.000000 -34.488708 0.000000 0.000000 1.000000 0.000000
0.841752 0.539864 0.000000 79.074300 -0.539864 0.841752 0.000000 -34.486099 0.000000 0.000000 1.000000 0.000000
0.840705 0.541494 0.000000 79.077974 -0.541494 0.840705 0.000000 -34.482829 0.000000 0.000000 1.000000 0.000000
0.839392 0.543526 0.000000 79.087192 -0.543526 0.839392 0.000000 -34.478854 0.000000 0.000000 1.000000 0.000000
0.838405 0.545048 0.000000 79.094862 -0.545048 0.838405 0.000000 -34.478600 0.000000 0.000000 1.000000 0.000000
0.837939 0.545764 0.000000 79.102959 -0.545764 0.837939 0.000000 -34.482343 0.000000 0.000000 1.000000 0.000000
0.838034 0.545618 0.000000 79.109685 -0.545618 0.838034 0.000000 -34.486378 0.000000 0.000000 1.000000 0.000000
0.838304 0.545204 0.000000 79.118169 -0.545204 0.838304 0.000000 -34.493026 0.000000 0.000000 1.000000 0.000000
0.839003 0.544128 0.000000 79.126019 -0.544128 0.839003 0.000000 -34.500738 0.000000 0.000000 1.000000 0.000000
0.839811 0.542879 0.000000 79.135682 -0.542879 0.839811 0.000000 -34.508917 0.000000 0.000000 1.000000 0.000000
0.840377 0.542002 0.000000 79.143006 -0.542002 0.840377 0.000000 -34.514686 0.000000 0.000000 1.000000 0.000000
0.840485 0.541835 0.000000 79.156521 -0.541835 0.840485 0.000000 -34.522377 0.000000 0.000000 1.000000 0.000000
0.840302 0.542118 0.000000 79.168303 -0.542118 0.840302 0.000000 -34.530978 0.000000 0.000000 1.000000 0.000000
0.839725 0.543012 0.000000 79.183046 -0.543012 0.839725 0.000000 -34.539564 0.000000 0.000000 1.000000 0.000000
0.839256 0.543736 0.000000 79.199495 -0.543736 0.839256 0.000000 -34.545379 0.000000 0.000000 1.000000 0.000000
0.838897 0.544290 0.000000 79.218233 -0.544290 0.838897 0.000000 -34.553076 0.000000 0.000000 1.000000 0.000000
0.839468 0.543410 0.000000 79.238321 -0.543410 0.839468 0.000000 -34.579976 0.000000 0.000000 1.000000 0.000000
0.839561 0.543266 0.000000 79.253403 -0.543266 0.839561 0.000000 -34.586892 0.000000 0.000000 1.000000 0.000000
0.840048 0.542512 0.000000 79.265152 -0.542512 0.840048 0.000000 -34.595750 0.000000 0.000000 1.000000 0.000000
0.840704 0.541495 0.000000 79.276774 -0.541495 0.840704 0.000000 -34.605175 0.000000 0.000000 1.000000 0.000000
0.842055 0.539392 0.000000 79.283393 -0.539392 0.842055 0.000000 -34.615769 0.000000 0.000000 1.000000 0.000000
0.842982 0.537942 0.000000 79.292202 -0.537942 0.842982 0.000000 -34.624930 0.000000 0.000000 1.000000 0.000000
0.843422 0.537252 0.000000 79.298991 -0.537252 0.843422 0.000000 -34.630895 0.000000 0.000000 1.000000 0.000000
0.843644 0.536903 0.000000 79.304458 -0.536903 0.843644 0.000000 -34.634780 0.000000 0.000000 1.000000 0.000000
0.843303 0.537439 0.000000 79.307535 -0.537439 0.843303 0.000000 -34.631100 0.000000 0.000000 1.000000 0.000000
0.842960 0.537977 0.000000 79.313015 -0.537977 0.842960 0.000000 -34.631191 0.000000 0.000000 1.000000 0.000000
0.842210 0.539150 0.000000 79.321262 -0.539150 0.842210 0.000000 -34.628368 0.000000 0.000000 1.000000 0.000000
0.841979 0.539510 0.000000 79.322307 -0.539510 0.841979 0.000000 -34.627754 0.000000 0.000000 1.000000 0.000000
0.841783 0.539816 0.000000 79.324852 -0.539816 0.841783 0.000000 -34.628582 0.000000 0.000000 1.000000 0.000000
0.841718 0.539918 0.000000 79.324105 -0.539918 0.841718 0.000000 -34.629141 0.000000 0.000000 1.000000 0.000000
0.841491 0.540271 0.000000 79.326331 -0.540271 0.841491 0.000000 -34.627228 0.000000 0.000000 1.000000 0.000000
0.841981 0.539508 0.000000 79.323786 -0.539508 0.841981 0.000000 -34.627610 0.000000 0.000000 1.000000 0.000000
0.842200 0.539165 0.000000 79.322083 -0.539165 0.842200 0.000000 -34.627102 0.000000 0.000000 1.000000 0.000000
0.842203 0.539161 0.000000 79.321258 -0.539161 0.842203 0.000000 -34.626588 0.000000 0.000000 1.000000 0.000000
0.842397 0.538857 0.000000 79.320060 -0.538857 0.842397 0.000000 -34.626554 0.000000 0.000000 1.000000 0.000000
0.842708 0.538371 0.000000 79.319610 -0.538371 0.842708 0.000000 -34.626445 0.000000 0.000000 1.000000 0.000000
0.842984 0.537938 0.000000 79.317614 -0.537938 0.842984 0.000000 -34.626498 0.000000 0.000000 1.000000 0.000000
0.843737 0.536756 0.000000 79.317046 -0.536756 0.843737 0.000000 -34.626525 0.000000 0.000000 1.000000 0.000000
0.844232 0.535978 0.000000 79.315636 -0.535978 0.844232 0.000000 -34.627662 0.000000 0.000000 1.000000 0.000000
0.844764 0.535139 0.000000 79.314452 -0.535139 0.844764 0.000000 -34.628819 0.000000 0.000000 1.000000 0.000000
0.845102 0.534605 0.000000 79.314114 -0.534605 0.845102 0.000000 -34.628513 0.000000 0.000000 1.000000 0.000000
0.845583 0.533845 0.000000 79.313219 -0.533845 0.845583 0.000000 -34.629031 0.000000 0.000000 1.000000 0.000000
0.845877 0.533377 0.000000 79.312922 -0.533377 0.845877 0.000000 -34.628904 0.000000 0.000000 1.000000 0.000000
0.846014 0.533161 0.000000 79.313116 -0.533161 0.846014 0.000000 -34.628588 0.000000 0.000000 1.000000 0.000000
0.845963 0.533242 0.000000 79.315321 -0.533242 0.845963 0.000000 -34.624552 0.000000 0.000000 1.000000 0.000000
0.846049 0.533105 0.000000 79.315280 -0.533105 0.846049 0.000000 -34.624490 0.000000 0.000000 1.000000 0.000000
0.846464 0.532445 0.000000 79.314802 -0.532445 0.846464 0.000000 -34.625110 0.000000 0.000000 1.000000 0.000000
0.847110 0.531418 0.000000 79.313285 -0.531418 0.847110 0.000000 -34.627054 0.000000 0.000000 1.000000 0.000000
0.847571 0.530683 0.000000 79.313226 -0.530683 0.847571 0.000000 -34.628619 0.000000 0.000000 1.000000 0.000000
