1.000000 -0.000974 0.000000 0.779182 0.000974 1.000000 0.000000 0.010709 0.000000 0.000000 1.000000 0.000000
0.999999 0.001208 0.000000 1.379164 -0.001208 0.999999 0.000000 0.003363 0.000000 0.000000 1.000000 0.000000
0.999989 0.004625 0.000000 1.979321 -0.004625 0.999989 0.000000 -0.024007 0.000000 0.000000 1.000000 0.000000
0.999959 0.009066 0.000000 2.534289 -0.009066 0.999959 0.000000 -0.069177 0.000000 0.000000 1.000000 0.000000
0.999909 0.013481 0.000000 3.679555 -0.013481 0.999909 0.000000 -0.147279 0.000000 0.000000 1.000000 0.000000
0.999868 0.016264 0.000000 4.276641 -0.016264 0.999868 0.000000 -0.173595 0.000000 0.000000 1.000000 0.000000
0.999788 0.020567 0.000000 5.408907 -0.020567 0.999788 0.000000 -0.231523 0.000000 0.000000 1.000000 0.000000
0.999739 0.022825 0.000000 6.052800 -0.022825 0.999739 0.000000 -0.195183 0.000000 0.000000 1.000000 0.000000
0.999707 0.024217 0.000000 6.586450 -0.024217 0.999707 0.000000 -0.211867 0.000000 0.000000 1.000000 0.000000
0.999663 0.025966 0.000000 7.156794 -0.025966 0.999663 0.000000 -0.248715 0.000000 0.000000 1.000000 0.000000
0.999601 0.028235 0.000000 8.021052 -0.028235 0.999601 0.000000 -0.224628 0.000000 0.000000 1.000000 0.000000
0.999492 0.031855 0.000000 8.457503 -0.031855 0.999492 0.000000 -0.247235 0.000000 0.000000 1.000000 0.000000
0.999467 0.032635 0.000000 9.049491 -0.032635 0.999467 0.000000 -0.242694 0.000000 0.000000 1.000000 0.000000
0.999414 0.034232 0.000000 9.579791 -0.034232 0.999414 0.000000 -0.253633 0.000000 0.000000 1.000000 0.000000
0.999232 0.039178 0.000000 10.105517 -0.039178 0.999232 0.000000 -0.278361 0.000000 0.000000 1.000000 0.000000
0.998983 0.045079 0.000000 10.686986 -0.045079 0.998983 0.000000 -0.305346 0.000000 0.000000 1.000000 0.000000
0.998661 0.051723 0.000000 11.237784 -0.051723 0.998661 0.000000 -0.397998 0.000000 0.000000 1.000000 0.000000
0.998308 0.058152 0.000000 11.896230 -0.058152 0.998308 0.000000 -0.433520 0.000000 0.000000 1.000000 0.000000
0.998162 0.060604 0.000000 12.416120 -0.060604 0.998162 0.000000 -0.392512 0.000000 0.000000 1.000000 0.000000
0.997879 0.065092 0.000000 12.992893 -0.065092 0.997879 0.000000 -0.428280 0.000000 0.000000 1.000000 0.000000
0.997465 0.071165 0.000000 13.566690 -0.071165 0.997465 0.000000 -0.468092 0.000000 0.000000 1.000000 0.000000
0.996637 0.081941 0.000000 14.742013 -0.081941 0.996637 0.000000 -0.526773 0.000000 0.000000 1.000000 0.000000
0.996035 0.088966 0.000000 15.229152 -0.088966 0.996035 0.000000 -0.616857 0.000000 0.000000 1.000000 0.000000
0.995339 0.096441 0.000000 15.808644 -0.096441 0.995339 0.000000 -0.668918 0.000000 0.000000 1.000000 0.000000
0.994673 0.103076 0.000000 16.346698 -0.103076 0.994673 0.000000 -0.724322 0.000000 0.000000 1.000000 0.000000
0.994028 0.109128 0.000000 16.885545 -0.109128 0.994028 0.000000 -0.768589 0.000000 0.000000 1.000000 0.000000
0.993528 0.113590 0.000000 17.427261 -0.113590 0.993528 0.000000 -0.831191 0.000000 0.000000 1.000000 0.000000
0.992878 0.119136 0.000000 18.045931 -0.119136 0.992878 0.000000 -0.865211 0.000000 0.000000 1.000000 0.000000
0.992120 0.125290 0.000000 18.498192 -0.125290 0.992120 0.000000 -0.909587 0.000000 0.000000 1.000000 0.000000
0.990398 0.138242 0.000000 19.210212 -0.138242 0.990398 0.000000 -0.949077 0.000000 0.000000 1.000000 0.000000
0.989129 0.147048 0.000000 19.783815 -0.147048 0.989129 0.000000 -1.035322 0.000000 0.000000 1.000000 0.000000
0.988386 0.151962 0.000000 20.337134 -0.151962 0.988386 0.000000 -1.112256 0.000000 0.000000 1.000000 0.000000
0.987618 0.156879 0.000000 20.923417 -0.156879 0.987618 0.000000 -1.209941 0.000000 0.000000 1.000000 0.000000
0.986629 0.162984 0.000000 21.363723 -0.162984 0.986629 0.000000 -1.275072 0.000000 0.000000 1.000000 0.000000
0.985547 0.169400 0.000000 21.890442 -0.169400 0.985547 0.000000 -1.365345 0.000000 0.000000 1.000000 0.000000
0.984516 0.175293 0.000000 22.438745 -0.175293 0.984516 0.000000 -1.463669 0.000000 0.000000 1.000000 0.000000
0.982854 0.184385 0.000000 22.966260 -0.184385 0.982854 0.000000 -1.551069 0.000000 0.000000 1.000000 0.000000
0.981038 0.193817 0.000000 23.483424 -0.193817 0.981038 0.000000 -1.651161 0.000000 0.000000 1.000000 0.000000
0.979688 0.200530 0.000000 24.038731 -0.200530 0.979688 0.000000 -1.755755 0.000000 0.000000 1.000000 0.000000
0.978249 0.207435 0.000000 24.722726 -0.207435 0.978249 0.000000 -1.921739 0.000000 0.000000 1.000000 0.000000
0.976572 0.215191 0.000000 25.274661 -0.215191 0.976572 0.000000 -2.037106 0.000000 0.000000 1.000000 0.000000
0.974752 0.223291 0.000000 25.851087 -0.223291 0.974752 0.000000 -2.131789 0.000000 0.000000 1.000000 0.000000
0.973091 0.230422 0.000000 26.373502 -0.230422 0.973091 0.000000 -2.249932 0.000000 0.000000 1.000000 0.000000
0.971580 0.236713 0.000000 26.951388 -0.236713 0.971580 0.000000 -2.361672 0.000000 0.000000 1.000000 0.000000
0.970114 0.242648 0.000000 27.470386 -0.242648 0.970114 0.000000 -2.481091 0.000000 0.000000 1.000000 0.000000
0.969570 0.244816 0.000000 28.040914 -0.244816 0.969570 0.000000 -2.619040 0.000000 0.000000 1.000000 0.000000
0.968239 0.250027 0.000000 28.523759 -0.250027 0.968239 0.000000 -2.762341 0.000000 0.000000 1.000000 0.000000
0.966987 0.254826 0.000000 29.103292 -0.254826 0.966987 0.000000 -2.897772 0.000000 0.000000 1.000000 0.000000
0.964316 0.264756 0.000000 30.167418 -0.264756 0.964316 0.000000 -3.217064 0.000000 0.000000 1.000000 0.000000
0.962908 0.269831 0.000000 30.651664 -0.269831 0.962908 0.000000 -3.349737 0.000000 0.000000 1.000000 0.000000
0.961454 0.274965 0.000000 31.161067 -0.274965 0.961454 0.000000 -3.479188 0.000000 0.000000 1.000000 0.000000
0.959365 0.282169 0.000000 31.847374 -0.282169 0.959365 0.000000 -3.688081 0.000000 0.000000 1.000000 0.000000
0.957731 0.287665 0.000000 32.326949 -0.287665 0.957731 0.000000 -3.845900 0.000000 0.000000 1.000000 0.000000
0.956190 0.292747 0.000000 32.720030 -0.292747 0.956190 0.000000 -3.958873 0.000000 0.000000 1.000000 0.000000
0.954554 0.298037 0.000000 33.393138 -0.298037 0.954554 0.000000 -4.121359 0.000000 0.000000 1.000000 0.000000
0.952760 0.303725 0.000000 33.829101 -0.303725 0.952760 0.000000 -4.271074 0.000000 0.000000 1.000000 0.000000
0.950193 0.311661 0.000000 34.574390 -0.311661 0.950193 0.000000 -4.526532 0.000000 0.000000 1.000000 0.000000
0.948955 0.315411 0.000000 35.078530 -0.315411 0.948955 0.000000 -4.721270 0.000000 0.000000 1.000000 0.000000
0.947256 0.320477 0.000000 35.583076 -0.320477 0.947256 0.000000 -4.906184 0.000000 0.000000 1.000000 0.000000
0.945393 0.325934 0.000000 36.113983 -0.325934 0.945393 0.000000 -5.093772 0.000000 0.000000 1.000000 0.000000
0.945199 0.326496 0.000000 36.612484 -0.326496 0.945199 0.000000 -5.209774 0.000000 0.000000 1.000000 0.000000
0.942465 0.334306 0.000000 37.150772 -0.334306 0.942465 0.000000 -5.390923 0.000000 0.000000 1.000000 0.000000
0.941198 0.337854 0.000000 37.624833 -0.337854 0.941198 0.000000 -5.577599 0.000000 0.000000 1.000000 0.000000
0.939255 0.343221 0.000000 38.092279 -0.343221 0.939255 0.000000 -5.796715 0.000000 0.000000 1.000000 0.000000
0.937241 0.348681 0.000000 38.570274 -0.348681 0.937241 0.000000 -5.978328 0.000000 0.000000 1.000000 0.000000
0.935194 0.354136 0.000000 38.992392 -0.354136 0.935194 0.000000 -6.150424 0.000000 0.000000 1.000000 0.000000
0.932482 0.361216 0.000000 39.454177 -0.361216 0.932482 0.000000 -6.396646 0.000000 0.000000 1.000000 0.000000
0.930450 0.366418 0.000000 39.969270 -0.366418 0.930450 0.000000 -6.541565 0.000000 0.000000 1.000000 0.000000
0.928888 0.370362 0.000000 40.408844 -0.370362 0.928888 0.000000 -6.677039 0.000000 0.000000 1.000000 0.000000
0.927581 0.373623 0.000000 40.921451 -0.373623 0.927581 0.000000 -6.882599 0.000000 0.000000 1.000000 0.000000
0.925608 0.378483 0.000000 41.306224 -0.378483 0.925608 0.000000 -6.988290 0.000000 0.000000 1.000000 0.000000
0.922598 0.385764 0.000000 41.964787 -0.385764 0.922598 0.000000 -7.248629 0.000000 0.000000 1.000000 0.000000
0.918149 0.396235 0.000000 42.708689 -0.396235 0.918149 0.000000 -7.537038 0.000000 0.000000 1.000000 0.000000
0.915795 0.401646 0.000000 43.187380 -0.401646 0.915795 0.000000 -7.730675 0.000000 0.000000 1.000000 0.000000
0.911284 0.411778 0.000000 44.011509 -0.411778 0.911284 0.000000 -8.131638 0.000000 0.000000 1.000000 0.000000
0.908553 0.417770 0.000000 44.485868 -0.417770 0.908553 0.000000 -8.355001 0.000000 0.000000 1.000000 0.000000
0.908110 0.418731 0.000000 44.959832 -0.418731 0.908110 0.000000 -8.568103 0.000000 0.000000 1.000000 0.000000
0.906446 0.422322 0.000000 45.446104 -0.422322 0.906446 0.000000 -8.805855 0.000000 0.000000 1.000000 0.000000
0.905745 0.423823 0.000000 45.931801 -0.423823 0.905745 0.000000 -9.010541 0.000000 0.000000 1.000000 0.000000
0.903810 0.427933 0.000000 46.437092 -0.427933 0.903810 0.000000 -9.244987 0.000000 0.000000 1.000000 0.000000
0.901677 0.432410 0.000000 46.911619 -0.432410 0.901677 0.000000 -9.497993 0.000000 0.000000 1.000000 0.000000
0.900140 0.435601 0.000000 47.350313 -0.435601 0.900140 0.000000 -9.704254 0.000000 0.000000 1.000000 0.000000
0.900053 0.435780 0.000000 47.703234 -0.435780 0.900053 0.000000 -9.865957 0.000000 0.000000 1.000000 0.000000
0.898130 0.439729 0.000000 48.113863 -0.439729 0.898130 0.000000 -10.067754 0.000000 0.000000 1.000000 0.000000
0.896448 0.443149 0.000000 48.578379 -0.443149 0.896448 0.000000 -10.301975 0.000000 0.000000 1.000000 0.000000
0.894766 0.446536 0.000000 49.045951 -0.446536 0.894766 0.000000 -10.535699 0.000000 0.000000 1.000000 0.000000
0.894638 0.446791 0.000000 49.456466 -0.446791 0.894638 0.000000 -10.702762 0.000000 0.000000 1.000000 0.000000
0.892075 0.451887 0.000000 49.904159 -0.451887 0.892075 0.000000 -10.928402 0.000000 0.000000 1.000000 0.000000
0.890602 0.454783 0.000000 50.321773 -0.454783 0.890602 0.000000 -11.159895 0.000000 0.000000 1.000000 0.000000
0.890765 0.454464 0.000000 50.673646 -0.454464 0.890765 0.000000 -11.333866 0.000000 0.000000 1.000000 0.000000
0.890402 0.455175 0.000000 51.038681 -0.455175 0.890402 0.000000 -11.485894 0.000000 0.000000 1.000000 0.000000
0.890373 0.455232 0.000000 51.444434 -0.455232 0.890373 0.000000 -11.662446 0.000000 0.000000 1.000000 0.000000
0.887167 0.461448 0.000000 51.810682 -0.461448 0.887167 0.000000 -11.879705 0.000000 0.000000 1.000000 0.000000
0.884985 0.465619 0.000000 52.169266 -0.465619 0.884985 0.000000 -12.054423 0.000000 0.000000 1.000000 0.000000
0.883319 0.468773 0.000000 52.546133 -0.468773 0.883319 0.000000 -12.256430 0.000000 0.000000 1.000000 0.000000
0.879743 0.475450 0.000000 52.893030 -0.475450 0.879743 0.000000 -12.451650 0.000000 0.000000 1.000000 0.000000
0.876343 0.481687 0.000000 53.244791 -0.481687 0.876343 0.000000 -12.651091 0.000000 0.000000 1.000000 0.000000
0.871221 0.490891 0.000000 53.775736 -0.490891 0.871221 0.000000 -12.942931 0.000000 0.000000 1.000000 0.000000
0.866743 0.498756 0.000000 54.138428 -0.498756 0.866743 0.000000 -13.116605 0.000000 0.000000 1.000000 0.000000
0.862970 0.505255 0.000000 54.565410 -0.505255 0.862970 0.000000 -13.382880 0.000000 0.000000 1.000000 0.000000
0.860171 0.510005 0.000000 54.871747 -0.510005 0.860171 0.000000 -13.539906 0.000000 0.000000 1.000000 0.000000
0.856772 0.515695 0.000000 55.177037 -0.515695 0.856772 0.000000 -13.734609 0.000000 0.000000 1.000000 0.000000
0.854194 0.519955 0.000000 55.515750 -0.519955 0.854194 0.000000 -13.936855 0.000000 0.000000 1.000000 0.000000
0.850843 0.525421 0.000000 55.910860 -0.525421 0.850843 0.000000 -14.157170 0.000000 0.000000 1.000000 0.000000
0.847590 0.530651 0.000000 56.276176 -0.530651 0.847590 0.000000 -14.331521 0.000000 0.000000 1.000000 0.000000
0.846135 0.532969 0.000000 56.537975 -0.532969 0.846135 0.000000 -14.510725 0.000000 0.000000 1.000000 0.000000
0.844276 0.535909 0.000000 56.856022 -0.535909 0.844276 0.000000 -14.714486 0.000000 0.000000 1.000000 0.000000
0.842869 0.538118 0.000000 57.174221 -0.538118 0.842869 0.000000 -14.918606 0.000000 0.000000 1.000000 0.000000
0.839523 0.543325 0.000000 57.734467 -0.543325 0.839523 0.000000 -15.313086 0.000000 0.000000 1.000000 0.000000
0.838378 0.545090 0.000000 58.040196 -0.545090 0.838378 0.000000 -15.528744 0.000000 0.000000 1.000000 0.000000
0.838295 0.545217 0.000000 58.299518 -0.545217 0.838295 0.000000 -15.693090 0.000000 0.000000 1.000000 0.000000
0.837711 0.546114 0.000000 58.580597 -0.546114 0.837711 0.000000 -15.896691 0.000000 0.000000 1.000000 0.000000
0.834720 0.550674 0.000000 58.848094 -0.550674 0.834720 0.000000 -16.099808 0.000000 0.000000 1.000000 0.000000
0.833578 0.552402 0.000000 59.104225 -0.552402 0.833578 0.000000 -16.279619 0.000000 0.000000 1.000000 0.000000
0.832978 0.553306 0.000000 59.369162 -0.553306 0.832978 0.000000 -16.469232 0.000000 0.000000 1.000000 0.000000
0.831314 0.555803 0.000000 59.576718 -0.555803 0.831314 0.000000 -16.639836 0.000000 0.000000 1.000000 0.000000
0.830423 0.557133 0.000000 59.855235 -0.557133 0.830423 0.000000 -16.863855 0.000000 0.000000 1.000000 0.000000
0.828986 0.559269 0.000000 60.086598 -0.559269 0.828986 0.000000 -17.025834 0.000000 0.000000 1.000000 0.000000
0.827333 0.561712 0.000000 60.324271 -0.561712 0.827333 0.000000 -17.186888 0.000000 0.000000 1.000000 0.000000
0.824936 0.565225 0.000000 60.602172 -0.565225 0.824936 0.000000 -17.383356 0.000000 0.000000 1.000000 0.000000
0.823654 0.567092 0.000000 60.961643 -0.567092 0.823654 0.000000 -17.625689 0.000000 0.000000 1.000000 0.000000
0.820584 0.571526 0.000000 61.172589 -0.571526 0.820584 0.000000 -17.767873 0.000000 0.000000 1.000000 0.000000
0.818864 0.573988 0.000000 61.392929 -0.573988 0.818864 0.000000 -17.960948 0.000000 0.000000 1.000000 0.000000
0.815745 0.578412 0.000000 61.639627 -0.578412 0.815745 0.000000 -18.117921 0.000000 0.000000 1.000000 0.000000
0.813180 0.582012 0.000000 61.862086 -0.582012 0.813180 0.000000 -18.268770 0.000000 0.000000 1.000000 0.000000
0.812867 0.582450 0.000000 62.083470 -0.582450 0.812867 0.000000 -18.436203 0.000000 0.000000 1.000000 0.000000
0.813241 0.581927 0.000000 62.295672 -0.581927 0.813241 0.000000 -18.589418 0.000000 0.000000 1.000000 0.000000
0.811693 0.584084 0.000000 62.518112 -0.584084 0.811693 0.000000 -18.736967 0.000000 0.000000 1.000000 0.000000
0.811141 0.584850 0.000000 62.711960 -0.584850 0.811141 0.000000 -18.883122 0.000000 0.000000 1.000000 0.000000
0.809153 0.587598 0.000000 62.902809 -0.587598 0.809153 0.000000 -19.034211 0.000000 0.000000 1.000000 0.000000
0.805356 0.592792 0.000000 63.202800 -0.592792 0.805356 0.000000 -19.364304 0.000000 0.000000 1.000000 0.000000
0.805005 0.593268 0.000000 63.372707 -0.593268 0.805005 0.000000 -19.484695 0.000000 0.000000 1.000000 0.000000
0.805123 0.593108 0.000000 63.538923 -0.593108 0.805123 0.000000 -19.613101 0.000000 0.000000 1.000000 0.000000
0.803151 0.595776 0.000000 63.689312 -0.595776 0.803151 0.000000 -19.830746 0.000000 0.000000 1.000000 0.000000
0.800827 0.598895 0.000000 63.847763 -0.598895 0.800827 0.000000 -19.954286 0.000000 0.000000 1.000000 0.000000
0.800641 0.599144 0.000000 63.979044 -0.599144 0.800641 0.000000 -20.064449 0.000000 0.000000 1.000000 0.000000
0.800453 0.599396 0.000000 64.157934 -0.599396 0.800453 0.000000 -20.182486 0.000000 0.000000 1.000000 0.000000
0.799616 0.600511 0.000000 64.308843 -0.600511 0.799616 0.000000 -20.301484 0.000000 0.000000 1.000000 0.000000
0.797815 0.602902 0.000000 64.475638 -0.602902 0.797815 0.000000 -20.424032 0.000000 0.000000 1.000000 0.000000
0.794681 0.607027 0.000000 64.789820 -0.607027 0.794681 0.000000 -20.659004 0.000000 0.000000 1.000000 0.000000
0.794245 0.607597 0.000000 64.945230 -0.607597 0.794245 0.000000 -20.781593 0.000000 0.000000 1.000000 0.000000
0.793731 0.608268 0.000000 65.093236 -0.608268 0.793731 0.000000 -20.880312 0.000000 0.000000 1.000000 0.000000
0.792302 0.610129 0.000000 65.281671 -0.610129 0.792302 0.000000 -21.056995 0.000000 0.000000 1.000000 0.000000
0.791016 0.611796 0.000000 65.440358 -0.611796 0.791016 0.000000 -21.180637 0.000000 0.000000 1.000000 0.000000
0.789232 0.614095 0.000000 65.564925 -0.614095 0.789232 0.000000 -21.284220 0.000000 0.000000 1.000000 0.000000
0.789125 0.614232 0.000000 65.720305 -0.614232 0.789125 0.000000 -21.402400 0.000000 0.000000 1.000000 0.000000
0.787875 0.615835 0.000000 65.877636 -0.615835 0.787875 0.000000 -21.528079 0.000000 0.000000 1.000000 0.000000
0.786009 0.618215 0.000000 66.031306 -0.618215 0.786009 0.000000 -21.663670 0.000000 0.000000 1.000000 0.000000
0.784058 0.620687 0.000000 66.327760 -0.620687 0.784058 0.000000 -21.839224 0.000000 0.000000 1.000000 0.000000
0.778730 0.627359 0.000000 66.647864 -0.627359 0.778730 0.000000 -22.095895 0.000000 0.000000 1.000000 0.000000
0.777329 0.629094 0.000000 66.812220 -0.629094 0.777329 0.000000 -22.231305 0.000000 0.000000 1.000000 0.000000
0.775992 0.630743 0.000000 66.959907 -0.630743 0.775992 0.000000 -22.325504 0.000000 0.000000 1.000000 0.000000
0.774671 0.632364 0.000000 67.117847 -0.632364 0.774671 0.000000 -22.466379 0.000000 0.000000 1.000000 0.000000
0.773896 0.633313 0.000000 67.285481 -0.633313 0.773896 0.000000 -22.606085 0.000000 0.000000 1.000000 0.000000
0.771505 0.636223 0.000000 67.447148 -0.636223 0.771505 0.000000 -22.743494 0.000000 0.000000 1.000000 0.000000
0.769442 0.638717 0.000000 67.607080 -0.638717 0.769442 0.000000 -22.918785 0.000000 0.000000 1.000000 0.000000
0.766046 0.642785 0.000000 67.775729 -0.642785 0.766046 0.000000 -23.077435 0.000000 0.000000 1.000000 0.000000
0.763064 0.646323 0.000000 67.911590 -0.646323 0.763064 0.000000 -23.183420 0.000000 0.000000 1.000000 0.000000
0.760316 0.649553 0.000000 68.069203 -0.649553 0.760316 0.000000 -23.292776 0.000000 0.000000 1.000000 0.000000
0.758528 0.651641 0.000000 68.166652 -0.651641 0.758528 0.000000 -23.412518 0.000000 0.000000 1.000000 0.000000
0.757101 0.653297 0.000000 68.344142 -0.653297 0.757101 0.000000 -23.551912 0.000000 0.000000 1.000000 0.000000
0.754484 0.656319 0.000000 68.530122 -0.656319 0.754484 0.000000 -23.723336 0.000000 0.000000 1.000000 0.000000
0.751523 0.659707 0.000000 68.709901 -0.659707 0.751523 0.000000 -23.881688 0.000000 0.000000 1.000000 0.000000
0.748247 0.663421 0.000000 68.956849 -0.663421 0.748247 0.000000 -24.086936 0.000000 0.000000 1.000000 0.000000
0.745278 0.666753 0.000000 69.139676 -0.666753 0.745278 0.000000 -24.247384 0.000000 0.000000 1.000000 0.000000
0.740579 0.671969 0.000000 69.422826 -0.671969 0.740579 0.000000 -24.494280 0.000000 0.000000 1.000000 0.000000
0.739116 0.673578 0.000000 69.604913 -0.673578 0.739116 0.000000 -24.666179 0.000000 0.000000 1.000000 0.000000
0.736698 0.676221 0.000000 69.800925 -0.676221 0.736698 0.000000 -24.853484 0.000000 0.000000 1.000000 0.000000
0.734956 0.678114 0.000000 69.984663 -0.678114 0.734956 0.000000 -25.031124 0.000000 0.000000 1.000000 0.000000
0.730650 0.682752 0.000000 70.344661 -0.682752 0.730650 0.000000 -25.384256 0.000000 0.000000 1.000000 0.000000
0.727927 0.685654 0.000000 70.534508 -0.685654 0.727927 0.000000 -25.572658 0.000000 0.000000 1.000000 0.000000
0.725246 0.688490 0.000000 70.715290 -0.688490 0.725246 0.000000 -25.760712 0.000000 0.000000 1.000000 0.000000
0.723760 0.690052 0.000000 70.879942 -0.690052 0.723760 0.000000 -25.974368 0.000000 0.000000 1.000000 0.000000
0.718402 0.695628 0.000000 71.150045 -0.695628 0.718402 0.000000 -26.221942 0.000000 0.000000 1.000000 0.000000
0.715162 0.698958 0.000000 71.308755 -0.698958 0.715162 0.000000 -26.389076 0.000000 0.000000 1.000000 0.000000
0.710601 0.703595 0.000000 71.487610 -0.703595 0.710601 0.000000 -26.601204 0.000000 0.000000 1.000000 0.000000
0.707718 0.706495 0.000000 71.652881 -0.706495 0.707718 0.000000 -26.764852 0.000000 0.000000 1.000000 0.000000
0.706105 0.708107 0.000000 71.833442 -0.708107 0.706105 0.000000 -26.935799 0.000000 0.000000 1.000000 0.000000
0.702597 0.711588 0.000000 72.007252 -0.711588 0.702597 0.000000 -27.113386 0.000000 0.000000 1.000000 0.000000
0.702010 0.712167 0.000000 72.185300 -0.712167 0.702010 0.000000 -27.322206 0.000000 0.000000 1.000000 0.000000
0.700095 0.714049 0.000000 72.358618 -0.714049 0.700095 0.000000 -27.505448 0.000000 0.000000 1.000000 0.000000
0.698953 0.715167 0.000000 72.547499 -0.715167 0.698953 0.000000 -27.620177 0.000000 0.000000 1.000000 0.000000
0.698872 0.715247 0.000000 72.725999 -0.715247 0.698872 0.000000 -27.809618 0.000000 0.000000 1.000000 0.000000
0.698582 0.715530 0.000000 72.914637 -0.715530 0.698582 0.000000 -27.963900 0.000000 0.000000 1.000000 0.000000
0.697563 0.716523 0.000000 73.113177 -0.716523 0.697563 0.000000 -28.206542 0.000000 0.000000 1.000000 0.000000
0.695914 0.718125 0.000000 73.298720 -0.718125 0.695914 0.000000 -28.444472 0.000000 0.000000 1.000000 0.000000
0.696150 0.717896 0.000000 73.469002 -0.717896 0.696150 0.000000 -28.637855 0.000000 0.000000 1.000000 0.000000
0.696986 0.717085 0.000000 73.643446 -0.717085 0.696986 0.000000 -28.811295 0.000000 0.000000 1.000000 0.000000
0.700073 0.714072 0.000000 73.768622 -0.714072 0.700073 0.000000 -28.990283 0.000000 0.000000 1.000000 0.000000
0.704609 0.709596 0.000000 73.920948 -0.709596 0.704609 0.000000 -29.160261 0.000000 0.000000 1.000000 0.000000
0.704491 0.709713 0.000000 74.099532 -0.709713 0.704491 0.000000 -29.340009 0.000000 0.000000 1.000000 0.000000
0.704803 0.709403 0.000000 74.253031 -0.709403 0.704803 0.000000 -29.533611 0.000000 0.000000 1.000000 0.000000
0.706131 0.708081 0.000000 74.410880 -0.708081 0.706131 0.000000 -29.706239 0.000000 0.000000 1.000000 0.000000
0.705864 0.708347 0.000000 74.556003 -0.708347 0.705864 0.000000 -29.862442 0.000000 0.000000 1.000000 0.000000
0.707549 0.706665 0.000000 74.870727 -0.706665 0.707549 0.000000 -30.188343 0.000000 0.000000 1.000000 0.000000
0.709879 0.704324 0.000000 75.032126 -0.704324 0.709879 0.000000 -30.365280 0.000000 0.000000 1.000000 0.000000
0.711186 0.703004 0.000000 75.193397 -0.703004 0.711186 0.000000 -30.531144 0.000000 0.000000 1.000000 0.000000
0.713869 0.700279 0.000000 75.361723 -0.700279 0.713869 0.000000 -30.649936 0.000000 0.000000 1.000000 0.000000
0.715414 0.698701 0.000000 75.521406 -0.698701 0.715414 0.000000 -30.801648 0.000000 0.000000 1.000000 0.000000
0.715499 0.698613 0.000000 75.698785 -0.698613 0.715499 0.000000 -30.936616 0.000000 0.000000 1.000000 0.000000
0.716417 0.697673 0.000000 75.860851 -0.697673 0.716417 0.000000 -31.079412 0.000000 0.000000 1.000000 0.000000
0.718003 0.696040 0.000000 76.115054 -0.696040 0.718003 0.000000 -31.338377 0.000000 0.000000 1.000000 0.000000
0.719933 0.694043 0.000000 76.273632 -0.694043 0.719933 0.000000 -31.487944 0.000000 0.000000 1.000000 0.000000
0.721114 0.692816 0.000000 76.446903 -0.692816 0.721114 0.000000 -31.681424 0.000000 0.000000 1.000000 0.000000
0.723601 0.690219 0.000000 76.579133 -0.690219 0.723601 0.000000 -31.817354 0.000000 0.000000 1.000000 0.000000
0.726027 0.687667 0.000000 76.718602 -0.687667 0.726027 0.000000 -31.960109 0.000000 0.000000 1.000000 0.000000
0.729377 0.684112 0.000000 76.833443 -0.684112 0.729377 0.000000 -32.080778 0.000000 0.000000 1.000000 0.000000
0.736325 0.676628 0.000000 77.101005 -0.676628 0.736325 0.000000 -32.324294 0.000000 0.000000 1.000000 0.000000
0.739432 0.673231 0.000000 77.216451 -0.673231 0.739432 0.000000 -32.447934 0.000000 0.000000 1.000000 0.000000
0.743072 0.669211 0.000000 77.349303 -0.669211 0.743072 0.000000 -32.567767 0.000000 0.000000 1.000000 0.000000
0.747233 0.664562 0.000000 77.566458 -0.664562 0.747233 0.000000 -32.741553 0.000000 0.000000 1.000000 0.000000
0.757285 0.653084 0.000000 77.830204 -0.653084 0.757285 0.000000 -32.991048 0.000000 0.000000 1.000000 0.000000
0.762556 0.646923 0.000000 78.005483 -0.646923 0.762556 0.000000 -33.138045 0.000000 0.000000 1.000000 0.000000
0.767344 0.641236 0.000000 78.084698 -0.641236 0.767344 0.000000 -33.226268 0.000000 0.000000 1.000000 0.000000
0.775065 0.631882 0.000000 78.285482 -0.631882 0.775065 0.000000 -33.390129 0.000000 0.000000 1.000000 0.000000
0.778931 0.627110 0.000000 78.395288 -0.627110 0.778931 0.000000 -33.482327 0.000000 0.000000 1.000000 0.000000
0.781546 0.623848 0.000000 78.490605 -0.623848 0.781546 0.000000 -33.558320 0.000000 0.000000 1.000000 0.000000
0.784969 0.619535 0.000000 78.585258 -0.619535 0.784969 0.000000 -33.626351 0.000000 0.000000 1.000000 0.000000
0.789378 0.613908 0.000000 78.741149 -0.613908 0.789378 0.000000 -33.747556 0.000000 0.000000 1.000000 0.000000
0.794175 0.607690 0.000000 78.932898 -0.607690 0.794175 0.000000 -33.901225 0.000000 0.000000 1.000000 0.000000
0.797828 0.602885 0.000000 78.966251 -0.602885 0.797828 0.000000 -33.930989 0.000000 0.000000 1.000000 0.000000
0.801847 0.597530 0.000000 79.058758 -0.597530 0.801847 0.000000 -33.959953 0.000000 0.000000 1.000000 0.000000
0.804618 0.593792 0.000000 79.142966 -0.593792 0.804618 0.000000 -34.025846 0.000000 0.000000 1.000000 0.000000
0.808746 0.588159 0.000000 79.259427 -0.588159 0.808746 0.000000 -34.078937 0.000000 0.000000 1.000000 0.000000
0.812070 0.583559 0.000000 79.339784 -0.583559 0.812070 0.000000 -34.141527 0.000000 0.000000 1.000000 0.000000
0.817195 0.576361 0.000000 79.482051 -0.576361 0.817195 0.000000 -34.250960 0.000000 0.000000 1.000000 0.000000
0.819820 0.572621 0.000000 79.539024 -0.572621 0.819820 0.000000 -34.346567 0.000000 0.000000 1.000000 0.000000
0.822480 0.568793 0.000000 79.594872 -0.568793 0.822480 0.000000 -34.379776 0.000000 0.000000 1.000000 0.000000
0.824474 0.565900 0.000000 79.626267 -0.565900 0.824474 0.000000 -34.485490 0.000000 0.000000 1.000000 0.000000
0.826120 0.563494 0.000000 79.680478 -0.563494 0.826120 0.000000 -34.523957 0.000000 0.000000 1.000000 0.000000
0.828452 0.560060 0.000000 79.722077 -0.560060 0.828452 0.000000 -34.554966 0.000000 0.000000 1.000000 0.000000
0.829360 0.558714 0.000000 79.750116 -0.558714 0.829360 0.000000 -34.581753 0.000000 0.000000 1.000000 0.000000
0.830929 0.556378 0.000000 79.807054 -0.556378 0.830929 0.000000 -34.619059 0.000000 0.000000 1.000000 0.000000
0.831463 0.555580 0.000000 79.865736 -0.555580 0.831463 0.000000 -34.652726 0.000000 0.000000 1.000000 0.000000
0.832445 0.554107 0.000000 79.866158 -0.554107 0.832445 0.000000 -34.637540 0.000000 0.000000 1.000000 0.000000
0.833418 0.552643 0.000000 79.891820 -0.552643 0.833418 0.000000 -34.654327 0.000000 0.000000 1.000000 0.000000
0.834715 0.550682 0.000000 79.914190 -0.550682 0.834715 0.000000 -34.669158 0.000000 0.000000 1.000000 0.000000
0.834990 0.550265 0.000000 79.903561 -0.550265 0.834990 0.000000 -34.663100 0.000000 0.000000 1.000000 0.000000
0.835239 0.549887 0.000000 79.916276 -0.549887 0.835239 0.000000 -34.681332 0.000000 0.000000 1.000000 0.000000
0.836289 0.548289 0.000000 79.917447 -0.548289 0.836289 0.000000 -34.684248 0.000000 0.000000 1.000000 0.000000
0.837679 0.546163 0.000000 79.927891 -0.546163 0.837679 0.000000 -34.662469 0.000000 0.000000 1.000000 0.000000
0.838331 0.545162 0.000000 79.932645 -0.545162 0.838331 0.000000 -34.647144 0.000000 0.000000 1.000000 0.000000
0.837541 0.546375 0.000000 79.937034 -0.546375 0.837541 0.000000 -34.684461 0.000000 0.000000 1.000000 0.000000
0.838509 0.544889 0.000000 79.932485 -0.544889 0.838509 0.000000 -34.627687 0.000000 0.000000 1.000000 0.000000
0.838378 0.545089 0.000000 79.932964 -0.545089 0.838378 0.000000 -34.624462 0.000000 0.000000 1.000000 0.000000
0.838303 0.545205 0.000000 79.930486 -0.545205 0.838303 0.000000 -34.624765 0.000000 0.000000 1.000000 0.000000
0.838877 0.544320 0.000000 79.935537 -0.544320 0.838877 0.000000 -34.639770 0.000000 0.000000 1.000000 0.000000
0.839072 0.544021 0.000000 79.923668 -0.544021 0.839072 0.000000 -34.642916 0.000000 0.000000 1.000000 0.000000
0.839246 0.543752 0.000000 79.873491 -0.543752 0.839246 0.000000 -34.651009 0.000000 0.000000 1.000000 0.000000
0.839061 0.544037 0.000000 79.876905 -0.544037 0.839061 0.000000 -34.651237 0.000000 0.000000 1.000000 0.000000
0.838633 0.544697 0.000000 79.878131 -0.544697 0.838633 0.000000 -34.657925 0.000000 0.000000 1.000000 0.000000
0.838476 0.544939 0.000000 79.855093 -0.544939 0.838476 0.000000 -34.664057 0.000000 0.000000 1.000000 0.000000
0.837537 0.546381 0.000000 79.852753 -0.546381 0.837537 0.000000 -34.682716 0.000000 0.000000 1.000000 0.000000
0.837173 0.546938 0.000000 79.833231 -0.546938 0.837173 0.000000 -34.684260 0.000000 0.000000 1.000000 0.000000
0.837176 0.546934 0.000000 79.823195 -0.546934 0.837176 0.000000 -34.676387 0.000000 0.000000 1.000000 0.000000
0.837309 0.546729 0.000000 79.828404 -0.546729 0.837309 0.000000 -34.671778 0.000000 0.000000 1.000000 0.000000
0.837354 0.546661 0.000000 79.867108 -0.546661 0.837354 0.000000 -34.671509 0.000000 0.000000 1.000000 0.000000
0.836178 0.548459 0.000000 79.872014 -0.548459 0.836178 0.000000 -34.700836 0.000000 0.000000 1.000000 0.000000
0.836118 0.548550 0.000000 79.872982 -0.548550 0.836118 0.000000 -34.701494 0.000000 0.000000 1.000000 0.000000
0.835995 0.548737 0.000000 79.863681 -0.548737 0.835995 0.000000 -34.708765 0.000000 0.000000 1.000000 0.000000
0.835786 0.549056 0.000000 79.862593 -0.549056 0.835786 0.000000 -34.722688 0.000000 0.000000 1.000000 0.000000
0.835757 0.549100 0.000000 79.862513 -0.549100 0.835757 0.000000 -34.723169 0.000000 0.000000 1.000000 0.000000
0.835721 0.549155 0.000000 79.860041 -0.549155 0.835721 0.000000 -34.723668 0.000000 0.000000 1.000000 0.000000
0.836218 0.548397 0.000000 79.878093 -0.548397 0.836218 0.000000 -34.699112 0.000000 0.000000 1.000000 0.000000
0.836006 0.548721 0.000000 79.878039 -0.548721 0.836006 0.000000 -34.698353 0.000000 0.000000 1.000000 0.000000
0.836122 0.548543 0.000000 79.899330 -0.548543 0.836122 0.000000 -34.693537 0.000000 0.000000 1.000000 0.000000
0.836064 0.548633 0.000000 79.899618 -0.548633 0.836064 0.000000 -34.699784 0.000000 0.000000 1.000000 0.000000
0.836132 0.548529 0.000000 79.901861 -0.548529 0.836132 0.000000 -34.698297 0.000000 0.000000 1.000000 0.000000
0.836096 0.548584 0.000000 79.893930 -0.548584 0.836096 0.000000 -34.698169 0.000000 0.000000 1.000000 0.000000
0.836504 0.547960 0.000000 79.934715 -0.547960 0.836504 0.000000 -34.687844 0.000000 0.000000 1.000000 0.000000
0.836560 0.547876 0.000000 79.934439 -0.547876 0.836560 0.000000 -34.684401 0.000000 0.000000 1.000000 0.000000
0.837074 0.547089 0.000000 79.929874 -0.547089 0.837074 0.000000 -34.661812 0.000000 0.000000 1.000000 0.000000
0.837628 0.546241 0.000000 79.937061 -0.546241 0.837628 0.000000 -34.647527 0.000000 0.000000 1.000000 0.000000
0.837926 0.545784 0.000000 79.910769 -0.545784 0.837926 0.000000 -34.634237 0.000000 0.000000 1.000000 0.000000
0.838585 0.544771 0.000000 79.932313 -0.544771 0.838585 0.000000 -34.611349 0.000000 0.000000 1.000000 0.000000
0.838631 0.544700 0.000000 79.939197 -0.544700 0.838631 0.000000 -34.615000 0.000000 0.000000 1.000000 0.000000
0.839083 0.544004 0.000000 79.966234 -0.544004 0.839083 0.000000 -34.604634 0.000000 0.000000 1.000000 0.000000
0.839142 0.543913 0.000000 79.966055 -0.543913 0.839142 0.000000 -34.604560 0.000000 0.000000 1.000000 0.000000
0.838802 0.544437 0.000000 79.913667 -0.544437 0.838802 0.000000 -34.624099 0.000000 0.000000 1.000000 0.000000
0.838852 0.544360 0.000000 79.914928 -0.544360 0.838852 0.000000 -34.620134 0.000000 0.000000 1.000000 0.000000
0.838739 0.544533 0.000000 79.915936 -0.544533 0.838739 0.000000 -34.627252 0.000000 0.000000 1.000000 0.000000
0.838771 0.544484 0.000000 79.917692 -0.544484 0.838771 0.000000 -34.627272 0.000000 0.000000 1.000000 0.000000
0.838741 0.544530 0.000000 79.920285 -0.544530 0.838741 0.000000 -34.631368 0.000000 0.000000 1.000000 0.000000
0.838489 0.544919 0.000000 79.933550 -0.544919 0.838489 0.000000 -34.659994 0.000000 0.000000 1.000000 0.000000
0.838930 0.544240 0.000000 79.915074 -0.544240 0.838930 0.000000 -34.619878 0.000000 0.000000 1.000000 0.000000
0.840753 0.541418 0.000000 79.903159 -0.541418 0.840753 0.000000 -34.509737 0.000000 0.000000 1.000000 0.000000
0.840958 0.541101 0.000000 79.905097 -0.541101 0.840958 0.000000 -34.497722 0.000000 0.000000 1.000000 0.000000
0.840382 0.541995 0.000000 79.908341 -0.541995 0.840382 0.000000 -34.499220 0.000000 0.000000 1.000000 0.000000
0.840181 0.542307 0.000000 79.907438 -0.542307 0.840181 0.000000 -34.511691 0.000000 0.000000 1.000000 0.000000
0.839935 0.542687 0.000000 79.908377 -0.542687 0.839935 0.000000 -34.512132 0.000000 0.000000 1.000000 0.000000
0.840028 0.542544 0.000000 79.910474 -0.542544 0.840028 0.000000 -34.510587 0.000000 0.000000 1.000000 0.000000
0.839923 0.542705 0.000000 79.908099 -0.542705 0.839923 0.000000 -34.523205 0.000000 0.000000 1.000000 0.000000
0.840140 0.542370 0.000000 79.904170 -0.542370 0.840140 0.000000 -34.524576 0.000000 0.000000 1.000000 0.000000
0.840283 0.542148 0.000000 79.898649 -0.542148 0.840283 0.000000 -34.530912 0.000000 0.000000 1.000000 0.000000
0.840771 0.541390 0.000000 79.897302 -0.541390 0.840771 0.000000 -34.527523 0.000000 0.000000 1.000000 0.000000
0.840992 0.541047 0.000000 79.895965 -0.541047 0.840992 0.000000 -34.528817 0.000000 0.000000 1.000000 0.000000
0.841242 0.540659 0.000000 79.895777 -0.540659 0.841242 0.000000 -34.523982 0.000000 0.000000 1.000000 0.000000
0.841510 0.540242 0.000000 79.898935 -0.540242 0.841510 0.000000 -34.519149 0.000000 0.000000 1.000000 0.000000
0.841548 0.540182 0.000000 79.898875 -0.540182 0.841548 0.000000 -34.517329 0.000000 0.000000 1.000000 0.000000
0.841544 0.540188 0.000000 79.897058 -0.540188 0.841544 0.000000 -34.517230 0.000000 0.000000 1.000000 0.000000
0.841633 0.540050 0.000000 79.895261 -0.540050 0.841633 0.000000 -34.519695 0.000000 0.000000 1.000000 0.000000
0.841611 0.540084 0.000000 79.892747 -0.540084 0.841611 0.000000 -34.518158 0.000000 0.000000 1.000000 0.000000
0.842329 0.538964 0.000000 79.878297 -0.538964 0.842329 0.000000 -34.479234 0.000000 0.000000 1.000000 0.000000
0.843483 0.537155 0.000000 79.863753 -0.537155 0.843483 0.000000 -34.418462 0.000000 0.000000 1.000000 0.000000
0.843575 0.537011 0.000000 79.860533 -0.537011 0.843575 0.000000 -34.414329 0.000000 0.000000 1.000000 0.000000
0.844018 0.536314 0.000000 79.860220 -0.536314 0.844018 0.000000 -34.415830 0.000000 0.000000 1.000000 0.000000
0.844272 0.535915 0.000000 79.859064 -0.535915 0.844272 0.000000 -34.419102 0.000000 0.000000 1.000000 0.000000
0.845081 0.534638 0.000000 79.872296 -0.534638 0.845081 0.000000 -34.394635 0.000000 0.000000 1.000000 0.000000
0.845590 0.533833 0.000000 79.874536 -0.533833 0.845590 0.000000 -34.398806 0.000000 0.000000 1.000000 0.000000
0.845582 0.533845 0.000000 79.866510 -0.533845 0.845582 0.000000 -34.399818 0.000000 0.000000 1.000000 0.000000
0.846150 0.532944 0.000000 79.852657 -0.532944 0.846150 0.000000 -34.364937 0.000000 0.000000 1.000000 0.000000
0.845841 0.533435 0.000000 79.860333 -0.533435 0.845841 0.000000 -34.373844 0.000000 0.000000 1.000000 0.000000
0.846631 0.532180 0.000000 79.918382 -0.532180 0.846631 0.000000 -34.268724 0.000000 0.000000 1.000000 0.000000
0.846045 0.533111 0.000000 79.899929 -0.533111 0.846045 0.000000 -34.259905 0.000000 0.000000 1.000000 0.000000
0.845475 0.534015 0.000000 79.903286 -0.534015 0.845475 0.000000 -34.243881 0.000000 0.000000 1.000000 0.000000
0.846468 0.532439 0.000000 79.878904 -0.532439 0.846468 0.000000 -34.201511 0.000000 0.000000 1.000000 0.000000
0.845421 0.534100 0.000000 79.878348 -0.534100 0.845421 0.000000 -34.177598 0.000000 0.000000 1.000000 0.000000
0.845200 0.534450 0.000000 79.870563 -0.534450 0.845200 0.000000 -34.149523 0.000000 0.000000 1.000000 0.000000
0.845607 0.533806 0.000000 79.901227 -0.533806 0.845607 0.000000 -34.129000 0.000000 0.000000 1.000000 0.000000
0.845810 0.533485 0.000000 79.890940 -0.533485 0.845810 0.000000 -34.112900 0.000000 0.000000 1.000000 0.000000
0.846053 0.533099 0.000000 79.899157 -0.533099 0.846053 0.000000 -34.119093 0.000000 0.000000 1.000000 0.000000
0.849054 0.528306 0.000000 79.889460 -0.528306 0.849054 0.000000 -34.022571 0.000000 0.000000 1.000000 0.000000
0.850165 0.526517 0.000000 79.900290 -0.526517 0.850165 0.000000 -34.012622 0.000000 0.000000 1.000000 0.000000
0.851799 0.523869 0.000000 79.915332 -0.523869 0.851799 0.000000 -33.998432 0.000000 0.000000 1.000000 0.000000
0.851670 0.524078 0.000000 79.928904 -0.524078 0.851670 0.000000 -34.012356 0.000000 0.000000 1.000000 0.000000
0.851493 0.524365 0.000000 79.944497 -0.524365 0.851493 0.000000 -34.019586 0.000000 0.000000 1.000000 0.000000
0.851016 0.525139 0.000000 80.016150 -0.525139 0.851016 0.000000 -34.086771 0.000000 0.000000 1.000000 0.000000
0.850774 0.525532 0.000000 80.027919 -0.525532 0.850774 0.000000 -34.083597 0.000000 0.000000 1.000000 0.000000
0.850872 0.525373 0.000000 80.048666 -0.525373 0.850872 0.000000 -34.095113 0.000000 0.000000 1.000000 0.000000
0.851424 0.524478 0.000000 80.075562 -0.524478 0.851424 0.000000 -34.100694 0.000000 0.000000 1.000000 0.000000
0.851794 0.523876 0.000000 80.079522 -0.523876 0.851794 0.000000 -34.088087 0.000000 0.000000 1.000000 0.000000
0.852270 0.523102 0.000000 80.091535 -0.523102 0.852270 0.000000 -34.096697 0.000000 0.000000 1.000000 0.000000
0.853634 0.520873 0.000000 80.103751 -0.520873 0.853634 0.000000 -34.083193 0.000000 0.000000 1.000000 0.000000
0.854752 0.519036 0.000000 80.189743 -0.519036 0.854752 0.000000 -34.092914 0.000000 0.000000 1.000000 0.000000
0.855184 0.518324 0.000000 80.194474 -0.518324 0.855184 0.000000 -34.100943 0.000000 0.000000 1.000000 0.000000
0.855612 0.517618 0.000000 80.198900 -0.517618 0.855612 0.000000 -34.101645 0.000000 0.000000 1.000000 0.000000
0.855774 0.517351 0.000000 80.202129 -0.517351 0.855774 0.000000 -34.102880 0.000000 0.000000 1.000000 0.000000
0.855419 0.517937 0.000000 80.206116 -0.517937 0.855419 0.000000 -34.097548 0.000000 0.000000 1.000000 0.000000
0.855021 0.518594 0.000000 80.210239 -0.518594 0.855021 0.000000 -34.096928 0.000000 0.000000 1.000000 0.000000
0.854046 0.520197 0.000000 80.213879 -0.520197 0.854046 0.000000 -34.086191 0.000000 0.000000 1.000000 0.000000
0.853893 0.520449 0.000000 80.215397 -0.520449 0.853893 0.000000 -34.088624 0.000000 0.000000 1.000000 0.000000
0.853653 0.520842 0.000000 80.216961 -0.520842 0.853653 0.000000 -34.086965 0.000000 0.000000 1.000000 0.000000
0.853917 0.520409 0.000000 80.224210 -0.520409 0.853917 0.000000 -34.063165 0.000000 0.000000 1.000000 0.000000
0.854058 0.520178 0.000000 80.236670 -0.520178 0.854058 0.000000 -34.087183 0.000000 0.000000 1.000000 0.000000
0.854246 0.519869 0.000000 80.235136 -0.519869 0.854246 0.000000 -34.099603 0.000000 0.000000 1.000000 0.000000
0.854363 0.519676 0.000000 80.231205 -0.519676 0.854363 0.000000 -34.099686 0.000000 0.000000 1.000000 0.000000
0.854366 0.519672 0.000000 80.230361 -0.519672 0.854366 0.000000 -34.099191 0.000000 0.000000 1.000000 0.000000
0.854799 0.518960 0.000000 80.235577 -0.518960 0.854799 0.000000 -34.090514 0.000000 0.000000 1.000000 0.000000
0.854750 0.519040 0.000000 80.224712 -0.519040 0.854750 0.000000 -34.108426 0.000000 0.000000 1.000000 0.000000
0.854757 0.519028 0.000000 80.222898 -0.519028 0.854757 0.000000 -34.106470 0.000000 0.000000 1.000000 0.000000
0.855059 0.518531 0.000000 80.221095 -0.518531 0.855059 0.000000 -34.104494 0.000000 0.000000 1.000000 0.000000
0.855521 0.517769 0.000000 80.221746 -0.517769 0.855521 0.000000 -34.105068 0.000000 0.000000 1.000000 0.000000
0.855872 0.517188 0.000000 80.226110 -0.517188 0.855872 0.000000 -34.105962 0.000000 0.000000 1.000000 0.000000
0.856201 0.516644 0.000000 80.225600 -0.516644 0.856201 0.000000 -34.103646 0.000000 0.000000 1.000000 0.000000
0.856518 0.516117 0.000000 80.234747 -0.516117 0.856518 0.000000 -34.102261 0.000000 0.000000 1.000000 0.000000
0.856123 0.516771 0.000000 80.224055 -0.516771 0.856123 0.000000 -34.143958 0.000000 0.000000 1.000000 0.000000
0.856059 0.516878 0.000000 80.223340 -0.516878 0.856059 0.000000 -34.153019 0.000000 0.000000 1.000000 0.000000
0.856339 0.516414 0.000000 80.222827 -0.516414 0.856339 0.000000 -34.169085 0.000000 0.000000 1.000000 0.000000
