1.000000 0.000890 0.000000 0.580155 -0.000890 1.000000 0.000000 0.001087 0.000000 0.000000 1.000000 0.000000
0.999995 0.003071 0.000000 1.125811 -0.003071 0.999995 0.000000 -0.011714 0.000000 0.000000 1.000000 0.000000
0.999999 0.001418 0.000000 1.683604 -0.001418 0.999999 0.000000 0.008712 0.000000 0.000000 1.000000 0.000000
0.999990 0.004384 0.000000 2.267316 -0.004384 0.999990 0.000000 -0.020823 0.000000 0.000000 1.000000 0.000000
0.999971 0.007563 0.000000 2.937803 -0.007563 0.999971 0.000000 0.002961 0.000000 0.000000 1.000000 0.000000
0.999966 0.008296 0.000000 3.477145 -0.008296 0.999966 0.000000 -0.009409 0.000000 0.000000 1.000000 0.000000
0.999966 0.008278 0.000000 4.051861 -0.008278 0.999966 0.000000 -0.013113 0.000000 0.000000 1.000000 0.000000
0.999932 0.011632 0.000000 4.649763 -0.011632 0.999932 0.000000 -0.001843 0.000000 0.000000 1.000000 0.000000
0.999848 0.017463 0.000000 5.223933 -0.017463 0.999848 0.000000 -0.036099 0.000000 0.000000 1.000000 0.000000
0.999793 0.020324 0.000000 5.810403 -0.020324 0.999793 0.000000 -0.058324 0.000000 0.000000 1.000000 0.000000
0.999713 0.023955 0.000000 6.946445 -0.023955 0.999713 0.000000 -0.094595 0.000000 0.000000 1.000000 0.000000
0.999700 0.024491 0.000000 7.562229 -0.024491 0.999700 0.000000 -0.115457 0.000000 0.000000 1.000000 0.000000
0.999677 0.025427 0.000000 8.366248 -0.025427 0.999677 0.000000 -0.136643 0.000000 0.000000 1.000000 0.000000
0.999624 0.027403 0.000000 8.917873 -0.027403 0.999624 0.000000 -0.137119 0.000000 0.000000 1.000000 0.000000
0.999638 0.026915 0.000000 9.492791 -0.026915 0.999638 0.000000 -0.159326 0.000000 0.000000 1.000000 0.000000
0.999607 0.028021 0.000000 10.076837 -0.028021 0.999607 0.000000 -0.181656 0.000000 0.000000 1.000000 0.000000
0.999584 0.028834 0.000000 10.627908 -0.028834 0.999584 0.000000 -0.210081 0.000000 0.000000 1.000000 0.000000
0.999578 0.029043 0.000000 11.175096 -0.029043 0.999578 0.000000 -0.225843 0.000000 0.000000 1.000000 0.000000
0.999565 0.029481 0.000000 11.722923 -0.029481 0.999565 0.000000 -0.250067 0.000000 0.000000 1.000000 0.000000
0.999512 0.031233 0.000000 12.291821 -0.031233 0.999512 0.000000 -0.263519 0.000000 0.000000 1.000000 0.000000
0.999508 0.031371 0.000000 12.877382 -0.031371 0.999508 0.000000 -0.278997 0.000000 0.000000 1.000000 0.000000
0.999505 0.031466 0.000000 13.451844 -0.031466 0.999505 0.000000 -0.292598 0.000000 0.000000 1.000000 0.000000
0.999446 0.033278 0.000000 14.027532 -0.033278 0.999446 0.000000 -0.313028 0.000000 0.000000 1.000000 0.000000
0.999385 0.035067 0.000000 14.777499 -0.035067 0.999385 0.000000 -0.345301 0.000000 0.000000 1.000000 0.000000
0.999359 0.035809 0.000000 15.388235 -0.035809 0.999359 0.000000 -0.365306 0.000000 0.000000 1.000000 0.000000
0.999303 0.037317 0.000000 15.920357 -0.037317 0.999303 0.000000 -0.346316 0.000000 0.000000 1.000000 0.000000
0.999213 0.039659 0.000000 16.534190 -0.039659 0.999213 0.000000 -0.368198 0.000000 0.000000 1.000000 0.000000
0.999192 0.040186 0.000000 17.084037 -0.040186 0.999192 0.000000 -0.393887 0.000000 0.000000 1.000000 0.000000
0.998999 0.044731 0.000000 17.659182 -0.044731 0.998999 0.000000 -0.422081 0.000000 0.000000 1.000000 0.000000
0.998964 0.045497 0.000000 18.230683 -0.045497 0.998964 0.000000 -0.453251 0.000000 0.000000 1.000000 0.000000
0.998946 0.045895 0.000000 18.806990 -0.045895 0.998946 0.000000 -0.492644 0.000000 0.000000 1.000000 0.000000
0.998808 0.048803 0.000000 19.375284 -0.048803 0.998808 0.000000 -0.522224 0.000000 0.000000 1.000000 0.000000
0.998712 0.050741 0.000000 19.949467 -0.050741 0.998712 0.000000 -0.554545 0.000000 0.000000 1.000000 0.000000
0.998556 0.053719 0.000000 20.533882 -0.053719 0.998556 0.000000 -0.581606 0.000000 0.000000 1.000000 0.000000
0.998507 0.054630 0.000000 21.110330 -0.054630 0.998507 0.000000 -0.621581 0.000000 0.000000 1.000000 0.000000
0.998383 0.056849 0.000000 21.689395 -0.056849 0.998383 0.000000 -0.653618 0.000000 0.000000 1.000000 0.000000
0.998325 0.057857 0.000000 22.256022 -0.057857 0.998325 0.000000 -0.691398 0.000000 0.000000 1.000000 0.000000
0.998332 0.057738 0.000000 23.343636 -0.057738 0.998332 0.000000 -0.768243 0.000000 0.000000 1.000000 0.000000
0.998290 0.058457 0.000000 24.269756 -0.058457 0.998290 0.000000 -0.884642 0.000000 0.000000 1.000000 0.000000
0.998231 0.059450 0.000000 24.753859 -0.059450 0.998231 0.000000 -0.923373 0.000000 0.000000 1.000000 0.000000
0.998127 0.061184 0.000000 25.317008 -0.061184 0.998127 0.000000 -0.964623 0.000000 0.000000 1.000000 0.000000
0.998404 0.056472 0.000000 25.879137 -0.056472 0.998404 0.000000 -1.017691 0.000000 0.000000 1.000000 0.000000
0.998443 0.055775 0.000000 26.361981 -0.055775 0.998443 0.000000 -1.058477 0.000000 0.000000 1.000000 0.000000
0.997972 0.063649 0.000000 26.966348 -0.063649 0.997972 0.000000 -1.026179 0.000000 0.000000 1.000000 0.000000
0.997526 0.070295 0.000000 27.521544 -0.070295 0.997526 0.000000 -1.062790 0.000000 0.000000 1.000000 0.000000
0.997667 0.068265 0.000000 28.673376 -0.068265 0.997667 0.000000 -1.187214 0.000000 0.000000 1.000000 0.000000
0.997543 0.070062 0.000000 29.231176 -0.070062 0.997543 0.000000 -1.244036 0.000000 0.000000 1.000000 0.000000
0.997393 0.072160 0.000000 29.811695 -0.072160 0.997393 0.000000 -1.306713 0.000000 0.000000 1.000000 0.000000
0.997307 0.073335 0.000000 30.287091 -0.073335 0.997307 0.000000 -1.357043 0.000000 0.000000 1.000000 0.000000
0.997132 0.075687 0.000000 30.801113 -0.075687 0.997132 0.000000 -1.407306 0.000000 0.000000 1.000000 0.000000
0.996894 0.078751 0.000000 31.631193 -0.078751 0.996894 0.000000 -1.495429 0.000000 0.000000 1.000000 0.000000
0.996733 0.080772 0.000000 32.260296 -0.080772 0.996733 0.000000 -1.565105 0.000000 0.000000 1.000000 0.000000
0.996785 0.080120 0.000000 32.880859 -0.080120 0.996785 0.000000 -1.606074 0.000000 0.000000 1.000000 0.000000
0.996772 0.080285 0.000000 33.422112 -0.080285 0.996772 0.000000 -1.679688 0.000000 0.000000 1.000000 0.000000
0.996792 0.080031 0.000000 33.992348 -0.080031 0.996792 0.000000 -1.726167 0.000000 0.000000 1.000000 0.000000
0.996599 0.082398 0.000000 34.559710 -0.082398 0.996599 0.000000 -1.777337 0.000000 0.000000 1.000000 0.000000
0.996315 0.085764 0.000000 35.079401 -0.085764 0.996315 0.000000 -1.936232 0.000000 0.000000 1.000000 0.000000
0.996162 0.087524 0.000000 35.653071 -0.087524 0.996162 0.000000 -1.998964 0.000000 0.000000 1.000000 0.000000
0.996094 0.088295 0.000000 36.281795 -0.088295 0.996094 0.000000 -2.046301 0.000000 0.000000 1.000000 0.000000
0.995914 0.090307 0.000000 36.803418 -0.090307 0.995914 0.000000 -2.105132 0.000000 0.000000 1.000000 0.000000
0.995564 0.094086 0.000000 37.745082 -0.094086 0.995564 0.000000 -2.190375 0.000000 0.000000 1.000000 0.000000
0.995294 0.096900 0.000000 38.302640 -0.096900 0.995294 0.000000 -2.242197 0.000000 0.000000 1.000000 0.000000
0.995163 0.098238 0.000000 38.949516 -0.098238 0.995163 0.000000 -2.288415 0.000000 0.000000 1.000000 0.000000
0.995090 0.098977 0.000000 39.513855 -0.098977 0.995090 0.000000 -2.324825 0.000000 0.000000 1.000000 0.000000
0.995021 0.099667 0.000000 40.060330 -0.099667 0.995021 0.000000 -2.387512 0.000000 0.000000 1.000000 0.000000
0.994939 0.100477 0.000000 40.647859 -0.100477 0.994939 0.000000 -2.493970 0.000000 0.000000 1.000000 0.000000
0.994830 0.101552 0.000000 41.240802 -0.101552 0.994830 0.000000 -2.546450 0.000000 0.000000 1.000000 0.000000
0.994744 0.102395 0.000000 41.734577 -0.102395 0.994744 0.000000 -2.597948 0.000000 0.000000 1.000000 0.000000
0.994654 0.103265 0.000000 42.283441 -0.103265 0.994654 0.000000 -2.685282 0.000000 0.000000 1.000000 0.000000
0.994281 0.106791 0.000000 42.837589 -0.106791 0.994281 0.000000 -2.741960 0.000000 0.000000 1.000000 0.000000
0.994141 0.108093 0.000000 43.381508 -0.108093 0.994141 0.000000 -2.782148 0.000000 0.000000 1.000000 0.000000
0.993975 0.109604 0.000000 43.930187 -0.109604 0.993975 0.000000 -2.824571 0.000000 0.000000 1.000000 0.000000
0.993992 0.109457 0.000000 44.455054 -0.109457 0.993992 0.000000 -2.895385 0.000000 0.000000 1.000000 0.000000
0.994030 0.109111 0.000000 44.969182 -0.109111 0.994030 0.000000 -2.994552 0.000000 0.000000 1.000000 0.000000
0.994027 0.109133 0.000000 45.921733 -0.109133 0.994027 0.000000 -3.110526 0.000000 0.000000 1.000000 0.000000
0.993725 0.111855 0.000000 46.456045 -0.111855 0.993725 0.000000 -3.175129 0.000000 0.000000 1.000000 0.000000
0.993701 0.112064 0.000000 47.028670 -0.112064 0.993701 0.000000 -3.146084 0.000000 0.000000 1.000000 0.000000
0.992522 0.122069 0.000000 48.105554 -0.122069 0.992522 0.000000 -3.282296 0.000000 0.000000 1.000000 0.000000
0.992510 0.122164 0.000000 48.674375 -0.122164 0.992510 0.000000 -3.354837 0.000000 0.000000 1.000000 0.000000
0.992647 0.121044 0.000000 49.114643 -0.121044 0.992647 0.000000 -3.408206 0.000000 0.000000 1.000000 0.000000
0.992613 0.121325 0.000000 50.134220 -0.121325 0.992613 0.000000 -3.538565 0.000000 0.000000 1.000000 0.000000
0.992756 0.120146 0.000000 50.669222 -0.120146 0.992756 0.000000 -3.604081 0.000000 0.000000 1.000000 0.000000
0.992798 0.119796 0.000000 51.146911 -0.119796 0.992798 0.000000 -3.660305 0.000000 0.000000 1.000000 0.000000
0.992713 0.120504 0.000000 51.628388 -0.120504 0.992713 0.000000 -3.734606 0.000000 0.000000 1.000000 0.000000
0.992686 0.120726 0.000000 52.672946 -0.120726 0.992686 0.000000 -3.962394 0.000000 0.000000 1.000000 0.000000
0.992237 0.124359 0.000000 53.175207 -0.124359 0.992237 0.000000 -4.012984 0.000000 0.000000 1.000000 0.000000
0.991745 0.128224 0.000000 53.725295 -0.128224 0.991745 0.000000 -4.061274 0.000000 0.000000 1.000000 0.000000
0.991653 0.128936 0.000000 54.188462 -0.128936 0.991653 0.000000 -4.123764 0.000000 0.000000 1.000000 0.000000
0.991139 0.132827 0.000000 54.686825 -0.132827 0.991139 0.000000 -4.213479 0.000000 0.000000 1.000000 0.000000
0.990926 0.134405 0.000000 55.226891 -0.134405 0.990926 0.000000 -4.278121 0.000000 0.000000 1.000000 0.000000
0.990544 0.137192 0.000000 55.695679 -0.137192 0.990544 0.000000 -4.340443 0.000000 0.000000 1.000000 0.000000
0.990683 0.136187 0.000000 56.412990 -0.136187 0.990683 0.000000 -4.394338 0.000000 0.000000 1.000000 0.000000
0.990751 0.135696 0.000000 56.833070 -0.135696 0.990751 0.000000 -4.435178 0.000000 0.000000 1.000000 0.000000
0.990830 0.135112 0.000000 57.278235 -0.135112 0.990830 0.000000 -4.491409 0.000000 0.000000 1.000000 0.000000
0.990771 0.135548 0.000000 57.715236 -0.135548 0.990771 0.000000 -4.549865 0.000000 0.000000 1.000000 0.000000
0.991015 0.133749 0.000000 58.171368 -0.133749 0.991015 0.000000 -4.605130 0.000000 0.000000 1.000000 0.000000
0.991092 0.133176 0.000000 58.599450 -0.133176 0.991092 0.000000 -4.641387 0.000000 0.000000 1.000000 0.000000
0.990950 0.134235 0.000000 59.266176 -0.134235 0.990950 0.000000 -4.620084 0.000000 0.000000 1.000000 0.000000
0.990427 0.138037 0.000000 59.641803 -0.138037 0.990427 0.000000 -4.606780 0.000000 0.000000 1.000000 0.000000
0.990140 0.140083 0.000000 60.065012 -0.140083 0.990140 0.000000 -4.674961 0.000000 0.000000 1.000000 0.000000
0.990077 0.140524 0.000000 60.534003 -0.140524 0.990077 0.000000 -4.681581 0.000000 0.000000 1.000000 0.000000
0.990327 0.138754 0.000000 60.955280 -0.138754 0.990327 0.000000 -4.725908 0.000000 0.000000 1.000000 0.000000
0.990074 0.140546 0.000000 61.338104 -0.140546 0.990074 0.000000 -4.795123 0.000000 0.000000 1.000000 0.000000
0.990416 0.138113 0.000000 61.682238 -0.138113 0.990416 0.000000 -4.848603 0.000000 0.000000 1.000000 0.000000
0.990186 0.139754 0.000000 62.056388 -0.139754 0.990186 0.000000 -4.876832 0.000000 0.000000 1.000000 0.000000
0.990136 0.140112 0.000000 62.456374 -0.140112 0.990136 0.000000 -4.903831 0.000000 0.000000 1.000000 0.000000
0.989759 0.142749 0.000000 62.813337 -0.142749 0.989759 0.000000 -4.956418 0.000000 0.000000 1.000000 0.000000
0.989576 0.144010 0.000000 63.478050 -0.144010 0.989576 0.000000 -5.064166 0.000000 0.000000 1.000000 0.000000
0.989650 0.143500 0.000000 63.816216 -0.143500 0.989650 0.000000 -5.113001 0.000000 0.000000 1.000000 0.000000
0.989704 0.143127 0.000000 64.098571 -0.143127 0.989704 0.000000 -5.178628 0.000000 0.000000 1.000000 0.000000
0.989491 0.144593 0.000000 64.428979 -0.144593 0.989491 0.000000 -5.229985 0.000000 0.000000 1.000000 0.000000
0.989440 0.144941 0.000000 64.754765 -0.144941 0.989440 0.000000 -5.275066 0.000000 0.000000 1.000000 0.000000
0.988973 0.148096 0.000000 65.048340 -0.148096 0.988973 0.000000 -5.286129 0.000000 0.000000 1.000000 0.000000
0.988612 0.150490 0.000000 65.368126 -0.150490 0.988612 0.000000 -5.334189 0.000000 0.000000 1.000000 0.000000
0.988776 0.149409 0.000000 65.682795 -0.149409 0.988776 0.000000 -5.389239 0.000000 0.000000 1.000000 0.000000
0.988908 0.148529 0.000000 66.187003 -0.148529 0.988908 0.000000 -5.476036 0.000000 0.000000 1.000000 0.000000
0.988663 0.150153 0.000000 66.495981 -0.150153 0.988663 0.000000 -5.520901 0.000000 0.000000 1.000000 0.000000
0.988428 0.151688 0.000000 66.823320 -0.151688 0.988428 0.000000 -5.565225 0.000000 0.000000 1.000000 0.000000
0.988340 0.152263 0.000000 67.103929 -0.152263 0.988340 0.000000 -5.547586 0.000000 0.000000 1.000000 0.000000
0.988076 0.153966 0.000000 67.390598 -0.153966 0.988076 0.000000 -5.594493 0.000000 0.000000 1.000000 0.000000
0.987804 0.155700 0.000000 67.650365 -0.155700 0.987804 0.000000 -5.660178 0.000000 0.000000 1.000000 0.000000
0.987543 0.157351 0.000000 67.928727 -0.157351 0.987543 0.000000 -5.698289 0.000000 0.000000 1.000000 0.000000
0.987469 0.157813 0.000000 68.203800 -0.157813 0.987469 0.000000 -5.745244 0.000000 0.000000 1.000000 0.000000
0.987331 0.158677 0.000000 68.522260 -0.158677 0.987331 0.000000 -5.752470 0.000000 0.000000 1.000000 0.000000
0.986941 0.161081 0.000000 68.972734 -0.161081 0.986941 0.000000 -5.814802 0.000000 0.000000 1.000000 0.000000
0.987069 0.160297 0.000000 69.197656 -0.160297 0.987069 0.000000 -5.858156 0.000000 0.000000 1.000000 0.000000
0.988161 0.153423 0.000000 69.564320 -0.153423 0.988161 0.000000 -6.136445 0.000000 0.000000 1.000000 0.000000
0.988059 0.154075 0.000000 69.796076 -0.154075 0.988059 0.000000 -6.139452 0.000000 0.000000 1.000000 0.000000
0.988005 0.154419 0.000000 70.058474 -0.154419 0.988005 0.000000 -6.184346 0.000000 0.000000 1.000000 0.000000
0.987894 0.155133 0.000000 70.323123 -0.155133 0.987894 0.000000 -6.225552 0.000000 0.000000 1.000000 0.000000
0.987974 0.154623 0.000000 70.554652 -0.154623 0.987974 0.000000 -6.275215 0.000000 0.000000 1.000000 0.000000
0.987496 0.157643 0.000000 70.818958 -0.157643 0.987496 0.000000 -6.319738 0.000000 0.000000 1.000000 0.000000
0.987293 0.158912 0.000000 71.059445 -0.158912 0.987293 0.000000 -6.357702 0.000000 0.000000 1.000000 0.000000
0.987303 0.158848 0.000000 71.314698 -0.158848 0.987303 0.000000 -6.390652 0.000000 0.000000 1.000000 0.000000
0.987145 0.159829 0.000000 71.558387 -0.159829 0.987145 0.000000 -6.449834 0.000000 0.000000 1.000000 0.000000
0.986904 0.161306 0.000000 71.815417 -0.161306 0.986904 0.000000 -6.486371 0.000000 0.000000 1.000000 0.000000
0.986467 0.163961 0.000000 72.198170 -0.163961 0.986467 0.000000 -6.531445 0.000000 0.000000 1.000000 0.000000
0.986463 0.163984 0.000000 72.471404 -0.163984 0.986463 0.000000 -6.579724 0.000000 0.000000 1.000000 0.000000
0.986563 0.163379 0.000000 72.752729 -0.163379 0.986563 0.000000 -6.620474 0.000000 0.000000 1.000000 0.000000
0.986467 0.163958 0.000000 73.031882 -0.163958 0.986467 0.000000 -6.669123 0.000000 0.000000 1.000000 0.000000
0.986328 0.164792 0.000000 73.297904 -0.164792 0.986328 0.000000 -6.723383 0.000000 0.000000 1.000000 0.000000
0.986066 0.166356 0.000000 73.532399 -0.166356 0.986066 0.000000 -6.763918 0.000000 0.000000 1.000000 0.000000
0.986148 0.165867 0.000000 73.777241 -0.165867 0.986148 0.000000 -6.790866 0.000000 0.000000 1.000000 0.000000
0.985943 0.167080 0.000000 74.057637 -0.167080 0.985943 0.000000 -6.819625 0.000000 0.000000 1.000000 0.000000
0.985385 0.170340 0.000000 74.333807 -0.170340 0.985385 0.000000 -6.873897 0.000000 0.000000 1.000000 0.000000
0.985436 0.170048 0.000000 74.611042 -0.170048 0.985436 0.000000 -6.916089 0.000000 0.000000 1.000000 0.000000
0.985158 0.171647 0.000000 74.886381 -0.171647 0.985158 0.000000 -7.050647 0.000000 0.000000 1.000000 0.000000
0.985065 0.172183 0.000000 75.151203 -0.172183 0.985065 0.000000 -7.078737 0.000000 0.000000 1.000000 0.000000
0.983541 0.180684 0.000000 75.933773 -0.180684 0.983541 0.000000 -7.201759 0.000000 0.000000 1.000000 0.000000
0.983037 0.183405 0.000000 76.220982 -0.183405 0.983037 0.000000 -7.251934 0.000000 0.000000 1.000000 0.000000
0.982641 0.185518 0.000000 76.510557 -0.185518 0.982641 0.000000 -7.305992 0.000000 0.000000 1.000000 0.000000
0.982558 0.185957 0.000000 76.805570 -0.185957 0.982558 0.000000 -7.356286 0.000000 0.000000 1.000000 0.000000
0.982459 0.186476 0.000000 77.104577 -0.186476 0.982459 0.000000 -7.420537 0.000000 0.000000 1.000000 0.000000
0.982368 0.186958 0.000000 77.697251 -0.186958 0.982368 0.000000 -7.527984 0.000000 0.000000 1.000000 0.000000
0.982692 0.185245 0.000000 77.974251 -0.185245 0.982692 0.000000 -7.564663 0.000000 0.000000 1.000000 0.000000
0.982402 0.186777 0.000000 78.286066 -0.186777 0.982402 0.000000 -7.648308 0.000000 0.000000 1.000000 0.000000
0.981408 0.191934 0.000000 78.658755 -0.191934 0.981408 0.000000 -7.691799 0.000000 0.000000 1.000000 0.000000
0.980645 0.195795 0.000000 79.031627 -0.195795 0.980645 0.000000 -7.753266 0.000000 0.000000 1.000000 0.000000
0.980404 0.196999 0.000000 79.570395 -0.196999 0.980404 0.000000 -7.866383 0.000000 0.000000 1.000000 0.000000
0.980279 0.197616 0.000000 79.888231 -0.197616 0.980279 0.000000 -7.971067 0.000000 0.000000 1.000000 0.000000
0.978917 0.204259 0.000000 80.195386 -0.204259 0.978917 0.000000 -7.995604 0.000000 0.000000 1.000000 0.000000
0.978891 0.204383 0.000000 80.510378 -0.204383 0.978891 0.000000 -8.053537 0.000000 0.000000 1.000000 0.000000
0.978503 0.206232 0.000000 80.866077 -0.206232 0.978503 0.000000 -8.131424 0.000000 0.000000 1.000000 0.000000
0.979482 0.201529 0.000000 81.496265 -0.201529 0.979482 0.000000 -8.243769 0.000000 0.000000 1.000000 0.000000
0.979459 0.201644 0.000000 81.846200 -0.201644 0.979459 0.000000 -8.321918 0.000000 0.000000 1.000000 0.000000
0.979306 0.202386 0.000000 82.233593 -0.202386 0.979306 0.000000 -8.400224 0.000000 0.000000 1.000000 0.000000
0.979297 0.202427 0.000000 82.593255 -0.202427 0.979297 0.000000 -8.480333 0.000000 0.000000 1.000000 0.000000
0.978981 0.203952 0.000000 83.221468 -0.203952 0.978981 0.000000 -8.560251 0.000000 0.000000 1.000000 0.000000
0.979483 0.201529 0.000000 83.861822 -0.201529 0.979483 0.000000 -8.744827 0.000000 0.000000 1.000000 0.000000
0.979703 0.200453 0.000000 84.205939 -0.200453 0.979703 0.000000 -8.830868 0.000000 0.000000 1.000000 0.000000
0.979457 0.201653 0.000000 84.672823 -0.201653 0.979457 0.000000 -8.938259 0.000000 0.000000 1.000000 0.000000
0.979497 0.201457 0.000000 85.043860 -0.201457 0.979497 0.000000 -9.025850 0.000000 0.000000 1.000000 0.000000
0.979266 0.202580 0.000000 85.434028 -0.202580 0.979266 0.000000 -9.151668 0.000000 0.000000 1.000000 0.000000
0.979623 0.200847 0.000000 85.875233 -0.200847 0.979623 0.000000 -9.234469 0.000000 0.000000 1.000000 0.000000
0.980433 0.196851 0.000000 86.292653 -0.196851 0.980433 0.000000 -9.333369 0.000000 0.000000 1.000000 0.000000
0.980403 0.197002 0.000000 86.985864 -0.197002 0.980403 0.000000 -9.464113 0.000000 0.000000 1.000000 0.000000
0.980911 0.194459 0.000000 87.824645 -0.194459 0.980911 0.000000 -9.645912 0.000000 0.000000 1.000000 0.000000
0.980410 0.196968 0.000000 88.307510 -0.196968 0.980410 0.000000 -9.749712 0.000000 0.000000 1.000000 0.000000
0.980060 0.198704 0.000000 88.828596 -0.198704 0.980060 0.000000 -9.844927 0.000000 0.000000 1.000000 0.000000
0.978771 0.204955 0.000000 89.299214 -0.204955 0.978771 0.000000 -9.927478 0.000000 0.000000 1.000000 0.000000
0.978794 0.204846 0.000000 89.807102 -0.204846 0.978794 0.000000 -10.040961 0.000000 0.000000 1.000000 0.000000
0.977582 0.210555 0.000000 90.235393 -0.210555 0.977582 0.000000 -10.149865 0.000000 0.000000 1.000000 0.000000
0.976826 0.214033 0.000000 90.717036 -0.214033 0.976826 0.000000 -10.228240 0.000000 0.000000 1.000000 0.000000
0.976073 0.217441 0.000000 91.250512 -0.217441 0.976073 0.000000 -10.358969 0.000000 0.000000 1.000000 0.000000
0.975665 0.219267 0.000000 91.772496 -0.219267 0.975665 0.000000 -10.461467 0.000000 0.000000 1.000000 0.000000
0.975267 0.221029 0.000000 92.262242 -0.221029 0.975267 0.000000 -10.581334 0.000000 0.000000 1.000000 0.000000
0.974589 0.224001 0.000000 92.792482 -0.224001 0.974589 0.000000 -10.703716 0.000000 0.000000 1.000000 0.000000
0.974284 0.225325 0.000000 93.753497 -0.225325 0.974284 0.000000 -10.931351 0.000000 0.000000 1.000000 0.000000
0.974243 0.225503 0.000000 94.279075 -0.225503 0.974243 0.000000 -11.058509 0.000000 0.000000 1.000000 0.000000
0.973588 0.228313 0.000000 94.817042 -0.228313 0.973588 0.000000 -11.235460 0.000000 0.000000 1.000000 0.000000
0.972921 0.231137 0.000000 95.373268 -0.231137 0.972921 0.000000 -11.310980 0.000000 0.000000 1.000000 0.000000
0.972844 0.231463 0.000000 95.907746 -0.231463 0.972844 0.000000 -11.475441 0.000000 0.000000 1.000000 0.000000
0.972435 0.233172 0.000000 96.784018 -0.233172 0.972435 0.000000 -11.665902 0.000000 0.000000 1.000000 0.000000
0.971572 0.236745 0.000000 97.308980 -0.236745 0.971572 0.000000 -11.823196 0.000000 0.000000 1.000000 0.000000
0.969772 0.244013 0.000000 98.420969 -0.244013 0.969772 0.000000 -12.077724 0.000000 0.000000 1.000000 0.000000
0.969029 0.246945 0.000000 99.131991 -0.246945 0.969029 0.000000 -12.272347 0.000000 0.000000 1.000000 0.000000
0.967833 0.251593 0.000000 99.717000 -0.251593 0.967833 0.000000 -12.425674 0.000000 0.000000 1.000000 0.000000
0.966519 0.256594 0.000000 100.303158 -0.256594 0.966519 0.000000 -12.603097 0.000000 0.000000 1.000000 0.000000
0.965768 0.259406 0.000000 100.877307 -0.259406 0.965768 0.000000 -12.749719 0.000000 0.000000 1.000000 0.000000
0.965204 0.261497 0.000000 101.467296 -0.261497 0.965204 0.000000 -12.908196 0.000000 0.000000 1.000000 0.000000
0.964424 0.264361 0.000000 102.078978 -0.264361 0.964424 0.000000 -13.091231 0.000000 0.000000 1.000000 0.000000
0.963465 0.267834 0.000000 102.648096 -0.267834 0.963465 0.000000 -13.251016 0.000000 0.000000 1.000000 0.000000
0.962977 0.269583 0.000000 103.232749 -0.269583 0.962977 0.000000 -13.417591 0.000000 0.000000 1.000000 0.000000
0.962632 0.270814 0.000000 103.826195 -0.270814 0.962632 0.000000 -13.592502 0.000000 0.000000 1.000000 0.000000
0.963159 0.268933 0.000000 104.366654 -0.268933 0.963159 0.000000 -13.761406 0.000000 0.000000 1.000000 0.000000
0.963137 0.269011 0.000000 104.968133 -0.269011 0.963137 0.000000 -13.937579 0.000000 0.000000 1.000000 0.000000
0.962684 0.270629 0.000000 105.574402 -0.270629 0.962684 0.000000 -14.145965 0.000000 0.000000 1.000000 0.000000
0.962759 0.270363 0.000000 106.131826 -0.270363 0.962759 0.000000 -14.298085 0.000000 0.000000 1.000000 0.000000
0.962243 0.272191 0.000000 107.207885 -0.272191 0.962243 0.000000 -14.610836 0.000000 0.000000 1.000000 0.000000
0.961906 0.273381 0.000000 107.850534 -0.273381 0.961906 0.000000 -14.821245 0.000000 0.000000 1.000000 0.000000
0.961215 0.275801 0.000000 108.450864 -0.275801 0.961215 0.000000 -14.995844 0.000000 0.000000 1.000000 0.000000
0.960495 0.278299 0.000000 109.086425 -0.278299 0.960495 0.000000 -15.167602 0.000000 0.000000 1.000000 0.000000
0.960415 0.278574 0.000000 109.675081 -0.278574 0.960415 0.000000 -15.373278 0.000000 0.000000 1.000000 0.000000
0.960253 0.279131 0.000000 110.290887 -0.279131 0.960253 0.000000 -15.569302 0.000000 0.000000 1.000000 0.000000
0.960619 0.277869 0.000000 110.813592 -0.277869 0.960619 0.000000 -15.740731 0.000000 0.000000 1.000000 0.000000
0.960442 0.278480 0.000000 111.458093 -0.278480 0.960442 0.000000 -15.944892 0.000000 0.000000 1.000000 0.000000
0.960714 0.277539 0.000000 112.042295 -0.277539 0.960714 0.000000 -16.116961 0.000000 0.000000 1.000000 0.000000
0.959984 0.280054 0.000000 112.677370 -0.280054 0.959984 0.000000 -16.315852 0.000000 0.000000 1.000000 0.000000
0.959773 0.280779 0.000000 113.280929 -0.280779 0.959773 0.000000 -16.490366 0.000000 0.000000 1.000000 0.000000
0.959894 0.280364 0.000000 113.879738 -0.280364 0.959894 0.000000 -16.682678 0.000000 0.000000 1.000000 0.000000
0.959240 0.282594 0.000000 114.668931 -0.282594 0.959240 0.000000 -16.938142 0.000000 0.000000 1.000000 0.000000
0.958456 0.285241 0.000000 115.262282 -0.285241 0.958456 0.000000 -17.107134 0.000000 0.000000 1.000000 0.000000
0.958693 0.284442 0.000000 115.919905 -0.284442 0.958693 0.000000 -17.207666 0.000000 0.000000 1.000000 0.000000
0.958674 0.284506 0.000000 116.932374 -0.284506 0.958674 0.000000 -17.505668 0.000000 0.000000 1.000000 0.000000
0.958582 0.284818 0.000000 117.572003 -0.284818 0.958582 0.000000 -17.709553 0.000000 0.000000 1.000000 0.000000
0.958283 0.285821 0.000000 118.224942 -0.285821 0.958283 0.000000 -17.919892 0.000000 0.000000 1.000000 0.000000
0.957952 0.286928 0.000000 118.860325 -0.286928 0.957952 0.000000 -18.138363 0.000000 0.000000 1.000000 0.000000
0.957722 0.287696 0.000000 119.501428 -0.287696 0.957722 0.000000 -18.371167 0.000000 0.000000 1.000000 0.000000
0.958183 0.286157 0.000000 120.136251 -0.286157 0.958183 0.000000 -18.596058 0.000000 0.000000 1.000000 0.000000
0.958216 0.286044 0.000000 120.748286 -0.286044 0.958216 0.000000 -18.798047 0.000000 0.000000 1.000000 0.000000
0.958492 0.285120 0.000000 121.893545 -0.285120 0.958492 0.000000 -19.320322 0.000000 0.000000 1.000000 0.000000
0.958889 0.283781 0.000000 122.510257 -0.283781 0.958889 0.000000 -19.553459 0.000000 0.000000 1.000000 0.000000
0.959071 0.283165 0.000000 123.127261 -0.283165 0.959071 0.000000 -19.739160 0.000000 0.000000 1.000000 0.000000
0.958962 0.283535 0.000000 123.727232 -0.283535 0.958962 0.000000 -19.964734 0.000000 0.000000 1.000000 0.000000
0.958950 0.283575 0.000000 125.057518 -0.283575 0.958950 0.000000 -20.393118 0.000000 0.000000 1.000000 0.000000
0.958551 0.284920 0.000000 125.642866 -0.284920 0.958551 0.000000 -20.568751 0.000000 0.000000 1.000000 0.000000
0.959623 0.281288 0.000000 126.295399 -0.281288 0.959623 0.000000 -20.772167 0.000000 0.000000 1.000000 0.000000
0.959725 0.280941 0.000000 126.872613 -0.280941 0.959725 0.000000 -20.927161 0.000000 0.000000 1.000000 0.000000
0.959439 0.281918 0.000000 127.505556 -0.281918 0.959439 0.000000 -21.124491 0.000000 0.000000 1.000000 0.000000
0.970604 0.240684 0.000000 132.121778 -0.240684 0.970604 0.000000 -22.538394 0.000000 0.000000 1.000000 0.000000
0.970258 0.242073 0.000000 132.809557 -0.242073 0.970258 0.000000 -22.675948 0.000000 0.000000 1.000000 0.000000
0.970909 0.239448 0.000000 133.380281 -0.239448 0.970909 0.000000 -22.845255 0.000000 0.000000 1.000000 0.000000
0.970813 0.239838 0.000000 134.008319 -0.239838 0.970813 0.000000 -23.014889 0.000000 0.000000 1.000000 0.000000
0.971071 0.238791 0.000000 134.608012 -0.238791 0.971071 0.000000 -23.165985 0.000000 0.000000 1.000000 0.000000
0.970517 0.241031 0.000000 135.243556 -0.241031 0.970517 0.000000 -23.333989 0.000000 0.000000 1.000000 0.000000
0.970642 0.240528 0.000000 135.896855 -0.240528 0.970642 0.000000 -23.517549 0.000000 0.000000 1.000000 0.000000
0.970513 0.241050 0.000000 136.708224 -0.241050 0.970513 0.000000 -23.740447 0.000000 0.000000 1.000000 0.000000
0.969758 0.244067 0.000000 137.410898 -0.244067 0.969758 0.000000 -23.908874 0.000000 0.000000 1.000000 0.000000
0.969512 0.245042 0.000000 138.044626 -0.245042 0.969512 0.000000 -24.055293 0.000000 0.000000 1.000000 0.000000
0.969583 0.244765 0.000000 138.987414 -0.244765 0.969583 0.000000 -24.308802 0.000000 0.000000 1.000000 0.000000
0.970108 0.242675 0.000000 139.660727 -0.242675 0.970108 0.000000 -24.478164 0.000000 0.000000 1.000000 0.000000
0.970363 0.241652 0.000000 140.286621 -0.241652 0.970363 0.000000 -24.646551 0.000000 0.000000 1.000000 0.000000
0.970693 0.240324 0.000000 140.879559 -0.240324 0.970693 0.000000 -24.822714 0.000000 0.000000 1.000000 0.000000
0.970561 0.240856 0.000000 141.513222 -0.240856 0.970561 0.000000 -24.982335 0.000000 0.000000 1.000000 0.000000
0.970183 0.242375 0.000000 142.424320 -0.242375 0.970183 0.000000 -25.235063 0.000000 0.000000 1.000000 0.000000
0.969859 0.243666 0.000000 143.017450 -0.243666 0.969859 0.000000 -25.374586 0.000000 0.000000 1.000000 0.000000
0.969253 0.246068 0.000000 143.620928 -0.246068 0.969253 0.000000 -25.568404 0.000000 0.000000 1.000000 0.000000
0.968512 0.248967 0.000000 144.193260 -0.248967 0.968512 0.000000 -25.722253 0.000000 0.000000 1.000000 0.000000
0.968301 0.249788 0.000000 144.988310 -0.249788 0.968301 0.000000 -25.948144 0.000000 0.000000 1.000000 0.000000
0.968340 0.249637 0.000000 145.595496 -0.249637 0.968340 0.000000 -26.116710 0.000000 0.000000 1.000000 0.000000
0.967966 0.251081 0.000000 146.219105 -0.251081 0.967966 0.000000 -26.324251 0.000000 0.000000 1.000000 0.000000
0.968695 0.248252 0.000000 146.820430 -0.248252 0.968695 0.000000 -26.488050 0.000000 0.000000 1.000000 0.000000
0.968443 0.249234 0.000000 147.371718 -0.249234 0.968443 0.000000 -26.695872 0.000000 0.000000 1.000000 0.000000
0.969978 0.243194 0.000000 148.548189 -0.243194 0.969978 0.000000 -26.905421 0.000000 0.000000 1.000000 0.000000
0.969328 0.245770 0.000000 149.098539 -0.245770 0.969328 0.000000 -27.055989 0.000000 0.000000 1.000000 0.000000
0.969863 0.243652 0.000000 149.686750 -0.243652 0.969863 0.000000 -27.218147 0.000000 0.000000 1.000000 0.000000
0.969861 0.243659 0.000000 150.274184 -0.243659 0.969861 0.000000 -27.386194 0.000000 0.000000 1.000000 0.000000
0.969799 0.243906 0.000000 150.833150 -0.243906 0.969799 0.000000 -27.557478 0.000000 0.000000 1.000000 0.000000
0.970964 0.239225 0.000000 151.459731 -0.239225 0.970964 0.000000 -27.691615 0.000000 0.000000 1.000000 0.000000
0.971273 0.237967 0.000000 152.181609 -0.237967 0.971273 0.000000 -27.885682 0.000000 0.000000 1.000000 0.000000
0.971512 0.236992 0.000000 152.803903 -0.236992 0.971512 0.000000 -28.034024 0.000000 0.000000 1.000000 0.000000
0.971551 0.236832 0.000000 153.342706 -0.236832 0.971551 0.000000 -28.176791 0.000000 0.000000 1.000000 0.000000
0.971136 0.238528 0.000000 153.928662 -0.238528 0.971136 0.000000 -28.335353 0.000000 0.000000 1.000000 0.000000
0.970915 0.239426 0.000000 154.499533 -0.239426 0.970915 0.000000 -28.492062 0.000000 0.000000 1.000000 0.000000
0.970827 0.239783 0.000000 155.035262 -0.239783 0.970827 0.000000 -28.636922 0.000000 0.000000 1.000000 0.000000
0.971728 0.236104 0.000000 155.667957 -0.236104 0.971728 0.000000 -28.800144 0.000000 0.000000 1.000000 0.000000
0.971655 0.236404 0.000000 156.208208 -0.236404 0.971655 0.000000 -28.950954 0.000000 0.000000 1.000000 0.000000
0.970908 0.239454 0.000000 156.758958 -0.239454 0.970908 0.000000 -29.134481 0.000000 0.000000 1.000000 0.000000
0.970205 0.242284 0.000000 157.329963 -0.242284 0.970205 0.000000 -29.275667 0.000000 0.000000 1.000000 0.000000
0.969210 0.246237 0.000000 158.011556 -0.246237 0.969210 0.000000 -29.450714 0.000000 0.000000 1.000000 0.000000
0.969214 0.246218 0.000000 158.580325 -0.246218 0.969214 0.000000 -29.546430 0.000000 0.000000 1.000000 0.000000
0.968836 0.247703 0.000000 159.149171 -0.247703 0.968836 0.000000 -29.689974 0.000000 0.000000 1.000000 0.000000
0.968931 0.247330 0.000000 159.706473 -0.247330 0.968931 0.000000 -29.846732 0.000000 0.000000 1.000000 0.000000
0.969237 0.246127 0.000000 160.275646 -0.246127 0.969237 0.000000 -29.999291 0.000000 0.000000 1.000000 0.000000
0.969069 0.246792 0.000000 160.813478 -0.246792 0.969069 0.000000 -30.152373 0.000000 0.000000 1.000000 0.000000
0.968821 0.247761 0.000000 161.531983 -0.247761 0.968821 0.000000 -30.357368 0.000000 0.000000 1.000000 0.000000
0.967636 0.252350 0.000000 162.048254 -0.252350 0.967636 0.000000 -30.504732 0.000000 0.000000 1.000000 0.000000
0.967454 0.253046 0.000000 162.635267 -0.253046 0.967454 0.000000 -30.665634 0.000000 0.000000 1.000000 0.000000
0.967720 0.252029 0.000000 163.149143 -0.252029 0.967720 0.000000 -30.786819 0.000000 0.000000 1.000000 0.000000
0.967319 0.253561 0.000000 163.736261 -0.253561 0.967319 0.000000 -30.924781 0.000000 0.000000 1.000000 0.000000
0.967223 0.253927 0.000000 164.255009 -0.253927 0.967223 0.000000 -31.069980 0.000000 0.000000 1.000000 0.000000
0.966535 0.256533 0.000000 165.007232 -0.256533 0.966535 0.000000 -31.267193 0.000000 0.000000 1.000000 0.000000
0.966842 0.255376 0.000000 165.557832 -0.255376 0.966842 0.000000 -31.426693 0.000000 0.000000 1.000000 0.000000
0.967358 0.253414 0.000000 166.105861 -0.253414 0.967358 0.000000 -31.553602 0.000000 0.000000 1.000000 0.000000
0.968198 0.250185 0.000000 166.659259 -0.250185 0.968198 0.000000 -31.715281 0.000000 0.000000 1.000000 0.000000
0.967665 0.252238 0.000000 167.206968 -0.252238 0.967665 0.000000 -31.878901 0.000000 0.000000 1.000000 0.000000
0.967333 0.253510 0.000000 167.745778 -0.253510 0.967333 0.000000 -32.063140 0.000000 0.000000 1.000000 0.000000
0.968114 0.250510 0.000000 168.277940 -0.250510 0.968114 0.000000 -32.208568 0.000000 0.000000 1.000000 0.000000
0.969245 0.246096 0.000000 168.803704 -0.246096 0.969245 0.000000 -32.360575 0.000000 0.000000 1.000000 0.000000
0.969286 0.245938 0.000000 169.370433 -0.245938 0.969286 0.000000 -32.480244 0.000000 0.000000 1.000000 0.000000
0.969866 0.243640 0.000000 169.928965 -0.243640 0.969866 0.000000 -32.638058 0.000000 0.000000 1.000000 0.000000
0.969913 0.243451 0.000000 170.485351 -0.243451 0.969913 0.000000 -32.782211 0.000000 0.000000 1.000000 0.000000
0.970772 0.240003 0.000000 171.073452 -0.240003 0.970772 0.000000 -32.955354 0.000000 0.000000 1.000000 0.000000
0.971103 0.238659 0.000000 171.585510 -0.238659 0.971103 0.000000 -33.054967 0.000000 0.000000 1.000000 0.000000
0.972581 0.232563 0.000000 172.146042 -0.232563 0.972581 0.000000 -33.198803 0.000000 0.000000 1.000000 0.000000
0.973451 0.228897 0.000000 172.694216 -0.228897 0.973451 0.000000 -33.372426 0.000000 0.000000 1.000000 0.000000
0.974038 0.226387 0.000000 173.261875 -0.226387 0.974038 0.000000 -33.557472 0.000000 0.000000 1.000000 0.000000
0.974327 0.225139 0.000000 173.746300 -0.225139 0.974327 0.000000 -33.726824 0.000000 0.000000 1.000000 0.000000
0.975290 0.220931 0.000000 174.298419 -0.220931 0.975290 0.000000 -33.874604 0.000000 0.000000 1.000000 0.000000
0.976333 0.216273 0.000000 174.806300 -0.216273 0.976333 0.000000 -33.997630 0.000000 0.000000 1.000000 0.000000
0.977209 0.212280 0.000000 175.334730 -0.212280 0.977209 0.000000 -34.171826 0.000000 0.000000 1.000000 0.000000
0.977085 0.212851 0.000000 176.058452 -0.212851 0.977085 0.000000 -34.327154 0.000000 0.000000 1.000000 0.000000
0.977826 0.209419 0.000000 176.628969 -0.209419 0.977826 0.000000 -34.466012 0.000000 0.000000 1.000000 0.000000
0.977616 0.210397 0.000000 177.131019 -0.210397 0.977616 0.000000 -34.596808 0.000000 0.000000 1.000000 0.000000
0.977958 0.208803 0.000000 177.697474 -0.208803 0.977958 0.000000 -34.740624 0.000000 0.000000 1.000000 0.000000
0.978286 0.207259 0.000000 178.380620 -0.207259 0.978286 0.000000 -34.907567 0.000000 0.000000 1.000000 0.000000
0.979074 0.203504 0.000000 179.467611 -0.203504 0.979074 0.000000 -35.160449 0.000000 0.000000 1.000000 0.000000
0.979611 0.200902 0.000000 180.021344 -0.200902 0.979611 0.000000 -35.275268 0.000000 0.000000 1.000000 0.000000
0.979616 0.200881 0.000000 180.574430 -0.200881 0.979616 0.000000 -35.390954 0.000000 0.000000 1.000000 0.000000
0.980183 0.198096 0.000000 181.100604 -0.198096 0.980183 0.000000 -35.495870 0.000000 0.000000 1.000000 0.000000
0.980610 0.195969 0.000000 181.720432 -0.195969 0.980610 0.000000 -35.618571 0.000000 0.000000 1.000000 0.000000
0.980453 0.196753 0.000000 182.261541 -0.196753 0.980453 0.000000 -35.731261 0.000000 0.000000 1.000000 0.000000
0.980555 0.196245 0.000000 182.847174 -0.196245 0.980555 0.000000 -35.859577 0.000000 0.000000 1.000000 0.000000
0.980102 0.198496 0.000000 183.378078 -0.198496 0.980102 0.000000 -36.010470 0.000000 0.000000 1.000000 0.000000
0.979563 0.201135 0.000000 183.855938 -0.201135 0.979563 0.000000 -36.148903 0.000000 0.000000 1.000000 0.000000
0.979713 0.200404 0.000000 184.312250 -0.200404 0.979713 0.000000 -36.260939 0.000000 0.000000 1.000000 0.000000
0.980062 0.198694 0.000000 184.846398 -0.198694 0.980062 0.000000 -36.376354 0.000000 0.000000 1.000000 0.000000
0.980324 0.197395 0.000000 185.334542 -0.197395 0.980324 0.000000 -36.484655 0.000000 0.000000 1.000000 0.000000
0.980732 0.195356 0.000000 185.869078 -0.195356 0.980732 0.000000 -36.598723 0.000000 0.000000 1.000000 0.000000
0.980349 0.197273 0.000000 186.444618 -0.197273 0.980349 0.000000 -36.692277 0.000000 0.000000 1.000000 0.000000
0.980362 0.197208 0.000000 186.955790 -0.197208 0.980362 0.000000 -36.799458 0.000000 0.000000 1.000000 0.000000
0.981136 0.193318 0.000000 187.443544 -0.193318 0.981136 0.000000 -36.912210 0.000000 0.000000 1.000000 0.000000
0.981213 0.192927 0.000000 187.995353 -0.192927 0.981213 0.000000 -37.049160 0.000000 0.000000 1.000000 0.000000
0.981358 0.192189 0.000000 188.484001 -0.192189 0.981358 0.000000 -37.146793 0.000000 0.000000 1.000000 0.000000
0.981348 0.192241 0.000000 189.121719 -0.192241 0.981348 0.000000 -37.283871 0.000000 0.000000 1.000000 0.000000
0.981175 0.193120 0.000000 189.614136 -0.193120 0.981175 0.000000 -37.369295 0.000000 0.000000 1.000000 0.000000
0.981293 0.192518 0.000000 190.164833 -0.192518 0.981293 0.000000 -37.498976 0.000000 0.000000 1.000000 0.000000
0.982291 0.187363 0.000000 190.881778 -0.187363 0.982291 0.000000 -37.604621 0.000000 0.000000 1.000000 0.000000
0.983227 0.182389 0.000000 191.396874 -0.182389 0.983227 0.000000 -37.697779 0.000000 0.000000 1.000000 0.000000
0.983471 0.181065 0.000000 191.880801 -0.181065 0.983471 0.000000 -37.771872 0.000000 0.000000 1.000000 0.000000
0.984345 0.176253 0.000000 192.364755 -0.176253 0.984345 0.000000 -37.868348 0.000000 0.000000 1.000000 0.000000
0.985169 0.171585 0.000000 193.094075 -0.171585 0.985169 0.000000 -38.012769 0.000000 0.000000 1.000000 0.000000
0.985579 0.169219 0.000000 193.606771 -0.169219 0.985579 0.000000 -38.111434 0.000000 0.000000 1.000000 0.000000
0.985643 0.168845 0.000000 194.111222 -0.168845 0.985643 0.000000 -38.211189 0.000000 0.000000 1.000000 0.000000
0.986781 0.162062 0.000000 194.625481 -0.162062 0.986781 0.000000 -38.302525 0.000000 0.000000 1.000000 0.000000
0.987715 0.156265 0.000000 195.118564 -0.156265 0.987715 0.000000 -38.398635 0.000000 0.000000 1.000000 0.000000
0.988900 0.148581 0.000000 196.102163 -0.148581 0.988900 0.000000 -38.483291 0.000000 0.000000 1.000000 0.000000
0.990057 0.140669 0.000000 196.588194 -0.140669 0.990057 0.000000 -38.562935 0.000000 0.000000 1.000000 0.000000
0.990993 0.133914 0.000000 197.024549 -0.133914 0.990993 0.000000 -38.659368 0.000000 0.000000 1.000000 0.000000
0.991987 0.126338 0.000000 197.479253 -0.126338 0.991987 0.000000 -38.726991 0.000000 0.000000 1.000000 0.000000
0.993167 0.116705 0.000000 197.998013 -0.116705 0.993167 0.000000 -38.794335 0.000000 0.000000 1.000000 0.000000
0.994294 0.106672 0.000000 198.451170 -0.106672 0.994294 0.000000 -38.856816 0.000000 0.000000 1.000000 0.000000
0.996025 0.089073 0.000000 199.388127 -0.089073 0.996025 0.000000 -38.982718 0.000000 0.000000 1.000000 0.000000
0.997041 0.076874 0.000000 199.873119 -0.076874 0.997041 0.000000 -39.031282 0.000000 0.000000 1.000000 0.000000
0.997616 0.069013 0.000000 200.320200 -0.069013 0.997616 0.000000 -39.084377 0.000000 0.000000 1.000000 0.000000
0.998572 0.053422 0.000000 201.006932 -0.053422 0.998572 0.000000 -39.089474 0.000000 0.000000 1.000000 0.000000
0.999120 0.041952 0.000000 201.490761 -0.041952 0.999120 0.000000 -39.126550 0.000000 0.000000 1.000000 0.000000
