1.000000 0.000131 0.000000 0.597262 -0.000131 1.000000 0.000000 -0.007754 0.000000 0.000000 1.000000 0.000000
0.999997 0.002613 0.000000 1.415008 -0.002613 0.999997 0.000000 -0.023242 0.000000 0.000000 1.000000 0.000000
0.999996 0.002942 0.000000 2.000403 -0.002942 0.999996 0.000000 -0.045098 0.000000 0.000000 1.000000 0.000000
0.999992 0.003920 0.000000 2.558056 -0.003920 0.999992 0.000000 -0.053230 0.000000 0.000000 1.000000 0.000000
0.999962 0.008751 0.000000 3.144363 -0.008751 0.999962 0.000000 -0.053466 0.000000 0.000000 1.000000 0.000000
0.999904 0.013866 0.000000 3.687177 -0.013866 0.999904 0.000000 -0.070884 0.000000 0.000000 1.000000 0.000000
0.999802 0.019915 0.000000 4.266285 -0.019915 0.999802 0.000000 -0.083653 0.000000 0.000000 1.000000 0.000000
0.999672 0.025610 0.000000 4.805393 -0.025610 0.999672 0.000000 -0.099623 0.000000 0.000000 1.000000 0.000000
0.999503 0.031537 0.000000 5.535497 -0.031537 0.999503 0.000000 -0.143832 0.000000 0.000000 1.000000 0.000000
0.999393 0.034834 0.000000 6.111803 -0.034834 0.999393 0.000000 -0.176070 0.000000 0.000000 1.000000 0.000000
0.999231 0.039222 0.000000 6.682528 -0.039222 0.999231 0.000000 -0.200550 0.000000 0.000000 1.000000 0.000000
0.998976 0.045250 0.000000 7.256415 -0.045250 0.998976 0.000000 -0.224276 0.000000 0.000000 1.000000 0.000000
0.998604 0.052828 0.000000 8.401222 -0.052828 0.998604 0.000000 -0.290246 0.000000 0.000000 1.000000 0.000000
0.998293 0.058397 0.000000 8.943280 -0.058397 0.998293 0.000000 -0.318202 0.000000 0.000000 1.000000 0.000000
0.997829 0.065864 0.000000 9.519181 -0.065864 0.997829 0.000000 -0.351385 0.000000 0.000000 1.000000 0.000000
0.997377 0.072387 0.000000 10.063547 -0.072387 0.997377 0.000000 -0.388206 0.000000 0.000000 1.000000 0.000000
0.996885 0.078873 0.000000 10.628623 -0.078873 0.996885 0.000000 -0.427577 0.000000 0.000000 1.000000 0.000000
0.996510 0.083477 0.000000 11.183117 -0.083477 0.996510 0.000000 -0.484745 0.000000 0.000000 1.000000 0.000000
0.995964 0.089755 0.000000 11.761507 -0.089755 0.995964 0.000000 -0.543248 0.000000 0.000000 1.000000 0.000000
0.995324 0.096588 0.000000 12.298213 -0.096588 0.995324 0.000000 -0.589280 0.000000 0.000000 1.000000 0.000000
0.993847 0.110765 0.000000 13.051804 -0.110765 0.993847 0.000000 -0.655451 0.000000 0.000000 1.000000 0.000000
0.993048 0.117709 0.000000 13.620779 -0.117709 0.993048 0.000000 -0.719151 0.000000 0.000000 1.000000 0.000000
0.992443 0.122705 0.000000 14.175935 -0.122705 0.992443 0.000000 -0.788313 0.000000 0.000000 1.000000 0.000000
0.991850 0.127411 0.000000 14.732054 -0.127411 0.991850 0.000000 -0.863072 0.000000 0.000000 1.000000 0.000000
0.990995 0.133900 0.000000 15.301606 -0.133900 0.990995 0.000000 -0.944202 0.000000 0.000000 1.000000 0.000000
0.990103 0.140344 0.000000 15.830751 -0.140344 0.990103 0.000000 -1.018951 0.000000 0.000000 1.000000 0.000000
0.989279 0.146039 0.000000 16.359622 -0.146039 0.989279 0.000000 -1.095577 0.000000 0.000000 1.000000 0.000000
0.987842 0.155458 0.000000 16.922752 -0.155458 0.987842 0.000000 -1.184059 0.000000 0.000000 1.000000 0.000000
0.986303 0.164942 0.000000 17.442636 -0.164942 0.986303 0.000000 -1.268933 0.000000 0.000000 1.000000 0.000000
0.985184 0.171499 0.000000 17.998256 -0.171499 0.985184 0.000000 -1.363759 0.000000 0.000000 1.000000 0.000000
0.984010 0.178111 0.000000 18.733808 -0.178111 0.984010 0.000000 -1.513979 0.000000 0.000000 1.000000 0.000000
0.982616 0.185650 0.000000 19.289613 -0.185650 0.982616 0.000000 -1.614371 0.000000 0.000000 1.000000 0.000000
0.981025 0.193879 0.000000 19.878503 -0.193879 0.981025 0.000000 -1.726248 0.000000 0.000000 1.000000 0.000000
0.979537 0.201266 0.000000 20.427358 -0.201266 0.979537 0.000000 -1.836712 0.000000 0.000000 1.000000 0.000000
0.978125 0.208018 0.000000 20.978429 -0.208018 0.978125 0.000000 -1.953620 0.000000 0.000000 1.000000 0.000000
0.976876 0.213808 0.000000 21.488497 -0.213808 0.976876 0.000000 -2.062739 0.000000 0.000000 1.000000 0.000000
0.976083 0.217399 0.000000 22.062975 -0.217399 0.976083 0.000000 -2.158951 0.000000 0.000000 1.000000 0.000000
0.975277 0.220986 0.000000 22.569046 -0.220986 0.975277 0.000000 -2.274416 0.000000 0.000000 1.000000 0.000000
0.974081 0.226200 0.000000 23.102560 -0.226200 0.974081 0.000000 -2.399013 0.000000 0.000000 1.000000 0.000000
0.972110 0.234527 0.000000 24.129124 -0.234527 0.972110 0.000000 -2.653585 0.000000 0.000000 1.000000 0.000000
0.970869 0.239611 0.000000 24.616480 -0.239611 0.970869 0.000000 -2.770279 0.000000 0.000000 1.000000 0.000000
0.969599 0.244699 0.000000 25.146221 -0.244699 0.969599 0.000000 -2.900818 0.000000 0.000000 1.000000 0.000000
0.967978 0.251035 0.000000 25.812383 -0.251035 0.967978 0.000000 -3.075451 0.000000 0.000000 1.000000 0.000000
0.966762 0.255678 0.000000 26.298703 -0.255678 0.966762 0.000000 -3.199879 0.000000 0.000000 1.000000 0.000000
0.964937 0.262483 0.000000 26.782546 -0.262483 0.964937 0.000000 -3.330962 0.000000 0.000000 1.000000 0.000000
0.964023 0.265818 0.000000 27.307904 -0.265818 0.964023 0.000000 -3.474052 0.000000 0.000000 1.000000 0.000000
0.962288 0.272034 0.000000 27.783778 -0.272034 0.962288 0.000000 -3.610172 0.000000 0.000000 1.000000 0.000000
0.960239 0.279178 0.000000 28.458290 -0.279178 0.960239 0.000000 -3.804717 0.000000 0.000000 1.000000 0.000000
0.959194 0.282749 0.000000 28.971686 -0.282749 0.959194 0.000000 -3.962889 0.000000 0.000000 1.000000 0.000000
0.957739 0.287640 0.000000 29.482038 -0.287640 0.957739 0.000000 -4.129425 0.000000 0.000000 1.000000 0.000000
0.956137 0.292920 0.000000 29.980987 -0.292920 0.956137 0.000000 -4.283890 0.000000 0.000000 1.000000 0.000000
0.954936 0.296812 0.000000 30.395762 -0.296812 0.954936 0.000000 -4.512213 0.000000 0.000000 1.000000 0.000000
0.953488 0.301432 0.000000 30.907103 -0.301432 0.953488 0.000000 -4.665922 0.000000 0.000000 1.000000 0.000000
0.952377 0.304922 0.000000 31.376358 -0.304922 0.952377 0.000000 -4.832025 0.000000 0.000000 1.000000 0.000000
0.951006 0.309172 0.000000 31.885603 -0.309172 0.951006 0.000000 -5.006682 0.000000 0.000000 1.000000 0.000000
0.949160 0.314793 0.000000 32.364740 -0.314793 0.949160 0.000000 -5.164491 0.000000 0.000000 1.000000 0.000000
0.947331 0.320255 0.000000 32.870984 -0.320255 0.947331 0.000000 -5.329953 0.000000 0.000000 1.000000 0.000000
0.945290 0.326232 0.000000 33.349750 -0.326232 0.945290 0.000000 -5.497120 0.000000 0.000000 1.000000 0.000000
0.942955 0.332922 0.000000 33.833168 -0.332922 0.942955 0.000000 -5.664450 0.000000 0.000000 1.000000 0.000000
0.941062 0.338235 0.000000 34.308280 -0.338235 0.941062 0.000000 -5.834907 0.000000 0.000000 1.000000 0.000000
0.939859 0.341561 0.000000 34.813224 -0.341561 0.939859 0.000000 -6.022190 0.000000 0.000000 1.000000 0.000000
0.938074 0.346434 0.000000 35.269358 -0.346434 0.938074 0.000000 -6.192759 0.000000 0.000000 1.000000 0.000000
0.934574 0.355769 0.000000 35.959633 -0.355769 0.934574 0.000000 -6.440604 0.000000 0.000000 1.000000 0.000000
0.930414 0.366510 0.000000 36.669628 -0.366510 0.930414 0.000000 -6.712401 0.000000 0.000000 1.000000 0.000000
0.927330 0.374246 0.000000 37.160077 -0.374246 0.927330 0.000000 -6.903366 0.000000 0.000000 1.000000 0.000000
0.923049 0.384682 0.000000 37.978979 -0.384682 0.923049 0.000000 -7.268471 0.000000 0.000000 1.000000 0.000000
0.920958 0.389663 0.000000 38.459964 -0.389663 0.920958 0.000000 -7.477412 0.000000 0.000000 1.000000 0.000000
0.920412 0.390949 0.000000 38.937096 -0.390949 0.920412 0.000000 -7.679884 0.000000 0.000000 1.000000 0.000000
0.996026 -0.089068 0.000000 41.186395 0.089068 0.996026 0.000000 -7.135302 0.000000 0.000000 1.000000 0.000000
0.996236 -0.086680 0.000000 41.702283 0.086680 0.996236 0.000000 -7.100712 0.000000 0.000000 1.000000 0.000000
0.996693 -0.081261 0.000000 42.251160 0.081261 0.996693 0.000000 -7.063126 0.000000 0.000000 1.000000 0.000000
0.997128 -0.075729 0.000000 42.723911 0.075729 0.997128 0.000000 -7.023910 0.000000 0.000000 1.000000 0.000000
0.997433 -0.071612 0.000000 43.230097 0.071612 0.997433 0.000000 -6.995925 0.000000 0.000000 1.000000 0.000000
0.997515 -0.070460 0.000000 43.719911 0.070460 0.997515 0.000000 -6.961713 0.000000 0.000000 1.000000 0.000000
0.997819 -0.066005 0.000000 44.216391 0.066005 0.997819 0.000000 -6.927728 0.000000 0.000000 1.000000 0.000000
0.998055 -0.062332 0.000000 44.696669 0.062332 0.998055 0.000000 -6.909845 0.000000 0.000000 1.000000 0.000000
0.998292 -0.058418 0.000000 45.183917 0.058418 0.998292 0.000000 -6.888169 0.000000 0.000000 1.000000 0.000000
0.998309 -0.058133 0.000000 45.640977 0.058133 0.998309 0.000000 -6.882258 0.000000 0.000000 1.000000 0.000000
0.998590 -0.053088 0.000000 46.118401 0.053088 0.998590 0.000000 -6.860397 0.000000 0.000000 1.000000 0.000000
0.998687 -0.051230 0.000000 46.562123 0.051230 0.998687 0.000000 -6.846956 0.000000 0.000000 1.000000 0.000000
0.998714 -0.050699 0.000000 47.037096 0.050699 0.998714 0.000000 -6.823898 0.000000 0.000000 1.000000 0.000000
0.998781 -0.049356 0.000000 47.489934 0.049356 0.998781 0.000000 -6.806965 0.000000 0.000000 1.000000 0.000000
0.998761 -0.049763 0.000000 47.934404 0.049763 0.998761 0.000000 -6.787108 0.000000 0.000000 1.000000 0.000000
0.999103 -0.042345 0.000000 48.370318 0.042345 0.999103 0.000000 -6.756264 0.000000 0.000000 1.000000 0.000000
0.999326 -0.036705 0.000000 48.807250 0.036705 0.999326 0.000000 -6.735701 0.000000 0.000000 1.000000 0.000000
0.999458 -0.032916 0.000000 49.236837 0.032916 0.999458 0.000000 -6.728694 0.000000 0.000000 1.000000 0.000000
0.999673 -0.025587 0.000000 49.648921 0.025587 0.999673 0.000000 -6.716463 0.000000 0.000000 1.000000 0.000000
0.999803 -0.019840 0.000000 50.088848 0.019840 0.999803 0.000000 -6.715145 0.000000 0.000000 1.000000 0.000000
0.999967 -0.008075 0.000000 50.709967 0.008075 0.999967 0.000000 -6.718804 0.000000 0.000000 1.000000 0.000000
0.999996 0.002683 0.000000 51.156142 -0.002683 0.999996 0.000000 -6.720631 0.000000 0.000000 1.000000 0.000000
0.999959 0.009077 0.000000 51.575145 -0.009077 0.999959 0.000000 -6.731859 0.000000 0.000000 1.000000 0.000000
0.999897 0.014328 0.000000 51.987336 -0.014328 0.999897 0.000000 -6.738835 0.000000 0.000000 1.000000 0.000000
0.999754 0.022197 0.000000 52.390569 -0.022197 0.999754 0.000000 -6.742699 0.000000 0.000000 1.000000 0.000000
0.999609 0.027959 0.000000 52.794201 -0.027959 0.999609 0.000000 -6.758143 0.000000 0.000000 1.000000 0.000000
0.999422 0.033990 0.000000 53.192108 -0.033990 0.999422 0.000000 -6.767581 0.000000 0.000000 1.000000 0.000000
0.999158 0.041037 0.000000 53.575655 -0.041037 0.999158 0.000000 -6.783481 0.000000 0.000000 1.000000 0.000000
0.998998 0.044751 0.000000 53.956615 -0.044751 0.998998 0.000000 -6.807596 0.000000 0.000000 1.000000 0.000000
0.998786 0.049258 0.000000 54.335115 -0.049258 0.998786 0.000000 -6.830579 0.000000 0.000000 1.000000 0.000000
0.998653 0.051887 0.000000 54.708458 -0.051887 0.998653 0.000000 -6.860071 0.000000 0.000000 1.000000 0.000000
0.998603 0.052835 0.000000 55.441076 -0.052835 0.998603 0.000000 -6.901495 0.000000 0.000000 1.000000 0.000000
0.998522 0.054354 0.000000 55.792965 -0.054354 0.998522 0.000000 -6.922815 0.000000 0.000000 1.000000 0.000000
0.998512 0.054536 0.000000 56.125509 -0.054536 0.998512 0.000000 -6.943561 0.000000 0.000000 1.000000 0.000000
0.998753 0.049929 0.000000 56.447935 -0.049929 0.998753 0.000000 -6.966506 0.000000 0.000000 1.000000 0.000000
0.998650 0.051951 0.000000 56.783903 -0.051951 0.998650 0.000000 -6.983529 0.000000 0.000000 1.000000 0.000000
0.998553 0.053778 0.000000 57.094906 -0.053778 0.998553 0.000000 -7.003597 0.000000 0.000000 1.000000 0.000000
0.998481 0.055088 0.000000 57.424304 -0.055088 0.998481 0.000000 -7.030237 0.000000 0.000000 1.000000 0.000000
0.998415 0.056274 0.000000 57.728389 -0.056274 0.998415 0.000000 -7.049055 0.000000 0.000000 1.000000 0.000000
0.998471 0.055279 0.000000 58.047449 -0.055279 0.998471 0.000000 -7.079512 0.000000 0.000000 1.000000 0.000000
0.998312 0.058076 0.000000 58.338548 -0.058076 0.998312 0.000000 -7.096867 0.000000 0.000000 1.000000 0.000000
0.998204 0.059905 0.000000 58.624531 -0.059905 0.998204 0.000000 -7.110785 0.000000 0.000000 1.000000 0.000000
0.997978 0.063552 0.000000 58.924279 -0.063552 0.997978 0.000000 -7.130460 0.000000 0.000000 1.000000 0.000000
0.997807 0.066198 0.000000 59.353926 -0.066198 0.997807 0.000000 -7.155210 0.000000 0.000000 1.000000 0.000000
0.997341 0.072873 0.000000 59.663519 -0.072873 0.997341 0.000000 -7.173390 0.000000 0.000000 1.000000 0.000000
0.996966 0.077837 0.000000 59.945605 -0.077837 0.996966 0.000000 -7.193274 0.000000 0.000000 1.000000 0.000000
0.996504 0.083547 0.000000 60.221885 -0.083547 0.996504 0.000000 -7.211325 0.000000 0.000000 1.000000 0.000000
0.996076 0.088503 0.000000 60.493606 -0.088503 0.996076 0.000000 -7.234554 0.000000 0.000000 1.000000 0.000000
0.995992 0.089441 0.000000 60.761243 -0.089441 0.995992 0.000000 -7.263868 0.000000 0.000000 1.000000 0.000000
0.995953 0.089878 0.000000 61.023376 -0.089878 0.995953 0.000000 -7.296565 0.000000 0.000000 1.000000 0.000000
0.996236 0.086688 0.000000 61.282662 -0.086688 0.996236 0.000000 -7.331499 0.000000 0.000000 1.000000 0.000000
0.996130 0.087893 0.000000 61.599884 -0.087893 0.996130 0.000000 -7.338052 0.000000 0.000000 1.000000 0.000000
0.995878 0.090698 0.000000 61.841758 -0.090698 0.995878 0.000000 -7.364897 0.000000 0.000000 1.000000 0.000000
0.994739 0.102441 0.000000 62.313541 -0.102441 0.994739 0.000000 -7.391283 0.000000 0.000000 1.000000 0.000000
0.994551 0.104252 0.000000 62.527550 -0.104252 0.994551 0.000000 -7.429928 0.000000 0.000000 1.000000 0.000000
0.994591 0.103864 0.000000 62.746279 -0.103864 0.994591 0.000000 -7.484587 0.000000 0.000000 1.000000 0.000000
0.994631 0.103482 0.000000 62.960089 -0.103482 0.994631 0.000000 -7.522067 0.000000 0.000000 1.000000 0.000000
0.994502 0.104713 0.000000 63.155085 -0.104713 0.994502 0.000000 -7.554538 0.000000 0.000000 1.000000 0.000000
0.994483 0.104897 0.000000 63.352167 -0.104897 0.994483 0.000000 -7.584899 0.000000 0.000000 1.000000 0.000000
0.994242 0.107157 0.000000 63.546697 -0.107157 0.994242 0.000000 -7.620739 0.000000 0.000000 1.000000 0.000000
0.994101 0.108456 0.000000 63.739018 -0.108456 0.994101 0.000000 -7.641069 0.000000 0.000000 1.000000 0.000000
0.993794 0.111236 0.000000 63.944302 -0.111236 0.993794 0.000000 -7.661040 0.000000 0.000000 1.000000 0.000000
0.993266 0.115855 0.000000 64.334055 -0.115855 0.993266 0.000000 -7.701258 0.000000 0.000000 1.000000 0.000000
0.993127 0.117043 0.000000 64.516771 -0.117043 0.993127 0.000000 -7.722100 0.000000 0.000000 1.000000 0.000000
0.992956 0.118483 0.000000 64.702674 -0.118483 0.992956 0.000000 -7.742588 0.000000 0.000000 1.000000 0.000000
0.992647 0.121047 0.000000 65.015151 -0.121047 0.992647 0.000000 -7.782780 0.000000 0.000000 1.000000 0.000000
0.992209 0.124587 0.000000 65.212872 -0.124587 0.992209 0.000000 -7.806369 0.000000 0.000000 1.000000 0.000000
0.991808 0.127739 0.000000 65.411030 -0.127739 0.991808 0.000000 -7.831095 0.000000 0.000000 1.000000 0.000000
0.991870 0.127257 0.000000 65.609655 -0.127257 0.991870 0.000000 -7.861225 0.000000 0.000000 1.000000 0.000000
0.991682 0.128712 0.000000 65.809580 -0.128712 0.991682 0.000000 -7.883462 0.000000 0.000000 1.000000 0.000000
0.991471 0.130327 0.000000 66.009991 -0.130327 0.991471 0.000000 -7.915271 0.000000 0.000000 1.000000 0.000000
0.991162 0.132659 0.000000 66.211948 -0.132659 0.991162 0.000000 -7.945051 0.000000 0.000000 1.000000 0.000000
0.990373 0.138424 0.000000 66.625179 -0.138424 0.990373 0.000000 -8.005280 0.000000 0.000000 1.000000 0.000000
0.990053 0.140692 0.000000 66.832779 -0.140692 0.990053 0.000000 -8.036403 0.000000 0.000000 1.000000 0.000000
0.989607 0.143796 0.000000 67.045716 -0.143796 0.989607 0.000000 -8.066790 0.000000 0.000000 1.000000 0.000000
0.989361 0.145478 0.000000 67.254441 -0.145478 0.989361 0.000000 -8.101292 0.000000 0.000000 1.000000 0.000000
0.989161 0.146837 0.000000 67.470586 -0.146837 0.989161 0.000000 -8.138754 0.000000 0.000000 1.000000 0.000000
0.988775 0.149410 0.000000 67.680688 -0.149410 0.988775 0.000000 -8.172313 0.000000 0.000000 1.000000 0.000000
0.988410 0.151809 0.000000 67.889126 -0.151809 0.988410 0.000000 -8.206844 0.000000 0.000000 1.000000 0.000000
0.987737 0.156125 0.000000 68.116269 -0.156125 0.987737 0.000000 -8.243481 0.000000 0.000000 1.000000 0.000000
0.986786 0.162031 0.000000 68.334250 -0.162031 0.986786 0.000000 -8.274025 0.000000 0.000000 1.000000 0.000000
0.985896 0.167357 0.000000 68.551792 -0.167357 0.985896 0.000000 -8.311906 0.000000 0.000000 1.000000 0.000000
0.985270 0.171006 0.000000 68.790195 -0.171006 0.985270 0.000000 -8.356716 0.000000 0.000000 1.000000 0.000000
0.984756 0.173940 0.000000 69.017081 -0.173940 0.984756 0.000000 -8.399372 0.000000 0.000000 1.000000 0.000000
0.984241 0.176830 0.000000 69.260297 -0.176830 0.984241 0.000000 -8.455311 0.000000 0.000000 1.000000 0.000000
0.983432 0.181276 0.000000 69.495731 -0.181276 0.983432 0.000000 -8.495253 0.000000 0.000000 1.000000 0.000000
0.982736 0.185015 0.000000 69.749006 -0.185015 0.982736 0.000000 -8.544446 0.000000 0.000000 1.000000 0.000000
0.981805 0.189894 0.000000 69.987080 -0.189894 0.981805 0.000000 -8.589006 0.000000 0.000000 1.000000 0.000000
0.980418 0.196929 0.000000 70.354801 -0.196929 0.980418 0.000000 -8.651413 0.000000 0.000000 1.000000 0.000000
0.979927 0.199356 0.000000 70.598919 -0.199356 0.979927 0.000000 -8.706165 0.000000 0.000000 1.000000 0.000000
0.979472 0.201578 0.000000 70.862153 -0.201578 0.979472 0.000000 -8.764605 0.000000 0.000000 1.000000 0.000000
0.978955 0.204075 0.000000 71.110672 -0.204075 0.978955 0.000000 -8.822643 0.000000 0.000000 1.000000 0.000000
0.977963 0.208777 0.000000 71.635504 -0.208777 0.977963 0.000000 -8.947313 0.000000 0.000000 1.000000 0.000000
0.977457 0.211137 0.000000 71.893639 -0.211137 0.977457 0.000000 -9.011107 0.000000 0.000000 1.000000 0.000000
0.976965 0.213399 0.000000 72.141912 -0.213399 0.976965 0.000000 -9.070092 0.000000 0.000000 1.000000 0.000000
0.976770 0.214290 0.000000 72.409698 -0.214290 0.976770 0.000000 -9.127861 0.000000 0.000000 1.000000 0.000000
0.975054 0.221970 0.000000 72.764671 -0.221970 0.975054 0.000000 -9.203606 0.000000 0.000000 1.000000 0.000000
0.973884 0.227048 0.000000 73.026857 -0.227048 0.973884 0.000000 -9.259630 0.000000 0.000000 1.000000 0.000000
0.972425 0.233217 0.000000 73.272885 -0.233217 0.972425 0.000000 -9.321354 0.000000 0.000000 1.000000 0.000000
0.971502 0.237031 0.000000 73.535671 -0.237031 0.971502 0.000000 -9.396963 0.000000 0.000000 1.000000 0.000000
0.970862 0.239640 0.000000 73.778384 -0.239640 0.970862 0.000000 -9.458485 0.000000 0.000000 1.000000 0.000000
0.970017 0.243037 0.000000 74.017930 -0.243037 0.970017 0.000000 -9.518896 0.000000 0.000000 1.000000 0.000000
0.969830 0.243783 0.000000 74.274674 -0.243783 0.969830 0.000000 -9.589868 0.000000 0.000000 1.000000 0.000000
0.969216 0.246213 0.000000 74.512612 -0.246213 0.969216 0.000000 -9.656088 0.000000 0.000000 1.000000 0.000000
0.968438 0.249255 0.000000 74.749989 -0.249255 0.968438 0.000000 -9.717195 0.000000 0.000000 1.000000 0.000000
0.968322 0.249706 0.000000 75.001230 -0.249706 0.968322 0.000000 -9.791175 0.000000 0.000000 1.000000 0.000000
0.968559 0.248785 0.000000 75.234794 -0.248785 0.968559 0.000000 -9.860436 0.000000 0.000000 1.000000 0.000000
0.968218 0.250107 0.000000 75.560045 -0.250107 0.968218 0.000000 -9.951883 0.000000 0.000000 1.000000 0.000000
0.967861 0.251484 0.000000 75.821410 -0.251484 0.967861 0.000000 -10.026913 0.000000 0.000000 1.000000 0.000000
0.967977 0.251040 0.000000 76.063280 -0.251040 0.967977 0.000000 -10.104829 0.000000 0.000000 1.000000 0.000000
0.967672 0.252210 0.000000 76.306421 -0.252210 0.967672 0.000000 -10.176710 0.000000 0.000000 1.000000 0.000000
0.968548 0.248825 0.000000 76.544862 -0.248825 0.968548 0.000000 -10.254860 0.000000 0.000000 1.000000 0.000000
0.970218 0.242233 0.000000 76.778972 -0.242233 0.970218 0.000000 -10.330206 0.000000 0.000000 1.000000 0.000000
0.970401 0.241499 0.000000 77.021033 -0.241499 0.970401 0.000000 -10.383930 0.000000 0.000000 1.000000 0.000000
0.971065 0.238815 0.000000 77.254900 -0.238815 0.971065 0.000000 -10.445806 0.000000 0.000000 1.000000 0.000000
0.971653 0.236410 0.000000 77.487090 -0.236410 0.971653 0.000000 -10.505664 0.000000 0.000000 1.000000 0.000000
0.971645 0.236444 0.000000 77.702192 -0.236444 0.971645 0.000000 -10.560371 0.000000 0.000000 1.000000 0.000000
0.971960 0.235146 0.000000 78.142622 -0.235146 0.971960 0.000000 -10.674877 0.000000 0.000000 1.000000 0.000000
0.972606 0.232462 0.000000 78.375541 -0.232462 0.972606 0.000000 -10.735010 0.000000 0.000000 1.000000 0.000000
0.973153 0.230157 0.000000 78.596365 -0.230157 0.973153 0.000000 -10.800182 0.000000 0.000000 1.000000 0.000000
0.973783 0.227478 0.000000 78.801844 -0.227478 0.973783 0.000000 -10.857642 0.000000 0.000000 1.000000 0.000000
0.974431 0.224688 0.000000 79.015759 -0.224688 0.974431 0.000000 -10.909183 0.000000 0.000000 1.000000 0.000000
0.974302 0.225247 0.000000 79.218142 -0.225247 0.974302 0.000000 -10.956792 0.000000 0.000000 1.000000 0.000000
0.974445 0.224626 0.000000 79.433937 -0.224626 0.974445 0.000000 -11.005489 0.000000 0.000000 1.000000 0.000000
0.975292 0.220918 0.000000 79.787702 -0.220918 0.975292 0.000000 -11.094851 0.000000 0.000000 1.000000 0.000000
0.976148 0.217108 0.000000 79.994364 -0.217108 0.976148 0.000000 -11.148338 0.000000 0.000000 1.000000 0.000000
0.976711 0.214559 0.000000 80.193521 -0.214559 0.976711 0.000000 -11.200097 0.000000 0.000000 1.000000 0.000000
0.977456 0.211140 0.000000 80.390775 -0.211140 0.977456 0.000000 -11.252655 0.000000 0.000000 1.000000 0.000000
0.978193 0.207700 0.000000 80.585540 -0.207700 0.978193 0.000000 -11.302632 0.000000 0.000000 1.000000 0.000000
0.979300 0.202413 0.000000 80.781071 -0.202413 0.979300 0.000000 -11.355301 0.000000 0.000000 1.000000 0.000000
0.981323 0.192365 0.000000 81.148670 -0.192365 0.981323 0.000000 -11.443979 0.000000 0.000000 1.000000 0.000000
0.982180 0.187945 0.000000 81.317858 -0.187945 0.982180 0.000000 -11.480554 0.000000 0.000000 1.000000 0.000000
0.983167 0.182708 0.000000 81.486270 -0.182708 0.983167 0.000000 -11.516500 0.000000 0.000000 1.000000 0.000000
0.984070 0.177780 0.000000 81.779749 -0.177780 0.984070 0.000000 -11.565670 0.000000 0.000000 1.000000 0.000000
0.986276 0.165108 0.000000 82.160572 -0.165108 0.986276 0.000000 -11.639852 0.000000 0.000000 1.000000 0.000000
0.987382 0.158355 0.000000 82.398191 -0.158355 0.987382 0.000000 -11.669555 0.000000 0.000000 1.000000 0.000000
0.988361 0.152128 0.000000 82.544292 -0.152128 0.988361 0.000000 -11.692528 0.000000 0.000000 1.000000 0.000000
0.990143 0.140058 0.000000 82.826690 -0.140058 0.990143 0.000000 -11.741053 0.000000 0.000000 1.000000 0.000000
0.990947 0.134257 0.000000 82.970016 -0.134257 0.990947 0.000000 -11.764554 0.000000 0.000000 1.000000 0.000000
0.991494 0.130149 0.000000 83.098081 -0.130149 0.991494 0.000000 -11.783456 0.000000 0.000000 1.000000 0.000000
0.992179 0.124822 0.000000 83.229067 -0.124822 0.992179 0.000000 -11.806078 0.000000 0.000000 1.000000 0.000000
0.993042 0.117762 0.000000 83.421458 -0.117762 0.993042 0.000000 -11.831156 0.000000 0.000000 1.000000 0.000000
0.994330 0.106340 0.000000 83.657332 -0.106340 0.994330 0.000000 -11.862690 0.000000 0.000000 1.000000 0.000000
0.994953 0.100341 0.000000 83.771516 -0.100341 0.994953 0.000000 -11.877496 0.000000 0.000000 1.000000 0.000000
0.995537 0.094371 0.000000 83.881344 -0.094371 0.995537 0.000000 -11.894387 0.000000 0.000000 1.000000 0.000000
0.996043 0.088870 0.000000 83.988634 -0.088870 0.996043 0.000000 -11.906518 0.000000 0.000000 1.000000 0.000000
0.996437 0.084344 0.000000 84.097058 -0.084344 0.996437 0.000000 -11.917044 0.000000 0.000000 1.000000 0.000000
0.996889 0.078818 0.000000 84.190560 -0.078818 0.996889 0.000000 -11.938664 0.000000 0.000000 1.000000 0.000000
0.997574 0.069616 0.000000 84.370302 -0.069616 0.997574 0.000000 -11.958801 0.000000 0.000000 1.000000 0.000000
0.997968 0.063717 0.000000 84.453885 -0.063717 0.997968 0.000000 -11.970114 0.000000 0.000000 1.000000 0.000000
0.998210 0.059806 0.000000 84.532630 -0.059806 0.998210 0.000000 -11.977952 0.000000 0.000000 1.000000 0.000000
0.998524 0.054318 0.000000 84.602163 -0.054318 0.998524 0.000000 -11.986904 0.000000 0.000000 1.000000 0.000000
0.998678 0.051400 0.000000 84.668473 -0.051400 0.998678 0.000000 -11.991553 0.000000 0.000000 1.000000 0.000000
0.998802 0.048933 0.000000 84.726800 -0.048933 0.998802 0.000000 -11.997813 0.000000 0.000000 1.000000 0.000000
0.998862 0.047687 0.000000 84.777786 -0.047687 0.998862 0.000000 -11.998207 0.000000 0.000000 1.000000 0.000000
0.999047 0.043641 0.000000 84.851252 -0.043641 0.999047 0.000000 -12.002454 0.000000 0.000000 1.000000 0.000000
0.999096 0.042508 0.000000 84.889232 -0.042508 0.999096 0.000000 -12.002759 0.000000 0.000000 1.000000 0.000000
0.999133 0.041640 0.000000 84.924514 -0.041640 0.999133 0.000000 -12.002182 0.000000 0.000000 1.000000 0.000000
0.999200 0.039989 0.000000 84.956983 -0.039989 0.999200 0.000000 -12.001539 0.000000 0.000000 1.000000 0.000000
0.999291 0.037638 0.000000 84.983814 -0.037638 0.999291 0.000000 -12.002613 0.000000 0.000000 1.000000 0.000000
0.999290 0.037663 0.000000 85.006189 -0.037663 0.999290 0.000000 -12.002335 0.000000 0.000000 1.000000 0.000000
0.999317 0.036961 0.000000 85.025612 -0.036961 0.999317 0.000000 -12.002925 0.000000 0.000000 1.000000 0.000000
0.999377 0.035306 0.000000 85.038414 -0.035306 0.999377 0.000000 -12.009163 0.000000 0.000000 1.000000 0.000000
0.999415 0.034198 0.000000 85.052044 -0.034198 0.999415 0.000000 -12.009447 0.000000 0.000000 1.000000 0.000000
0.999429 0.033786 0.000000 85.062177 -0.033786 0.999429 0.000000 -12.012041 0.000000 0.000000 1.000000 0.000000
0.999434 0.033646 0.000000 85.062210 -0.033646 0.999434 0.000000 -12.011856 0.000000 0.000000 1.000000 0.000000
0.999390 0.034917 0.000000 85.060908 -0.034917 0.999390 0.000000 -12.009181 0.000000 0.000000 1.000000 0.000000
0.999384 0.035098 0.000000 85.059022 -0.035098 0.999384 0.000000 -12.008919 0.000000 0.000000 1.000000 0.000000
0.999372 0.035433 0.000000 85.058530 -0.035433 0.999372 0.000000 -12.008195 0.000000 0.000000 1.000000 0.000000
0.999413 0.034247 0.000000 85.056862 -0.034247 0.999413 0.000000 -12.005658 0.000000 0.000000 1.000000 0.000000
0.999432 0.033709 0.000000 85.056854 -0.033709 0.999432 0.000000 -12.006462 0.000000 0.000000 1.000000 0.000000
0.999420 0.034066 0.000000 85.057007 -0.034066 0.999420 0.000000 -12.004471 0.000000 0.000000 1.000000 0.000000
0.999404 0.034523 0.000000 85.057499 -0.034523 0.999404 0.000000 -12.003375 0.000000 0.000000 1.000000 0.000000
0.999405 0.034487 0.000000 85.057327 -0.034487 0.999405 0.000000 -12.002703 0.000000 0.000000 1.000000 0.000000
0.999396 0.034738 0.000000 85.057165 -0.034738 0.999396 0.000000 -12.000975 0.000000 0.000000 1.000000 0.000000
0.999394 0.034801 0.000000 85.056901 -0.034801 0.999394 0.000000 -11.999232 0.000000 0.000000 1.000000 0.000000
0.999385 0.035075 0.000000 85.055979 -0.035075 0.999385 0.000000 -11.995640 0.000000 0.000000 1.000000 0.000000
0.999378 0.035255 0.000000 85.055639 -0.035255 0.999378 0.000000 -11.993422 0.000000 0.000000 1.000000 0.000000
0.999382 0.035143 0.000000 85.054841 -0.035143 0.999382 0.000000 -11.991013 0.000000 0.000000 1.000000 0.000000
0.999386 0.035046 0.000000 85.054612 -0.035046 0.999386 0.000000 -11.990381 0.000000 0.000000 1.000000 0.000000
0.999386 0.035030 0.000000 85.054530 -0.035030 0.999386 0.000000 -11.989753 0.000000 0.000000 1.000000 0.000000
0.999384 0.035104 0.000000 85.054499 -0.035104 0.999384 0.000000 -11.989454 0.000000 0.000000 1.000000 0.000000
0.999383 0.035136 0.000000 85.054546 -0.035136 0.999383 0.000000 -11.989348 0.000000 0.000000 1.000000 0.000000
0.999383 0.035117 0.000000 85.054689 -0.035117 0.999383 0.000000 -11.989928 0.000000 0.000000 1.000000 0.000000
0.999382 0.035152 0.000000 85.054842 -0.035152 0.999382 0.000000 -11.989936 0.000000 0.000000 1.000000 0.000000
0.999381 0.035186 0.000000 85.054941 -0.035186 0.999381 0.000000 -11.990418 0.000000 0.000000 1.000000 0.000000
0.999375 0.035345 0.000000 85.055048 -0.035345 0.999375 0.000000 -11.990701 0.000000 0.000000 1.000000 0.000000
0.999360 0.035758 0.000000 85.055110 -0.035758 0.999360 0.000000 -11.990725 0.000000 0.000000 1.000000 0.000000
0.999357 0.035869 0.000000 85.055081 -0.035869 0.999357 0.000000 -11.990356 0.000000 0.000000 1.000000 0.000000
0.999357 0.035842 0.000000 85.055187 -0.035842 0.999357 0.000000 -11.990361 0.000000 0.000000 1.000000 0.000000
0.999360 0.035770 0.000000 85.055143 -0.035770 0.999360 0.000000 -11.990595 0.000000 0.000000 1.000000 0.000000
0.999360 0.035785 0.000000 85.055114 -0.035785 0.999360 0.000000 -11.990491 0.000000 0.000000 1.000000 0.000000
0.999359 0.035799 0.000000 85.055122 -0.035799 0.999359 0.000000 -11.990356 0.000000 0.000000 1.000000 0.000000
0.999356 0.035874 0.000000 85.055082 -0.035874 0.999356 0.000000 -11.990284 0.000000 0.000000 1.000000 0.000000
0.999357 0.035861 0.000000 85.054938 -0.035861 0.999357 0.000000 -11.990130 0.000000 0.000000 1.000000 0.000000
0.999351 0.036033 0.000000 85.055108 -0.036033 0.999351 0.000000 -11.990058 0.000000 0.000000 1.000000 0.000000
0.999353 0.035977 0.000000 85.055018 -0.035977 0.999353 0.000000 -11.990113 0.000000 0.000000 1.000000 0.000000
0.999353 0.035975 0.000000 85.055018 -0.035975 0.999353 0.000000 -11.990114 0.000000 0.000000 1.000000 0.000000
0.999352 0.035998 0.000000 85.054888 -0.035998 0.999352 0.000000 -11.989976 0.000000 0.000000 1.000000 0.000000
0.999351 0.036033 0.000000 85.054802 -0.036033 0.999351 0.000000 -11.989831 0.000000 0.000000 1.000000 0.000000
0.999354 0.035932 0.000000 85.054625 -0.035932 0.999354 0.000000 -11.989860 0.000000 0.000000 1.000000 0.000000
0.999373 0.035413 0.000000 85.054097 -0.035413 0.999373 0.000000 -11.990390 0.000000 0.000000 1.000000 0.000000
0.999386 0.035040 0.000000 85.054106 -0.035040 0.999386 0.000000 -11.990256 0.000000 0.000000 1.000000 0.000000
0.999383 0.035123 0.000000 85.053858 -0.035123 0.999383 0.000000 -11.989988 0.000000 0.000000 1.000000 0.000000
0.999381 0.035193 0.000000 85.053672 -0.035193 0.999381 0.000000 -11.990048 0.000000 0.000000 1.000000 0.000000
0.999382 0.035165 0.000000 85.053598 -0.035165 0.999382 0.000000 -11.990215 0.000000 0.000000 1.000000 0.000000
0.999392 0.034873 0.000000 85.053096 -0.034873 0.999392 0.000000 -11.990504 0.000000 0.000000 1.000000 0.000000
0.999393 0.034829 0.000000 85.053060 -0.034829 0.999393 0.000000 -11.990775 0.000000 0.000000 1.000000 0.000000
0.999387 0.035011 0.000000 85.053161 -0.035011 0.999387 0.000000 -11.990420 0.000000 0.000000 1.000000 0.000000
0.999367 0.035573 0.000000 85.053439 -0.035573 0.999367 0.000000 -11.988941 0.000000 0.000000 1.000000 0.000000
0.999326 0.036701 0.000000 85.054425 -0.036701 0.999326 0.000000 -11.987277 0.000000 0.000000 1.000000 0.000000
0.999288 0.037722 0.000000 85.056201 -0.037722 0.999288 0.000000 -11.985938 0.000000 0.000000 1.000000 0.000000
0.999249 0.038747 0.000000 85.057659 -0.038747 0.999249 0.000000 -11.984770 0.000000 0.000000 1.000000 0.000000
0.999253 0.038637 0.000000 85.059395 -0.038637 0.999253 0.000000 -11.985669 0.000000 0.000000 1.000000 0.000000
0.999261 0.038428 0.000000 85.058770 -0.038428 0.999261 0.000000 -11.986687 0.000000 0.000000 1.000000 0.000000
0.999298 0.037465 0.000000 85.060309 -0.037465 0.999298 0.000000 -11.990337 0.000000 0.000000 1.000000 0.000000
0.999389 0.034954 0.000000 85.059494 -0.034954 0.999389 0.000000 -11.994744 0.000000 0.000000 1.000000 0.000000
0.999422 0.033994 0.000000 85.059016 -0.033994 0.999422 0.000000 -11.996129 0.000000 0.000000 1.000000 0.000000
0.999437 0.033559 0.000000 85.057753 -0.033559 0.999437 0.000000 -11.997480 0.000000 0.000000 1.000000 0.000000
0.999445 0.033313 0.000000 85.057240 -0.033313 0.999445 0.000000 -11.998559 0.000000 0.000000 1.000000 0.000000
0.999458 0.032930 0.000000 85.057187 -0.032930 0.999458 0.000000 -11.999463 0.000000 0.000000 1.000000 0.000000
0.999462 0.032800 0.000000 85.056999 -0.032800 0.999462 0.000000 -11.999665 0.000000 0.000000 1.000000 0.000000
0.999463 0.032764 0.000000 85.056523 -0.032764 0.999463 0.000000 -11.999515 0.000000 0.000000 1.000000 0.000000
0.999479 0.032269 0.000000 85.054999 -0.032269 0.999479 0.000000 -12.000800 0.000000 0.000000 1.000000 0.000000
0.999478 0.032314 0.000000 85.053489 -0.032314 0.999478 0.000000 -12.001344 0.000000 0.000000 1.000000 0.000000
0.999490 0.031935 0.000000 85.051826 -0.031935 0.999490 0.000000 -12.002333 0.000000 0.000000 1.000000 0.000000
0.999497 0.031717 0.000000 85.050733 -0.031717 0.999497 0.000000 -12.002810 0.000000 0.000000 1.000000 0.000000
0.999499 0.031649 0.000000 85.049822 -0.031649 0.999499 0.000000 -12.002908 0.000000 0.000000 1.000000 0.000000
0.999526 0.030788 0.000000 85.051548 -0.030788 0.999526 0.000000 -12.004900 0.000000 0.000000 1.000000 0.000000
0.999544 0.030207 0.000000 85.051940 -0.030207 0.999544 0.000000 -12.006399 0.000000 0.000000 1.000000 0.000000
0.999578 0.029064 0.000000 85.051944 -0.029064 0.999578 0.000000 -12.009482 0.000000 0.000000 1.000000 0.000000
0.999610 0.027932 0.000000 85.052143 -0.027932 0.999610 0.000000 -12.012079 0.000000 0.000000 1.000000 0.000000
0.999615 0.027754 0.000000 85.051480 -0.027754 0.999615 0.000000 -12.012731 0.000000 0.000000 1.000000 0.000000
0.999606 0.028075 0.000000 85.051219 -0.028075 0.999606 0.000000 -12.012380 0.000000 0.000000 1.000000 0.000000
0.999546 0.030117 0.000000 85.054879 -0.030117 0.999546 0.000000 -12.007830 0.000000 0.000000 1.000000 0.000000
0.999454 0.033042 0.000000 85.062814 -0.033042 0.999454 0.000000 -12.000471 0.000000 0.000000 1.000000 0.000000
0.999395 0.034769 0.000000 85.067001 -0.034769 0.999395 0.000000 -11.996384 0.000000 0.000000 1.000000 0.000000
0.999333 0.036516 0.000000 85.069162 -0.036516 0.999333 0.000000 -11.992670 0.000000 0.000000 1.000000 0.000000
0.999260 0.038452 0.000000 85.070664 -0.038452 0.999260 0.000000 -11.987985 0.000000 0.000000 1.000000 0.000000
0.999154 0.041135 0.000000 85.076005 -0.041135 0.999154 0.000000 -11.981483 0.000000 0.000000 1.000000 0.000000
0.999078 0.042927 0.000000 85.083927 -0.042927 0.999078 0.000000 -11.977001 0.000000 0.000000 1.000000 0.000000
0.999041 0.043781 0.000000 85.091794 -0.043781 0.999041 0.000000 -11.974648 0.000000 0.000000 1.000000 0.000000
0.999050 0.043571 0.000000 85.101502 -0.043571 0.999050 0.000000 -11.975686 0.000000 0.000000 1.000000 0.000000
0.999074 0.043031 0.000000 85.112977 -0.043031 0.999074 0.000000 -11.977166 0.000000 0.000000 1.000000 0.000000
0.999129 0.041720 0.000000 85.125670 -0.041720 0.999129 0.000000 -11.980295 0.000000 0.000000 1.000000 0.000000
0.999190 0.040234 0.000000 85.138147 -0.040234 0.999190 0.000000 -11.982426 0.000000 0.000000 1.000000 0.000000
0.999233 0.039158 0.000000 85.147989 -0.039158 0.999233 0.000000 -11.983904 0.000000 0.000000 1.000000 0.000000
0.999245 0.038841 0.000000 85.157277 -0.038841 0.999245 0.000000 -11.984616 0.000000 0.000000 1.000000 0.000000
0.999231 0.039212 0.000000 85.172396 -0.039212 0.999231 0.000000 -11.982829 0.000000 0.000000 1.000000 0.000000
0.999194 0.040152 0.000000 85.187807 -0.040152 0.999194 0.000000 -11.979023 0.000000 0.000000 1.000000 0.000000
0.999159 0.041013 0.000000 85.204930 -0.041013 0.999159 0.000000 -11.975657 0.000000 0.000000 1.000000 0.000000
0.999133 0.041623 0.000000 85.224082 -0.041623 0.999133 0.000000 -11.973626 0.000000 0.000000 1.000000 0.000000
0.999166 0.040822 0.000000 85.252673 -0.040822 0.999166 0.000000 -11.960006 0.000000 0.000000 1.000000 0.000000
0.999173 0.040664 0.000000 85.267011 -0.040664 0.999173 0.000000 -11.961149 0.000000 0.000000 1.000000 0.000000
0.999205 0.039867 0.000000 85.280186 -0.039867 0.999205 0.000000 -11.962372 0.000000 0.000000 1.000000 0.000000
0.999253 0.038634 0.000000 85.293998 -0.038634 0.999253 0.000000 -11.964208 0.000000 0.000000 1.000000 0.000000
0.999347 0.036133 0.000000 85.305145 -0.036133 0.999347 0.000000 -11.969561 0.000000 0.000000 1.000000 0.000000
0.999412 0.034293 0.000000 85.319730 -0.034293 0.999412 0.000000 -11.972489 0.000000 0.000000 1.000000 0.000000
0.999438 0.033522 0.000000 85.328112 -0.033522 0.999438 0.000000 -11.974367 0.000000 0.000000 1.000000 0.000000
0.999450 0.033176 0.000000 85.336114 -0.033176 0.999450 0.000000 -11.975029 0.000000 0.000000 1.000000 0.000000
0.999425 0.033893 0.000000 85.342002 -0.033893 0.999425 0.000000 -11.969992 0.000000 0.000000 1.000000 0.000000
0.999406 0.034451 0.000000 85.344407 -0.034451 0.999406 0.000000 -11.967399 0.000000 0.000000 1.000000 0.000000
0.999337 0.036419 0.000000 85.348137 -0.036419 0.999337 0.000000 -11.958628 0.000000 0.000000 1.000000 0.000000
0.999318 0.036920 0.000000 85.348867 -0.036920 0.999318 0.000000 -11.957384 0.000000 0.000000 1.000000 0.000000
0.999302 0.037369 0.000000 85.349715 -0.037369 0.999302 0.000000 -11.955368 0.000000 0.000000 1.000000 0.000000
0.999297 0.037477 0.000000 85.349307 -0.037477 0.999297 0.000000 -11.956415 0.000000 0.000000 1.000000 0.000000
0.999341 0.036302 0.000000 85.347193 -0.036302 0.999341 0.000000 -11.958921 0.000000 0.000000 1.000000 0.000000
0.999373 0.035399 0.000000 85.344966 -0.035399 0.999373 0.000000 -11.960488 0.000000 0.000000 1.000000 0.000000
0.999389 0.034951 0.000000 85.342958 -0.034951 0.999389 0.000000 -11.960734 0.000000 0.000000 1.000000 0.000000
0.999389 0.034946 0.000000 85.341985 -0.034946 0.999389 0.000000 -11.960711 0.000000 0.000000 1.000000 0.000000
0.999405 0.034492 0.000000 85.340788 -0.034492 0.999405 0.000000 -11.961366 0.000000 0.000000 1.000000 0.000000
0.999424 0.033937 0.000000 85.340583 -0.033937 0.999424 0.000000 -11.962336 0.000000 0.000000 1.000000 0.000000
0.998685 0.051258 0.000000 85.006223 -0.051258 0.998685 0.000000 -11.782753 0.000000 0.000000 1.000000 0.000000
0.998745 0.050076 0.000000 85.006330 -0.050076 0.998745 0.000000 -11.784748 0.000000 0.000000 1.000000 0.000000
0.998791 0.049155 0.000000 85.005663 -0.049155 0.998791 0.000000 -11.786435 0.000000 0.000000 1.000000 0.000000
0.998863 0.047671 0.000000 85.005017 -0.047671 0.998863 0.000000 -11.789062 0.000000 0.000000 1.000000 0.000000
0.998892 0.047061 0.000000 85.004322 -0.047061 0.998892 0.000000 -11.788886 0.000000 0.000000 1.000000 0.000000
0.998937 0.046099 0.000000 85.004126 -0.046099 0.998937 0.000000 -11.789920 0.000000 0.000000 1.000000 0.000000
0.998962 0.045547 0.000000 85.003805 -0.045547 0.998962 0.000000 -11.789956 0.000000 0.000000 1.000000 0.000000
0.998974 0.045291 0.000000 85.003817 -0.045291 0.998974 0.000000 -11.789585 0.000000 0.000000 1.000000 0.000000
0.999005 0.044605 0.000000 85.003652 -0.044605 0.999005 0.000000 -11.789333 0.000000 0.000000 1.000000 0.000000
0.999011 0.044463 0.000000 85.003483 -0.044463 0.999011 0.000000 -11.788574 0.000000 0.000000 1.000000 0.000000
0.999055 0.043462 0.000000 85.003365 -0.043462 0.999055 0.000000 -11.789984 0.000000 0.000000 1.000000 0.000000
0.999106 0.042265 0.000000 85.004112 -0.042265 0.999106 0.000000 -11.792493 0.000000 0.000000 1.000000 0.000000
0.999143 0.041399 0.000000 85.004836 -0.041399 0.999143 0.000000 -11.793881 0.000000 0.000000 1.000000 0.000000
0.999193 0.040175 0.000000 85.005558 -0.040175 0.999193 0.000000 -11.796565 0.000000 0.000000 1.000000 0.000000
0.999218 0.039551 0.000000 85.006825 -0.039551 0.999218 0.000000 -11.798049 0.000000 0.000000 1.000000 0.000000
0.999227 0.039300 0.000000 85.009388 -0.039300 0.999227 0.000000 -11.798403 0.000000 0.000000 1.000000 0.000000
0.999163 0.040910 0.000000 85.014442 -0.040910 0.999163 0.000000 -11.792830 0.000000 0.000000 1.000000 0.000000
0.999047 0.043644 0.000000 85.020077 -0.043644 0.999047 0.000000 -11.785797 0.000000 0.000000 1.000000 0.000000
