0.999996 0.002823 0.000000 0.584552 -0.002823 0.999996 0.000000 -0.011131 0.000000 0.000000 1.000000 0.000000
0.999978 0.006620 0.000000 1.722315 -0.006620 0.999978 0.000000 -0.023449 0.000000 0.000000 1.000000 0.000000
0.999965 0.008401 0.000000 2.304565 -0.008401 0.999965 0.000000 -0.032934 0.000000 0.000000 1.000000 0.000000
0.999952 0.009756 0.000000 3.109875 -0.009756 0.999952 0.000000 -0.042150 0.000000 0.000000 1.000000 0.000000
0.999943 0.010648 0.000000 3.684173 -0.010648 0.999943 0.000000 -0.056042 0.000000 0.000000 1.000000 0.000000
0.999934 0.011461 0.000000 4.269669 -0.011461 0.999934 0.000000 -0.063570 0.000000 0.000000 1.000000 0.000000
0.999922 0.012476 0.000000 4.853940 -0.012476 0.999922 0.000000 -0.076882 0.000000 0.000000 1.000000 0.000000
0.999912 0.013266 0.000000 5.399045 -0.013266 0.999912 0.000000 -0.098665 0.000000 0.000000 1.000000 0.000000
0.999894 0.014532 0.000000 5.982099 -0.014532 0.999894 0.000000 -0.112814 0.000000 0.000000 1.000000 0.000000
0.999889 0.014907 0.000000 6.527282 -0.014907 0.999889 0.000000 -0.122395 0.000000 0.000000 1.000000 0.000000
0.999866 0.016398 0.000000 7.103974 -0.016398 0.999866 0.000000 -0.128362 0.000000 0.000000 1.000000 0.000000
0.999853 0.017133 0.000000 7.698112 -0.017133 0.999853 0.000000 -0.158402 0.000000 0.000000 1.000000 0.000000
0.999829 0.018489 0.000000 8.263398 -0.018489 0.999829 0.000000 -0.172687 0.000000 0.000000 1.000000 0.000000
0.999794 0.020301 0.000000 8.839302 -0.020301 0.999794 0.000000 -0.185642 0.000000 0.000000 1.000000 0.000000
0.999754 0.022181 0.000000 9.589052 -0.022181 0.999754 0.000000 -0.207073 0.000000 0.000000 1.000000 0.000000
0.999736 0.022966 0.000000 10.204747 -0.022966 0.999736 0.000000 -0.224017 0.000000 0.000000 1.000000 0.000000
0.999691 0.024841 0.000000 10.742949 -0.024841 0.999691 0.000000 -0.233109 0.000000 0.000000 1.000000 0.000000
0.999639 0.026871 0.000000 11.358495 -0.026871 0.999639 0.000000 -0.242516 0.000000 0.000000 1.000000 0.000000
0.999614 0.027790 0.000000 11.936806 -0.027790 0.999614 0.000000 -0.264644 0.000000 0.000000 1.000000 0.000000
0.999514 0.031184 0.000000 12.510660 -0.031184 0.999514 0.000000 -0.273473 0.000000 0.000000 1.000000 0.000000
0.999456 0.032966 0.000000 13.086602 -0.032966 0.999456 0.000000 -0.297422 0.000000 0.000000 1.000000 0.000000
0.999372 0.035440 0.000000 13.663340 -0.035440 0.999372 0.000000 -0.311980 0.000000 0.000000 1.000000 0.000000
0.999327 0.036669 0.000000 14.238928 -0.036669 0.999327 0.000000 -0.337827 0.000000 0.000000 1.000000 0.000000
0.999225 0.039353 0.000000 14.812950 -0.039353 0.999225 0.000000 -0.367676 0.000000 0.000000 1.000000 0.000000
0.999111 0.042164 0.000000 15.385588 -0.042164 0.999111 0.000000 -0.396915 0.000000 0.000000 1.000000 0.000000
0.999087 0.042722 0.000000 15.957799 -0.042722 0.999087 0.000000 -0.430089 0.000000 0.000000 1.000000 0.000000
0.998906 0.046771 0.000000 16.501097 -0.046771 0.998906 0.000000 -0.451814 0.000000 0.000000 1.000000 0.000000
0.998845 0.048057 0.000000 17.067681 -0.048057 0.998845 0.000000 -0.482930 0.000000 0.000000 1.000000 0.000000
0.998870 0.047516 0.000000 18.163735 -0.047516 0.998870 0.000000 -0.553842 0.000000 0.000000 1.000000 0.000000
0.998998 0.044746 0.000000 19.098771 -0.044746 0.998998 0.000000 -0.625197 0.000000 0.000000 1.000000 0.000000
0.998956 0.045674 0.000000 19.660516 -0.045674 0.998956 0.000000 -0.663006 0.000000 0.000000 1.000000 0.000000
0.998883 0.047258 0.000000 20.226700 -0.047258 0.998883 0.000000 -0.700375 0.000000 0.000000 1.000000 0.000000
0.999068 0.043172 0.000000 20.789642 -0.043172 0.999068 0.000000 -0.761472 0.000000 0.000000 1.000000 0.000000
0.999168 0.040783 0.000000 21.352711 -0.040783 0.999168 0.000000 -0.802929 0.000000 0.000000 1.000000 0.000000
0.998797 0.049039 0.000000 21.949577 -0.049039 0.998797 0.000000 -0.817547 0.000000 0.000000 1.000000 0.000000
0.998422 0.056163 0.000000 22.511097 -0.056163 0.998422 0.000000 -0.849310 0.000000 0.000000 1.000000 0.000000
0.998274 0.058723 0.000000 23.618147 -0.058723 0.998274 0.000000 -0.979505 0.000000 0.000000 1.000000 0.000000
0.998190 0.060145 0.000000 24.179459 -0.060145 0.998190 0.000000 -1.029515 0.000000 0.000000 1.000000 0.000000
0.998224 0.059578 0.000000 24.740564 -0.059578 0.998224 0.000000 -1.085953 0.000000 0.000000 1.000000 0.000000
0.998331 0.057753 0.000000 25.263574 -0.057753 0.998331 0.000000 -1.134597 0.000000 0.000000 1.000000 0.000000
0.998149 0.060814 0.000000 25.824077 -0.060814 0.998149 0.000000 -1.176364 0.000000 0.000000 1.000000 0.000000
0.998102 0.061589 0.000000 26.721126 -0.061589 0.998102 0.000000 -1.248279 0.000000 0.000000 1.000000 0.000000
0.998063 0.062214 0.000000 27.324283 -0.062214 0.998063 0.000000 -1.294146 0.000000 0.000000 1.000000 0.000000
0.998116 0.061360 0.000000 27.881598 -0.061360 0.998116 0.000000 -1.339972 0.000000 0.000000 1.000000 0.000000
0.998045 0.062507 0.000000 28.441341 -0.062507 0.998045 0.000000 -1.381974 0.000000 0.000000 1.000000 0.000000
0.998056 0.062324 0.000000 29.002515 -0.062324 0.998056 0.000000 -1.428775 0.000000 0.000000 1.000000 0.000000
0.997932 0.064283 0.000000 29.564167 -0.064283 0.997932 0.000000 -1.471744 0.000000 0.000000 1.000000 0.000000
0.998064 0.062203 0.000000 30.120325 -0.062203 0.998064 0.000000 -1.523357 0.000000 0.000000 1.000000 0.000000
0.997956 0.063900 0.000000 30.686646 -0.063900 0.997956 0.000000 -1.560244 0.000000 0.000000 1.000000 0.000000
0.997885 0.065009 0.000000 31.245468 -0.065009 0.997885 0.000000 -1.606848 0.000000 0.000000 1.000000 0.000000
0.997802 0.066261 0.000000 31.768825 -0.066261 0.997802 0.000000 -1.648946 0.000000 0.000000 1.000000 0.000000
0.997339 0.072902 0.000000 32.707216 -0.072902 0.997339 0.000000 -1.724683 0.000000 0.000000 1.000000 0.000000
0.997186 0.074972 0.000000 33.280247 -0.074972 0.997186 0.000000 -1.769531 0.000000 0.000000 1.000000 0.000000
0.997111 0.075964 0.000000 33.840968 -0.075964 0.997111 0.000000 -1.815206 0.000000 0.000000 1.000000 0.000000
0.996953 0.078005 0.000000 34.406674 -0.078005 0.996953 0.000000 -1.857256 0.000000 0.000000 1.000000 0.000000
0.996868 0.079089 0.000000 34.975508 -0.079089 0.996868 0.000000 -1.905744 0.000000 0.000000 1.000000 0.000000
0.996785 0.080128 0.000000 35.533859 -0.080128 0.996785 0.000000 -1.954958 0.000000 0.000000 1.000000 0.000000
0.996769 0.080322 0.000000 36.136296 -0.080322 0.996769 0.000000 -2.004265 0.000000 0.000000 1.000000 0.000000
0.996819 0.079694 0.000000 36.659819 -0.079694 0.996819 0.000000 -2.049534 0.000000 0.000000 1.000000 0.000000
0.996762 0.080413 0.000000 37.193034 -0.080413 0.996762 0.000000 -2.089558 0.000000 0.000000 1.000000 0.000000
0.996525 0.083298 0.000000 37.743480 -0.083298 0.996525 0.000000 -2.128577 0.000000 0.000000 1.000000 0.000000
0.996371 0.085115 0.000000 38.298726 -0.085115 0.996371 0.000000 -2.174340 0.000000 0.000000 1.000000 0.000000
0.996283 0.086136 0.000000 38.816785 -0.086136 0.996283 0.000000 -2.224654 0.000000 0.000000 1.000000 0.000000
0.996396 0.084827 0.000000 39.370046 -0.084827 0.996396 0.000000 -2.270288 0.000000 0.000000 1.000000 0.000000
0.996483 0.083796 0.000000 39.889693 -0.083796 0.996483 0.000000 -2.319242 0.000000 0.000000 1.000000 0.000000
0.996507 0.083512 0.000000 40.842776 -0.083512 0.996507 0.000000 -2.418002 0.000000 0.000000 1.000000 0.000000
0.996350 0.085363 0.000000 41.390454 -0.085363 0.996350 0.000000 -2.468285 0.000000 0.000000 1.000000 0.000000
0.996456 0.084117 0.000000 41.937612 -0.084117 0.996456 0.000000 -2.515152 0.000000 0.000000 1.000000 0.000000
0.996179 0.087339 0.000000 43.027160 -0.087339 0.996179 0.000000 -2.609366 0.000000 0.000000 1.000000 0.000000
0.996080 0.088461 0.000000 43.600381 -0.088461 0.996080 0.000000 -2.673518 0.000000 0.000000 1.000000 0.000000
0.996114 0.088073 0.000000 44.092599 -0.088073 0.996114 0.000000 -2.722257 0.000000 0.000000 1.000000 0.000000
0.996093 0.088306 0.000000 45.116326 -0.088306 0.996093 0.000000 -2.818627 0.000000 0.000000 1.000000 0.000000
0.996196 0.087138 0.000000 45.641566 -0.087138 0.996196 0.000000 -2.867061 0.000000 0.000000 1.000000 0.000000
0.996265 0.086353 0.000000 46.152679 -0.086353 0.996265 0.000000 -2.905938 0.000000 0.000000 1.000000 0.000000
0.996186 0.087258 0.000000 46.642201 -0.087258 0.996186 0.000000 -2.947615 0.000000 0.000000 1.000000 0.000000
0.996432 0.084396 0.000000 47.532505 -0.084396 0.996432 0.000000 -3.047344 0.000000 0.000000 1.000000 0.000000
0.996153 0.087634 0.000000 48.035757 -0.087634 0.996153 0.000000 -3.078425 0.000000 0.000000 1.000000 0.000000
0.995677 0.092878 0.000000 48.532943 -0.092878 0.995677 0.000000 -3.117814 0.000000 0.000000 1.000000 0.000000
0.995598 0.093731 0.000000 49.012677 -0.093731 0.995598 0.000000 -3.164068 0.000000 0.000000 1.000000 0.000000
0.995498 0.094779 0.000000 49.494637 -0.094779 0.995498 0.000000 -3.204660 0.000000 0.000000 1.000000 0.000000
0.995245 0.097399 0.000000 49.970502 -0.097399 0.995245 0.000000 -3.245983 0.000000 0.000000 1.000000 0.000000
0.994967 0.100200 0.000000 50.441292 -0.100200 0.994967 0.000000 -3.290800 0.000000 0.000000 1.000000 0.000000
0.994960 0.100268 0.000000 51.141585 -0.100268 0.994960 0.000000 -3.377624 0.000000 0.000000 1.000000 0.000000
0.995006 0.099813 0.000000 51.565812 -0.099813 0.995006 0.000000 -3.418425 0.000000 0.000000 1.000000 0.000000
0.995130 0.098573 0.000000 52.014821 -0.098573 0.995130 0.000000 -3.465798 0.000000 0.000000 1.000000 0.000000
0.995159 0.098276 0.000000 52.454294 -0.098276 0.995159 0.000000 -3.506853 0.000000 0.000000 1.000000 0.000000
0.995436 0.095434 0.000000 52.869295 -0.095434 0.995436 0.000000 -3.558189 0.000000 0.000000 1.000000 0.000000
0.995602 0.093687 0.000000 53.292392 -0.093687 0.995602 0.000000 -3.600215 0.000000 0.000000 1.000000 0.000000
0.995455 0.095234 0.000000 54.014098 -0.095234 0.995455 0.000000 -3.667046 0.000000 0.000000 1.000000 0.000000
0.995345 0.096377 0.000000 54.396150 -0.096377 0.995345 0.000000 -3.699630 0.000000 0.000000 1.000000 0.000000
0.995306 0.096777 0.000000 54.828639 -0.096777 0.995306 0.000000 -3.743903 0.000000 0.000000 1.000000 0.000000
0.995250 0.097352 0.000000 55.224564 -0.097352 0.995250 0.000000 -3.782914 0.000000 0.000000 1.000000 0.000000
0.995184 0.098029 0.000000 55.615733 -0.098029 0.995184 0.000000 -3.821080 0.000000 0.000000 1.000000 0.000000
0.995087 0.099007 0.000000 56.006549 -0.099007 0.995087 0.000000 -3.860878 0.000000 0.000000 1.000000 0.000000
0.995244 0.097416 0.000000 56.379480 -0.097416 0.995244 0.000000 -3.910801 0.000000 0.000000 1.000000 0.000000
0.995150 0.098371 0.000000 56.745439 -0.098371 0.995150 0.000000 -3.946075 0.000000 0.000000 1.000000 0.000000
0.994980 0.100069 0.000000 57.104894 -0.100069 0.994980 0.000000 -3.977523 0.000000 0.000000 1.000000 0.000000
0.994722 0.102603 0.000000 57.464203 -0.102603 0.994722 0.000000 -4.011609 0.000000 0.000000 1.000000 0.000000
0.994786 0.101983 0.000000 58.131048 -0.101983 0.994786 0.000000 -4.098513 0.000000 0.000000 1.000000 0.000000
0.994816 0.101694 0.000000 58.470329 -0.101694 0.994816 0.000000 -4.132267 0.000000 0.000000 1.000000 0.000000
0.994883 0.101030 0.000000 58.783983 -0.101030 0.994883 0.000000 -4.169527 0.000000 0.000000 1.000000 0.000000
0.994766 0.102181 0.000000 59.116963 -0.102181 0.994766 0.000000 -4.207119 0.000000 0.000000 1.000000 0.000000
0.994590 0.103878 0.000000 59.445374 -0.103878 0.994590 0.000000 -4.238390 0.000000 0.000000 1.000000 0.000000
0.993920 0.110107 0.000000 59.748042 -0.110107 0.993920 0.000000 -4.247332 0.000000 0.000000 1.000000 0.000000
0.993641 0.112597 0.000000 60.070464 -0.112597 0.993641 0.000000 -4.280210 0.000000 0.000000 1.000000 0.000000
0.993720 0.111896 0.000000 60.387061 -0.111896 0.993720 0.000000 -4.322863 0.000000 0.000000 1.000000 0.000000
0.993887 0.110402 0.000000 60.897797 -0.110402 0.993887 0.000000 -4.391134 0.000000 0.000000 1.000000 0.000000
0.993695 0.112118 0.000000 61.201004 -0.112118 0.993695 0.000000 -4.426150 0.000000 0.000000 1.000000 0.000000
0.993426 0.114477 0.000000 61.501960 -0.114477 0.993426 0.000000 -4.460073 0.000000 0.000000 1.000000 0.000000
0.993364 0.115012 0.000000 61.814439 -0.115012 0.993364 0.000000 -4.501129 0.000000 0.000000 1.000000 0.000000
0.993161 0.116755 0.000000 62.105355 -0.116755 0.993161 0.000000 -4.536827 0.000000 0.000000 1.000000 0.000000
0.993132 0.117000 0.000000 62.372144 -0.117000 0.993132 0.000000 -4.572240 0.000000 0.000000 1.000000 0.000000
0.992924 0.118748 0.000000 62.673031 -0.118748 0.992924 0.000000 -4.605746 0.000000 0.000000 1.000000 0.000000
0.992857 0.119308 0.000000 62.950465 -0.119308 0.992857 0.000000 -4.641355 0.000000 0.000000 1.000000 0.000000
0.992624 0.121236 0.000000 63.218164 -0.121236 0.992624 0.000000 -4.674676 0.000000 0.000000 1.000000 0.000000
0.992627 0.121209 0.000000 63.666195 -0.121209 0.992627 0.000000 -4.735898 0.000000 0.000000 1.000000 0.000000
0.992481 0.122398 0.000000 63.911104 -0.122398 0.992481 0.000000 -4.766179 0.000000 0.000000 1.000000 0.000000
0.992447 0.122675 0.000000 64.193148 -0.122675 0.992447 0.000000 -4.801726 0.000000 0.000000 1.000000 0.000000
0.992400 0.123051 0.000000 64.462165 -0.123051 0.992400 0.000000 -4.837600 0.000000 0.000000 1.000000 0.000000
0.992357 0.123402 0.000000 64.725834 -0.123402 0.992357 0.000000 -4.874255 0.000000 0.000000 1.000000 0.000000
0.992267 0.124125 0.000000 64.991015 -0.124125 0.992267 0.000000 -4.910070 0.000000 0.000000 1.000000 0.000000
0.992305 0.123817 0.000000 65.248985 -0.123817 0.992305 0.000000 -4.944960 0.000000 0.000000 1.000000 0.000000
0.991965 0.126513 0.000000 65.514543 -0.126513 0.991965 0.000000 -4.983297 0.000000 0.000000 1.000000 0.000000
0.991823 0.127620 0.000000 65.761319 -0.127620 0.991823 0.000000 -5.016073 0.000000 0.000000 1.000000 0.000000
0.991680 0.128726 0.000000 66.029946 -0.128726 0.991680 0.000000 -5.050304 0.000000 0.000000 1.000000 0.000000
0.991648 0.128971 0.000000 66.279583 -0.128971 0.991648 0.000000 -5.084450 0.000000 0.000000 1.000000 0.000000
0.991465 0.130377 0.000000 66.537600 -0.130377 0.991465 0.000000 -5.120390 0.000000 0.000000 1.000000 0.000000
0.991299 0.131630 0.000000 66.974616 -0.131630 0.991299 0.000000 -5.181260 0.000000 0.000000 1.000000 0.000000
0.991281 0.131761 0.000000 67.247823 -0.131761 0.991281 0.000000 -5.220895 0.000000 0.000000 1.000000 0.000000
0.991119 0.132977 0.000000 67.523970 -0.132977 0.991119 0.000000 -5.260330 0.000000 0.000000 1.000000 0.000000
0.991040 0.133565 0.000000 67.797984 -0.133565 0.991040 0.000000 -5.300372 0.000000 0.000000 1.000000 0.000000
0.990922 0.134437 0.000000 68.074976 -0.134437 0.990922 0.000000 -5.341641 0.000000 0.000000 1.000000 0.000000
0.990838 0.135053 0.000000 68.369537 -0.135053 0.990838 0.000000 -5.387517 0.000000 0.000000 1.000000 0.000000
0.990831 0.135107 0.000000 68.629758 -0.135107 0.990831 0.000000 -5.427866 0.000000 0.000000 1.000000 0.000000
0.990515 0.137407 0.000000 68.922618 -0.137407 0.990515 0.000000 -5.469115 0.000000 0.000000 1.000000 0.000000
0.990364 0.138491 0.000000 69.204195 -0.138491 0.990364 0.000000 -5.512605 0.000000 0.000000 1.000000 0.000000
0.990314 0.138847 0.000000 69.469011 -0.138847 0.990314 0.000000 -5.553787 0.000000 0.000000 1.000000 0.000000
0.989921 0.141620 0.000000 69.754163 -0.141620 0.989921 0.000000 -5.593876 0.000000 0.000000 1.000000 0.000000
0.989822 0.142308 0.000000 70.017116 -0.142308 0.989822 0.000000 -5.630320 0.000000 0.000000 1.000000 0.000000
0.988643 0.150282 0.000000 70.784571 -0.150282 0.988643 0.000000 -5.727344 0.000000 0.000000 1.000000 0.000000
0.988191 0.153230 0.000000 71.071582 -0.153230 0.988191 0.000000 -5.766980 0.000000 0.000000 1.000000 0.000000
0.987966 0.154674 0.000000 71.363361 -0.154674 0.987966 0.000000 -5.813654 0.000000 0.000000 1.000000 0.000000
0.988186 0.153261 0.000000 71.651944 -0.153261 0.988186 0.000000 -5.867893 0.000000 0.000000 1.000000 0.000000
0.988048 0.154145 0.000000 71.946091 -0.154145 0.988048 0.000000 -5.914034 0.000000 0.000000 1.000000 0.000000
0.987432 0.158045 0.000000 72.539314 -0.158045 0.987432 0.000000 -6.012346 0.000000 0.000000 1.000000 0.000000
0.987408 0.158195 0.000000 72.841501 -0.158195 0.987408 0.000000 -6.064275 0.000000 0.000000 1.000000 0.000000
0.987286 0.158956 0.000000 73.131776 -0.158956 0.987286 0.000000 -6.114736 0.000000 0.000000 1.000000 0.000000
0.986986 0.160808 0.000000 73.603131 -0.160808 0.986986 0.000000 -6.194857 0.000000 0.000000 1.000000 0.000000
0.986054 0.166426 0.000000 73.926542 -0.166426 0.986054 0.000000 -6.245395 0.000000 0.000000 1.000000 0.000000
0.985639 0.168865 0.000000 74.468665 -0.168865 0.985639 0.000000 -6.340161 0.000000 0.000000 1.000000 0.000000
0.985532 0.169491 0.000000 74.802542 -0.169491 0.985532 0.000000 -6.398519 0.000000 0.000000 1.000000 0.000000
0.984507 0.175347 0.000000 75.129259 -0.175347 0.984507 0.000000 -6.437404 0.000000 0.000000 1.000000 0.000000
0.984361 0.176165 0.000000 75.459056 -0.176165 0.984361 0.000000 -6.497887 0.000000 0.000000 1.000000 0.000000
0.984075 0.177753 0.000000 75.817003 -0.177753 0.984075 0.000000 -6.562975 0.000000 0.000000 1.000000 0.000000
0.984856 0.173375 0.000000 76.399188 -0.173375 0.984856 0.000000 -6.675496 0.000000 0.000000 1.000000 0.000000
0.984904 0.173103 0.000000 76.750292 -0.173103 0.984904 0.000000 -6.741083 0.000000 0.000000 1.000000 0.000000
0.984835 0.173494 0.000000 77.129819 -0.173494 0.984835 0.000000 -6.806871 0.000000 0.000000 1.000000 0.000000
0.984816 0.173603 0.000000 77.490440 -0.173603 0.984816 0.000000 -6.875253 0.000000 0.000000 1.000000 0.000000
0.984796 0.173715 0.000000 78.152426 -0.173715 0.984796 0.000000 -6.986556 0.000000 0.000000 1.000000 0.000000
0.985555 0.169358 0.000000 78.825500 -0.169358 0.985555 0.000000 -7.126801 0.000000 0.000000 1.000000 0.000000
0.985854 0.167606 0.000000 79.217583 -0.167606 0.985854 0.000000 -7.191822 0.000000 0.000000 1.000000 0.000000
0.985453 0.169947 0.000000 79.645063 -0.169947 0.985453 0.000000 -7.260153 0.000000 0.000000 1.000000 0.000000
0.985200 0.171410 0.000000 80.041270 -0.171410 0.985200 0.000000 -7.361376 0.000000 0.000000 1.000000 0.000000
0.984953 0.172820 0.000000 80.478002 -0.172820 0.984953 0.000000 -7.444122 0.000000 0.000000 1.000000 0.000000
0.985165 0.171608 0.000000 80.887626 -0.171608 0.985165 0.000000 -7.519270 0.000000 0.000000 1.000000 0.000000
0.985843 0.167673 0.000000 81.342056 -0.167673 0.985843 0.000000 -7.597377 0.000000 0.000000 1.000000 0.000000
0.985936 0.167126 0.000000 82.037453 -0.167126 0.985936 0.000000 -7.707376 0.000000 0.000000 1.000000 0.000000
0.986315 0.164874 0.000000 82.862397 -0.164874 0.986315 0.000000 -7.858059 0.000000 0.000000 1.000000 0.000000
0.985928 0.167172 0.000000 83.338923 -0.167172 0.985928 0.000000 -7.940536 0.000000 0.000000 1.000000 0.000000
0.985399 0.170259 0.000000 83.823326 -0.170259 0.985399 0.000000 -8.028882 0.000000 0.000000 1.000000 0.000000
0.984519 0.175277 0.000000 84.294244 -0.175277 0.984519 0.000000 -8.097183 0.000000 0.000000 1.000000 0.000000
0.984590 0.174878 0.000000 84.808612 -0.174878 0.984590 0.000000 -8.196561 0.000000 0.000000 1.000000 0.000000
0.983675 0.179952 0.000000 85.260986 -0.179952 0.983675 0.000000 -8.269382 0.000000 0.000000 1.000000 0.000000
0.983005 0.183577 0.000000 85.769335 -0.183577 0.983005 0.000000 -8.361706 0.000000 0.000000 1.000000 0.000000
0.982425 0.186660 0.000000 86.286187 -0.186660 0.982425 0.000000 -8.460231 0.000000 0.000000 1.000000 0.000000
0.981906 0.189367 0.000000 86.810652 -0.189367 0.981906 0.000000 -8.559780 0.000000 0.000000 1.000000 0.000000
0.981560 0.191154 0.000000 87.303916 -0.191154 0.981560 0.000000 -8.658211 0.000000 0.000000 1.000000 0.000000
0.980990 0.194059 0.000000 87.837414 -0.194059 0.980990 0.000000 -8.764654 0.000000 0.000000 1.000000 0.000000
0.980924 0.194393 0.000000 88.800380 -0.194393 0.980924 0.000000 -8.971194 0.000000 0.000000 1.000000 0.000000
0.980889 0.194570 0.000000 89.344146 -0.194570 0.980889 0.000000 -9.087762 0.000000 0.000000 1.000000 0.000000
0.980026 0.198870 0.000000 89.893822 -0.198870 0.980026 0.000000 -9.192636 0.000000 0.000000 1.000000 0.000000
0.979084 0.203458 0.000000 90.446429 -0.203458 0.979084 0.000000 -9.309031 0.000000 0.000000 1.000000 0.000000
0.979076 0.203495 0.000000 91.003440 -0.203495 0.979076 0.000000 -9.436271 0.000000 0.000000 1.000000 0.000000
0.978481 0.206335 0.000000 91.862685 -0.206335 0.978481 0.000000 -9.615086 0.000000 0.000000 1.000000 0.000000
0.977437 0.211226 0.000000 92.393547 -0.211226 0.977437 0.000000 -9.729600 0.000000 0.000000 1.000000 0.000000
0.975847 0.218453 0.000000 93.514686 -0.218453 0.975847 0.000000 -9.974141 0.000000 0.000000 1.000000 0.000000
0.974769 0.223215 0.000000 94.250215 -0.223215 0.974769 0.000000 -10.135438 0.000000 0.000000 1.000000 0.000000
0.973644 0.228072 0.000000 94.834049 -0.228072 0.973644 0.000000 -10.273907 0.000000 0.000000 1.000000 0.000000
0.972375 0.233424 0.000000 95.417855 -0.233424 0.972375 0.000000 -10.422108 0.000000 0.000000 1.000000 0.000000
0.971912 0.235343 0.000000 96.006800 -0.235343 0.971912 0.000000 -10.561074 0.000000 0.000000 1.000000 0.000000
0.971603 0.236617 0.000000 96.599647 -0.236617 0.971603 0.000000 -10.707178 0.000000 0.000000 1.000000 0.000000
0.970956 0.239259 0.000000 97.222632 -0.239259 0.970956 0.000000 -10.865008 0.000000 0.000000 1.000000 0.000000
0.970105 0.242687 0.000000 97.791471 -0.242687 0.970105 0.000000 -11.010483 0.000000 0.000000 1.000000 0.000000
0.969637 0.244547 0.000000 98.385059 -0.244547 0.969637 0.000000 -11.155294 0.000000 0.000000 1.000000 0.000000
0.970639 0.240539 0.000000 98.985403 -0.240539 0.970639 0.000000 -11.312339 0.000000 0.000000 1.000000 0.000000
0.971272 0.237973 0.000000 99.549351 -0.237973 0.971272 0.000000 -11.459425 0.000000 0.000000 1.000000 0.000000
0.971315 0.237795 0.000000 100.156825 -0.237795 0.971315 0.000000 -11.615582 0.000000 0.000000 1.000000 0.000000
0.971065 0.238817 0.000000 100.763800 -0.238817 0.971065 0.000000 -11.772304 0.000000 0.000000 1.000000 0.000000
0.970998 0.239088 0.000000 101.329801 -0.239088 0.970998 0.000000 -11.913611 0.000000 0.000000 1.000000 0.000000
0.970670 0.240417 0.000000 102.418912 -0.240417 0.970670 0.000000 -12.192943 0.000000 0.000000 1.000000 0.000000
0.970560 0.240860 0.000000 103.077113 -0.240860 0.970560 0.000000 -12.372511 0.000000 0.000000 1.000000 0.000000
0.969981 0.243181 0.000000 103.696362 -0.243181 0.969981 0.000000 -12.538784 0.000000 0.000000 1.000000 0.000000
0.969201 0.246271 0.000000 104.319647 -0.246271 0.969201 0.000000 -12.703225 0.000000 0.000000 1.000000 0.000000
0.969563 0.244842 0.000000 104.927448 -0.244842 0.969563 0.000000 -12.872264 0.000000 0.000000 1.000000 0.000000
0.969526 0.244987 0.000000 105.551929 -0.244987 0.969526 0.000000 -13.030637 0.000000 0.000000 1.000000 0.000000
0.969521 0.245008 0.000000 106.138726 -0.245008 0.969521 0.000000 -13.180833 0.000000 0.000000 1.000000 0.000000
0.969487 0.245141 0.000000 106.768326 -0.245141 0.969487 0.000000 -13.342379 0.000000 0.000000 1.000000 0.000000
0.969050 0.246864 0.000000 107.355085 -0.246864 0.969050 0.000000 -13.504655 0.000000 0.000000 1.000000 0.000000
0.968331 0.249671 0.000000 107.991934 -0.249671 0.968331 0.000000 -13.681720 0.000000 0.000000 1.000000 0.000000
0.968014 0.250897 0.000000 108.620753 -0.250897 0.968014 0.000000 -13.850695 0.000000 0.000000 1.000000 0.000000
0.968221 0.250096 0.000000 109.259627 -0.250096 0.968221 0.000000 -14.028396 0.000000 0.000000 1.000000 0.000000
0.968224 0.250086 0.000000 110.058797 -0.250086 0.968224 0.000000 -14.239279 0.000000 0.000000 1.000000 0.000000
0.966926 0.255058 0.000000 110.658475 -0.255058 0.966926 0.000000 -14.403120 0.000000 0.000000 1.000000 0.000000
0.966746 0.255740 0.000000 111.312952 -0.255740 0.966746 0.000000 -14.635167 0.000000 0.000000 1.000000 0.000000
0.966799 0.255540 0.000000 112.330475 -0.255540 0.966799 0.000000 -14.916397 0.000000 0.000000 1.000000 0.000000
0.966735 0.255781 0.000000 112.976733 -0.255781 0.966735 0.000000 -15.101202 0.000000 0.000000 1.000000 0.000000
0.966091 0.258201 0.000000 113.627822 -0.258201 0.966091 0.000000 -15.286248 0.000000 0.000000 1.000000 0.000000
0.965844 0.259124 0.000000 114.280515 -0.259124 0.965844 0.000000 -15.480669 0.000000 0.000000 1.000000 0.000000
0.965720 0.259588 0.000000 114.913090 -0.259588 0.965720 0.000000 -15.669763 0.000000 0.000000 1.000000 0.000000
0.966071 0.258278 0.000000 115.563140 -0.258278 0.966071 0.000000 -15.860959 0.000000 0.000000 1.000000 0.000000
0.966160 0.257943 0.000000 116.169715 -0.257943 0.966160 0.000000 -16.034262 0.000000 0.000000 1.000000 0.000000
0.967361 0.253402 0.000000 117.303790 -0.253402 0.967361 0.000000 -16.372679 0.000000 0.000000 1.000000 0.000000
0.967846 0.251543 0.000000 117.952830 -0.251543 0.967846 0.000000 -16.560220 0.000000 0.000000 1.000000 0.000000
0.968077 0.250655 0.000000 118.602896 -0.250655 0.968077 0.000000 -16.744165 0.000000 0.000000 1.000000 0.000000
0.968025 0.250852 0.000000 119.252178 -0.250852 0.968025 0.000000 -16.920402 0.000000 0.000000 1.000000 0.000000
0.968990 0.247100 0.000000 120.574967 -0.247100 0.968990 0.000000 -17.304264 0.000000 0.000000 1.000000 0.000000
0.968646 0.248446 0.000000 121.173155 -0.248446 0.968646 0.000000 -17.468172 0.000000 0.000000 1.000000 0.000000
0.969322 0.245794 0.000000 121.823139 -0.245794 0.969322 0.000000 -17.667251 0.000000 0.000000 1.000000 0.000000
0.969135 0.246532 0.000000 122.430961 -0.246532 0.969135 0.000000 -17.824935 0.000000 0.000000 1.000000 0.000000
0.968534 0.248882 0.000000 123.037573 -0.248882 0.968534 0.000000 -17.985334 0.000000 0.000000 1.000000 0.000000
0.976100 0.217323 0.000000 127.668338 -0.217323 0.976100 0.000000 -19.382094 0.000000 0.000000 1.000000 0.000000
0.975799 0.218671 0.000000 128.315818 -0.218671 0.975799 0.000000 -19.524483 0.000000 0.000000 1.000000 0.000000
0.976800 0.214153 0.000000 128.921161 -0.214153 0.976800 0.000000 -19.662515 0.000000 0.000000 1.000000 0.000000
0.976786 0.214218 0.000000 129.551069 -0.214218 0.976786 0.000000 -19.830096 0.000000 0.000000 1.000000 0.000000
0.977657 0.210206 0.000000 130.161333 -0.210206 0.977657 0.000000 -19.983113 0.000000 0.000000 1.000000 0.000000
0.977265 0.212020 0.000000 130.782072 -0.212020 0.977265 0.000000 -20.158174 0.000000 0.000000 1.000000 0.000000
0.977557 0.210669 0.000000 131.422564 -0.210669 0.977557 0.000000 -20.313124 0.000000 0.000000 1.000000 0.000000
0.977492 0.210971 0.000000 132.239996 -0.210971 0.977492 0.000000 -20.509420 0.000000 0.000000 1.000000 0.000000
0.976847 0.213940 0.000000 132.878899 -0.213940 0.976847 0.000000 -20.650153 0.000000 0.000000 1.000000 0.000000
0.976580 0.215153 0.000000 133.518612 -0.215153 0.976580 0.000000 -20.790119 0.000000 0.000000 1.000000 0.000000
0.976889 0.213749 0.000000 134.450142 -0.213749 0.976889 0.000000 -21.008735 0.000000 0.000000 1.000000 0.000000
0.976989 0.213290 0.000000 135.083247 -0.213290 0.976989 0.000000 -21.154842 0.000000 0.000000 1.000000 0.000000
0.977185 0.212388 0.000000 135.713906 -0.212388 0.977185 0.000000 -21.302663 0.000000 0.000000 1.000000 0.000000
0.977343 0.211663 0.000000 136.337610 -0.211663 0.977343 0.000000 -21.452594 0.000000 0.000000 1.000000 0.000000
0.977204 0.212305 0.000000 136.966137 -0.212305 0.977204 0.000000 -21.597216 0.000000 0.000000 1.000000 0.000000
0.977027 0.213114 0.000000 137.888509 -0.213114 0.977027 0.000000 -21.822749 0.000000 0.000000 1.000000 0.000000
0.976730 0.214474 0.000000 138.492493 -0.214474 0.976730 0.000000 -21.962204 0.000000 0.000000 1.000000 0.000000
0.976335 0.216262 0.000000 139.110692 -0.216262 0.976335 0.000000 -22.112818 0.000000 0.000000 1.000000 0.000000
0.975707 0.219079 0.000000 139.687974 -0.219079 0.975707 0.000000 -22.249536 0.000000 0.000000 1.000000 0.000000
0.975441 0.220261 0.000000 140.488066 -0.220261 0.975441 0.000000 -22.450846 0.000000 0.000000 1.000000 0.000000
0.975475 0.220108 0.000000 141.100163 -0.220108 0.975475 0.000000 -22.599221 0.000000 0.000000 1.000000 0.000000
0.975688 0.219163 0.000000 141.713102 -0.219163 0.975688 0.000000 -22.749333 0.000000 0.000000 1.000000 0.000000
0.976338 0.216250 0.000000 142.318685 -0.216250 0.976338 0.000000 -22.895600 0.000000 0.000000 1.000000 0.000000
0.976382 0.216049 0.000000 142.925881 -0.216049 0.976382 0.000000 -23.042511 0.000000 0.000000 1.000000 0.000000
0.977491 0.210978 0.000000 144.089933 -0.210978 0.977491 0.000000 -23.323370 0.000000 0.000000 1.000000 0.000000
0.976886 0.213761 0.000000 144.650869 -0.213761 0.976886 0.000000 -23.440323 0.000000 0.000000 1.000000 0.000000
0.977142 0.212587 0.000000 145.247217 -0.212587 0.977142 0.000000 -23.576288 0.000000 0.000000 1.000000 0.000000
0.976958 0.213430 0.000000 145.838183 -0.213430 0.976958 0.000000 -23.712322 0.000000 0.000000 1.000000 0.000000
0.977075 0.212894 0.000000 146.395965 -0.212894 0.977075 0.000000 -23.853354 0.000000 0.000000 1.000000 0.000000
0.977889 0.209122 0.000000 146.984342 -0.209122 0.977889 0.000000 -24.010751 0.000000 0.000000 1.000000 0.000000
0.978216 0.207590 0.000000 147.712978 -0.207590 0.978216 0.000000 -24.172569 0.000000 0.000000 1.000000 0.000000
0.978461 0.206434 0.000000 148.300513 -0.206434 0.978461 0.000000 -24.313014 0.000000 0.000000 1.000000 0.000000
0.978504 0.206226 0.000000 148.842806 -0.206226 0.978504 0.000000 -24.442320 0.000000 0.000000 1.000000 0.000000
0.978158 0.207863 0.000000 149.433133 -0.207863 0.978158 0.000000 -24.576668 0.000000 0.000000 1.000000 0.000000
0.977928 0.208941 0.000000 150.018695 -0.208941 0.977928 0.000000 -24.711814 0.000000 0.000000 1.000000 0.000000
0.977833 0.209384 0.000000 150.560311 -0.209384 0.977833 0.000000 -24.837517 0.000000 0.000000 1.000000 0.000000
0.978536 0.206074 0.000000 151.139306 -0.206074 0.978536 0.000000 -24.972203 0.000000 0.000000 1.000000 0.000000
0.978322 0.207091 0.000000 151.684571 -0.207091 0.978322 0.000000 -25.095834 0.000000 0.000000 1.000000 0.000000
0.977950 0.208839 0.000000 152.255848 -0.208839 0.977950 0.000000 -25.229247 0.000000 0.000000 1.000000 0.000000
0.977391 0.211438 0.000000 152.830383 -0.211438 0.977391 0.000000 -25.357032 0.000000 0.000000 1.000000 0.000000
0.976593 0.215096 0.000000 153.571937 -0.215096 0.976593 0.000000 -25.519829 0.000000 0.000000 1.000000 0.000000
0.976238 0.216703 0.000000 154.110629 -0.216703 0.976238 0.000000 -25.638730 0.000000 0.000000 1.000000 0.000000
0.975863 0.218385 0.000000 154.681166 -0.218385 0.975863 0.000000 -25.773261 0.000000 0.000000 1.000000 0.000000
0.975705 0.219090 0.000000 155.216515 -0.219090 0.975705 0.000000 -25.898098 0.000000 0.000000 1.000000 0.000000
0.976181 0.216958 0.000000 155.784359 -0.216958 0.976181 0.000000 -26.020749 0.000000 0.000000 1.000000 0.000000
0.976130 0.217187 0.000000 156.317667 -0.217187 0.976130 0.000000 -26.142020 0.000000 0.000000 1.000000 0.000000
0.976126 0.217205 0.000000 157.048921 -0.217205 0.976126 0.000000 -26.314090 0.000000 0.000000 1.000000 0.000000
0.975063 0.221928 0.000000 157.576753 -0.221928 0.975063 0.000000 -26.403384 0.000000 0.000000 1.000000 0.000000
0.974825 0.222970 0.000000 158.138714 -0.222970 0.974825 0.000000 -26.538505 0.000000 0.000000 1.000000 0.000000
0.975518 0.219918 0.000000 158.657716 -0.219918 0.975518 0.000000 -26.662519 0.000000 0.000000 1.000000 0.000000
0.975590 0.219600 0.000000 159.223574 -0.219600 0.975590 0.000000 -26.791120 0.000000 0.000000 1.000000 0.000000
0.975511 0.219951 0.000000 159.747420 -0.219951 0.975511 0.000000 -26.917710 0.000000 0.000000 1.000000 0.000000
0.974954 0.222407 0.000000 160.508675 -0.222407 0.974954 0.000000 -27.090172 0.000000 0.000000 1.000000 0.000000
0.975753 0.218873 0.000000 161.064578 -0.218873 0.975753 0.000000 -27.230507 0.000000 0.000000 1.000000 0.000000
0.976488 0.215570 0.000000 161.623890 -0.215570 0.976488 0.000000 -27.367058 0.000000 0.000000 1.000000 0.000000
0.977209 0.212279 0.000000 162.179743 -0.212279 0.977209 0.000000 -27.504461 0.000000 0.000000 1.000000 0.000000
0.976861 0.213874 0.000000 162.735880 -0.213874 0.976861 0.000000 -27.641046 0.000000 0.000000 1.000000 0.000000
0.977011 0.213187 0.000000 163.290672 -0.213187 0.977011 0.000000 -27.780919 0.000000 0.000000 1.000000 0.000000
0.977831 0.209394 0.000000 163.846827 -0.209394 0.977831 0.000000 -27.920400 0.000000 0.000000 1.000000 0.000000
0.978789 0.204870 0.000000 164.373043 -0.204870 0.978789 0.000000 -28.050717 0.000000 0.000000 1.000000 0.000000
0.979100 0.203382 0.000000 164.925800 -0.203382 0.979100 0.000000 -28.186066 0.000000 0.000000 1.000000 0.000000
0.979537 0.201265 0.000000 165.492947 -0.201265 0.979537 0.000000 -28.315868 0.000000 0.000000 1.000000 0.000000
0.979802 0.199971 0.000000 166.016357 -0.199971 0.979802 0.000000 -28.446621 0.000000 0.000000 1.000000 0.000000
0.980611 0.195965 0.000000 166.574653 -0.195965 0.980611 0.000000 -28.580664 0.000000 0.000000 1.000000 0.000000
0.980814 0.194948 0.000000 167.103571 -0.194948 0.980814 0.000000 -28.699098 0.000000 0.000000 1.000000 0.000000
0.981853 0.189642 0.000000 167.666754 -0.189642 0.981853 0.000000 -28.834032 0.000000 0.000000 1.000000 0.000000
0.982972 0.183756 0.000000 168.222801 -0.183756 0.982972 0.000000 -28.960399 0.000000 0.000000 1.000000 0.000000
0.983936 0.178524 0.000000 168.790961 -0.178524 0.983936 0.000000 -29.088915 0.000000 0.000000 1.000000 0.000000
0.984750 0.173975 0.000000 169.314465 -0.173975 0.984750 0.000000 -29.198534 0.000000 0.000000 1.000000 0.000000
0.985738 0.168290 0.000000 169.873365 -0.168290 0.985738 0.000000 -29.315590 0.000000 0.000000 1.000000 0.000000
0.986786 0.162029 0.000000 170.387758 -0.162029 0.986786 0.000000 -29.421776 0.000000 0.000000 1.000000 0.000000
0.987523 0.157477 0.000000 170.951009 -0.157477 0.987523 0.000000 -29.533870 0.000000 0.000000 1.000000 0.000000
0.988091 0.153868 0.000000 171.682944 -0.153868 0.988091 0.000000 -29.662001 0.000000 0.000000 1.000000 0.000000
0.988620 0.150436 0.000000 172.239576 -0.150436 0.988620 0.000000 -29.763967 0.000000 0.000000 1.000000 0.000000
0.988586 0.150655 0.000000 172.754288 -0.150655 0.988586 0.000000 -29.860245 0.000000 0.000000 1.000000 0.000000
0.988836 0.149009 0.000000 173.317095 -0.149009 0.988836 0.000000 -29.959737 0.000000 0.000000 1.000000 0.000000
0.989313 0.145805 0.000000 174.024456 -0.145805 0.989313 0.000000 -30.086911 0.000000 0.000000 1.000000 0.000000
0.990266 0.139184 0.000000 175.133919 -0.139184 0.990266 0.000000 -30.280573 0.000000 0.000000 1.000000 0.000000
0.990820 0.135189 0.000000 175.688608 -0.135189 0.990820 0.000000 -30.364456 0.000000 0.000000 1.000000 0.000000
0.990866 0.134849 0.000000 176.241368 -0.134849 0.990866 0.000000 -30.449438 0.000000 0.000000 1.000000 0.000000
0.991278 0.131786 0.000000 176.792640 -0.131786 0.991278 0.000000 -30.534434 0.000000 0.000000 1.000000 0.000000
0.991635 0.129074 0.000000 177.343767 -0.129074 0.991635 0.000000 -30.614214 0.000000 0.000000 1.000000 0.000000
0.991587 0.129439 0.000000 177.893600 -0.129439 0.991587 0.000000 -30.685172 0.000000 0.000000 1.000000 0.000000
0.991651 0.128951 0.000000 178.470836 -0.128951 0.991651 0.000000 -30.770763 0.000000 0.000000 1.000000 0.000000
0.991589 0.129425 0.000000 179.019215 -0.129425 0.991589 0.000000 -30.846104 0.000000 0.000000 1.000000 0.000000
0.991381 0.131014 0.000000 179.527647 -0.131014 0.991381 0.000000 -30.927624 0.000000 0.000000 1.000000 0.000000
0.991353 0.131221 0.000000 180.038008 -0.131221 0.991353 0.000000 -31.005252 0.000000 0.000000 1.000000 0.000000
0.991558 0.129662 0.000000 180.580307 -0.129662 0.991558 0.000000 -31.083537 0.000000 0.000000 1.000000 0.000000
0.991813 0.127695 0.000000 181.084507 -0.127695 0.991813 0.000000 -31.155167 0.000000 0.000000 1.000000 0.000000
0.992079 0.125618 0.000000 181.625806 -0.125618 0.992079 0.000000 -31.226338 0.000000 0.000000 1.000000 0.000000
0.992058 0.125779 0.000000 182.133623 -0.125779 0.992058 0.000000 -31.299898 0.000000 0.000000 1.000000 0.000000
0.992146 0.125085 0.000000 182.673308 -0.125085 0.992146 0.000000 -31.377684 0.000000 0.000000 1.000000 0.000000
0.992587 0.121536 0.000000 183.174901 -0.121536 0.992587 0.000000 -31.449364 0.000000 0.000000 1.000000 0.000000
0.992922 0.118771 0.000000 183.710221 -0.118771 0.992922 0.000000 -31.520359 0.000000 0.000000 1.000000 0.000000
0.993011 0.118020 0.000000 184.203948 -0.118020 0.993011 0.000000 -31.585817 0.000000 0.000000 1.000000 0.000000
0.992973 0.118343 0.000000 184.738670 -0.118343 0.992973 0.000000 -31.649823 0.000000 0.000000 1.000000 0.000000
0.992898 0.118973 0.000000 185.234249 -0.118973 0.992898 0.000000 -31.685243 0.000000 0.000000 1.000000 0.000000
0.992940 0.118620 0.000000 185.760707 -0.118620 0.992940 0.000000 -31.758866 0.000000 0.000000 1.000000 0.000000
0.993535 0.113526 0.000000 186.413200 -0.113526 0.993535 0.000000 -31.849000 0.000000 0.000000 1.000000 0.000000
0.994068 0.108759 0.000000 186.941936 -0.108759 0.994068 0.000000 -31.921395 0.000000 0.000000 1.000000 0.000000
0.994223 0.107331 0.000000 187.460822 -0.107331 0.994223 0.000000 -31.981330 0.000000 0.000000 1.000000 0.000000
0.994574 0.104027 0.000000 187.931563 -0.104027 0.994574 0.000000 -32.020704 0.000000 0.000000 1.000000 0.000000
0.995052 0.099358 0.000000 188.656040 -0.099358 0.995052 0.000000 -32.107750 0.000000 0.000000 1.000000 0.000000
0.995348 0.096341 0.000000 189.174642 -0.096341 0.995348 0.000000 -32.167391 0.000000 0.000000 1.000000 0.000000
0.995382 0.095991 0.000000 189.684222 -0.095991 0.995382 0.000000 -32.224526 0.000000 0.000000 1.000000 0.000000
0.995936 0.090062 0.000000 190.201532 -0.090062 0.995936 0.000000 -32.282338 0.000000 0.000000 1.000000 0.000000
0.996467 0.083983 0.000000 190.713937 -0.083983 0.996467 0.000000 -32.339885 0.000000 0.000000 1.000000 0.000000
0.997080 0.076367 0.000000 191.738331 -0.076367 0.997080 0.000000 -32.423866 0.000000 0.000000 1.000000 0.000000
0.997617 0.068994 0.000000 192.242977 -0.068994 0.997617 0.000000 -32.472717 0.000000 0.000000 1.000000 0.000000
0.998211 0.059784 0.000000 192.743617 -0.059784 0.998211 0.000000 -32.515697 0.000000 0.000000 1.000000 0.000000
0.998607 0.052758 0.000000 193.211828 -0.052758 0.998607 0.000000 -32.545433 0.000000 0.000000 1.000000 0.000000
0.999060 0.043344 0.000000 193.712471 -0.043344 0.999060 0.000000 -32.575522 0.000000 0.000000 1.000000 0.000000
0.999437 0.033547 0.000000 194.179688 -0.033547 0.999437 0.000000 -32.605515 0.000000 0.000000 1.000000 0.000000
0.999878 0.015592 0.000000 195.122780 -0.015592 0.999878 0.000000 -32.657548 0.000000 0.000000 1.000000 0.000000
0.999994 0.003504 0.000000 195.608131 -0.003504 0.999994 0.000000 -32.673433 0.000000 0.000000 1.000000 0.000000
0.999988 -0.004816 0.000000 196.060874 0.004816 0.999988 0.000000 -32.679212 0.000000 0.000000 1.000000 0.000000
0.999776 -0.021162 0.000000 196.738202 0.021162 0.999776 0.000000 -32.687185 0.000000 0.000000 1.000000 0.000000
0.999466 -0.032686 0.000000 197.213787 0.032686 0.999466 0.000000 -32.690108 0.000000 0.000000 1.000000 0.000000
0.999021 -0.044249 0.000000 197.686861 0.044249 0.999021 0.000000 -32.685027 0.000000 0.000000 1.000000 0.000000
0.998587 -0.053149 0.000000 198.125139 0.053149 0.998587 0.000000 -32.676926 0.000000 0.000000 1.000000 0.000000
0.997638 -0.068690 0.000000 198.585077 0.068690 0.997638 0.000000 -32.683418 0.000000 0.000000 1.000000 0.000000
0.996797 -0.079967 0.000000 199.049721 0.079967 0.996797 0.000000 -32.664423 0.000000 0.000000 1.000000 0.000000
0.995874 -0.090742 0.000000 199.479778 0.090742 0.995874 0.000000 -32.640950 0.000000 0.000000 1.000000 0.000000
0.995006 -0.099815 0.000000 199.934855 0.099815 0.995006 0.000000 -32.611332 0.000000 0.000000 1.000000 0.000000
0.993947 -0.109861 0.000000 200.354958 0.109861 0.993947 0.000000 -32.585034 0.000000 0.000000 1.000000 0.000000
0.992666 -0.120893 0.000000 200.805616 0.120893 0.992666 0.000000 -32.549501 0.000000 0.000000 1.000000 0.000000
0.990911 -0.134518 0.000000 201.222189 0.134518 0.990911 0.000000 -32.517291 0.000000 0.000000 1.000000 0.000000
