0.999999 0.001624 0.000000 0.577817 -0.001624 0.999999 0.000000 -0.005796 0.000000 0.000000 1.000000 0.000000
0.999997 0.002479 0.000000 1.119194 -0.002479 0.999997 0.000000 -0.011044 0.000000 0.000000 1.000000 0.000000
0.999999 0.001588 0.000000 1.700371 -0.001588 0.999999 0.000000 -0.022005 0.000000 0.000000 1.000000 0.000000
0.999993 0.003801 0.000000 2.283630 -0.003801 0.999993 0.000000 -0.022363 0.000000 0.000000 1.000000 0.000000
0.999952 0.009822 0.000000 2.823870 -0.009822 0.999952 0.000000 -0.018752 0.000000 0.000000 1.000000 0.000000
0.999920 0.012611 0.000000 3.409702 -0.012611 0.999920 0.000000 -0.034895 0.000000 0.000000 1.000000 0.000000
0.999866 0.016389 0.000000 4.546936 -0.016389 0.999866 0.000000 -0.058355 0.000000 0.000000 1.000000 0.000000
0.999835 0.018142 0.000000 5.131122 -0.018142 0.999835 0.000000 -0.073212 0.000000 0.000000 1.000000 0.000000
0.999812 0.019411 0.000000 5.935254 -0.019411 0.999812 0.000000 -0.089558 0.000000 0.000000 1.000000 0.000000
0.999794 0.020301 0.000000 6.508713 -0.020301 0.999794 0.000000 -0.108674 0.000000 0.000000 1.000000 0.000000
0.999777 0.021134 0.000000 7.093679 -0.021134 0.999777 0.000000 -0.121533 0.000000 0.000000 1.000000 0.000000
0.999755 0.022132 0.000000 7.676302 -0.022132 0.999755 0.000000 -0.139297 0.000000 0.000000 1.000000 0.000000
0.999737 0.022932 0.000000 8.220997 -0.022932 0.999737 0.000000 -0.166302 0.000000 0.000000 1.000000 0.000000
0.999706 0.024249 0.000000 8.803564 -0.024249 0.999706 0.000000 -0.185555 0.000000 0.000000 1.000000 0.000000
0.999685 0.025098 0.000000 9.347883 -0.025098 0.999685 0.000000 -0.197447 0.000000 0.000000 1.000000 0.000000
0.999661 0.026027 0.000000 9.923866 -0.026027 0.999661 0.000000 -0.208802 0.000000 0.000000 1.000000 0.000000
0.999643 0.026731 0.000000 10.484898 -0.026731 0.999643 0.000000 -0.226721 0.000000 0.000000 1.000000 0.000000
0.999610 0.027911 0.000000 11.047454 -0.027911 0.999610 0.000000 -0.242255 0.000000 0.000000 1.000000 0.000000
0.999558 0.029724 0.000000 11.623216 -0.029724 0.999558 0.000000 -0.260634 0.000000 0.000000 1.000000 0.000000
0.999498 0.031691 0.000000 12.374913 -0.031691 0.999498 0.000000 -0.291461 0.000000 0.000000 1.000000 0.000000
0.999469 0.032574 0.000000 12.992361 -0.032574 0.999469 0.000000 -0.311412 0.000000 0.000000 1.000000 0.000000
0.999409 0.034379 0.000000 13.528815 -0.034379 0.999409 0.000000 -0.326955 0.000000 0.000000 1.000000 0.000000
0.999340 0.036321 0.000000 14.144200 -0.036321 0.999340 0.000000 -0.340379 0.000000 0.000000 1.000000 0.000000
0.999308 0.037203 0.000000 14.724343 -0.037203 0.999308 0.000000 -0.366505 0.000000 0.000000 1.000000 0.000000
0.999179 0.040507 0.000000 15.297879 -0.040507 0.999179 0.000000 -0.385519 0.000000 0.000000 1.000000 0.000000
0.999103 0.042351 0.000000 15.873410 -0.042351 0.999103 0.000000 -0.414450 0.000000 0.000000 1.000000 0.000000
0.998989 0.044947 0.000000 16.448916 -0.044947 0.998989 0.000000 -0.441997 0.000000 0.000000 1.000000 0.000000
0.998939 0.046057 0.000000 17.025558 -0.046057 0.998939 0.000000 -0.475505 0.000000 0.000000 1.000000 0.000000
0.998890 0.047111 0.000000 17.600077 -0.047111 0.998890 0.000000 -0.512808 0.000000 0.000000 1.000000 0.000000
0.998752 0.049947 0.000000 18.173318 -0.049947 0.998752 0.000000 -0.547157 0.000000 0.000000 1.000000 0.000000
0.998719 0.050600 0.000000 18.745397 -0.050600 0.998719 0.000000 -0.587435 0.000000 0.000000 1.000000 0.000000
0.998518 0.054423 0.000000 19.294345 -0.054423 0.998518 0.000000 -0.622090 0.000000 0.000000 1.000000 0.000000
0.998447 0.055715 0.000000 19.864839 -0.055715 0.998447 0.000000 -0.654866 0.000000 0.000000 1.000000 0.000000
0.998449 0.055671 0.000000 20.955248 -0.055671 0.998449 0.000000 -0.734427 0.000000 0.000000 1.000000 0.000000
0.998585 0.053178 0.000000 21.888127 -0.053178 0.998585 0.000000 -0.817196 0.000000 0.000000 1.000000 0.000000
0.998532 0.054167 0.000000 22.441932 -0.054167 0.998532 0.000000 -0.855794 0.000000 0.000000 1.000000 0.000000
0.998436 0.055901 0.000000 23.005295 -0.055901 0.998436 0.000000 -0.894069 0.000000 0.000000 1.000000 0.000000
0.998605 0.052795 0.000000 23.566276 -0.052795 0.998605 0.000000 -0.963931 0.000000 0.000000 1.000000 0.000000
0.998725 0.050473 0.000000 24.127660 -0.050473 0.998725 0.000000 -1.010107 0.000000 0.000000 1.000000 0.000000
0.998389 0.056740 0.000000 24.708338 -0.056740 0.998389 0.000000 -1.043480 0.000000 0.000000 1.000000 0.000000
0.997955 0.063922 0.000000 25.263224 -0.063922 0.997955 0.000000 -1.077953 0.000000 0.000000 1.000000 0.000000
0.997879 0.065093 0.000000 26.442255 -0.065093 0.997879 0.000000 -1.190754 0.000000 0.000000 1.000000 0.000000
0.997807 0.066197 0.000000 27.011684 -0.066197 0.997807 0.000000 -1.247497 0.000000 0.000000 1.000000 0.000000
0.997783 0.066552 0.000000 27.609046 -0.066552 0.997783 0.000000 -1.306525 0.000000 0.000000 1.000000 0.000000
0.997884 0.065019 0.000000 28.132758 -0.065019 0.997884 0.000000 -1.349747 0.000000 0.000000 1.000000 0.000000
0.997676 0.068143 0.000000 28.694042 -0.068143 0.997676 0.000000 -1.392221 0.000000 0.000000 1.000000 0.000000
0.997584 0.069471 0.000000 29.594448 -0.069471 0.997584 0.000000 -1.479266 0.000000 0.000000 1.000000 0.000000
0.997589 0.069398 0.000000 30.191681 -0.069398 0.997589 0.000000 -1.544421 0.000000 0.000000 1.000000 0.000000
0.997648 0.068538 0.000000 30.748996 -0.068538 0.997648 0.000000 -1.594370 0.000000 0.000000 1.000000 0.000000
0.997582 0.069504 0.000000 31.309281 -0.069504 0.997582 0.000000 -1.639141 0.000000 0.000000 1.000000 0.000000
0.997599 0.069252 0.000000 31.868775 -0.069252 0.997599 0.000000 -1.686630 0.000000 0.000000 1.000000 0.000000
0.997472 0.071055 0.000000 32.432114 -0.071055 0.997472 0.000000 -1.732239 0.000000 0.000000 1.000000 0.000000
0.997534 0.070186 0.000000 32.980293 -0.070186 0.997534 0.000000 -1.777400 0.000000 0.000000 1.000000 0.000000
0.997470 0.071094 0.000000 33.539591 -0.071094 0.997470 0.000000 -1.781245 0.000000 0.000000 1.000000 0.000000
0.997394 0.072142 0.000000 34.098970 -0.072142 0.997394 0.000000 -1.830564 0.000000 0.000000 1.000000 0.000000
0.997324 0.073104 0.000000 34.619452 -0.073104 0.997324 0.000000 -1.875417 0.000000 0.000000 1.000000 0.000000
0.996838 0.079467 0.000000 35.555982 -0.079467 0.996838 0.000000 -1.962173 0.000000 0.000000 1.000000 0.000000
0.996667 0.081583 0.000000 36.117420 -0.081583 0.996667 0.000000 -2.012567 0.000000 0.000000 1.000000 0.000000
0.996594 0.082459 0.000000 36.677645 -0.082459 0.996594 0.000000 -2.059280 0.000000 0.000000 1.000000 0.000000
0.996401 0.084763 0.000000 37.234669 -0.084763 0.996401 0.000000 -2.105071 0.000000 0.000000 1.000000 0.000000
0.996333 0.085556 0.000000 37.793143 -0.085556 0.996333 0.000000 -2.160898 0.000000 0.000000 1.000000 0.000000
0.996266 0.086337 0.000000 38.351911 -0.086337 0.996266 0.000000 -2.215197 0.000000 0.000000 1.000000 0.000000
0.996254 0.086476 0.000000 38.945144 -0.086476 0.996254 0.000000 -2.270581 0.000000 0.000000 1.000000 0.000000
0.996284 0.086125 0.000000 39.473135 -0.086125 0.996284 0.000000 -2.319592 0.000000 0.000000 1.000000 0.000000
0.996376 0.085061 0.000000 40.026245 -0.085061 0.996376 0.000000 -2.372387 0.000000 0.000000 1.000000 0.000000
0.996120 0.088004 0.000000 40.575808 -0.088004 0.996120 0.000000 -2.416259 0.000000 0.000000 1.000000 0.000000
0.995800 0.091558 0.000000 41.155959 -0.091558 0.995800 0.000000 -2.460879 0.000000 0.000000 1.000000 0.000000
0.995705 0.092587 0.000000 41.673521 -0.092587 0.995705 0.000000 -2.514291 0.000000 0.000000 1.000000 0.000000
0.995761 0.091975 0.000000 42.229915 -0.091975 0.995761 0.000000 -2.565949 0.000000 0.000000 1.000000 0.000000
0.995854 0.090968 0.000000 42.751312 -0.090968 0.995854 0.000000 -2.619016 0.000000 0.000000 1.000000 0.000000
0.995870 0.090788 0.000000 43.702870 -0.090788 0.995870 0.000000 -2.719819 0.000000 0.000000 1.000000 0.000000
0.995700 0.092641 0.000000 44.248651 -0.092641 0.995700 0.000000 -2.770552 0.000000 0.000000 1.000000 0.000000
0.995668 0.092983 0.000000 44.796433 -0.092983 0.995668 0.000000 -2.833622 0.000000 0.000000 1.000000 0.000000
0.995160 0.098265 0.000000 45.860885 -0.098265 0.995160 0.000000 -2.908143 0.000000 0.000000 1.000000 0.000000
0.994217 0.107392 0.000000 46.406854 -0.107392 0.994217 0.000000 -3.060895 0.000000 0.000000 1.000000 0.000000
0.994243 0.107152 0.000000 46.901673 -0.107152 0.994243 0.000000 -3.120206 0.000000 0.000000 1.000000 0.000000
0.994213 0.107430 0.000000 47.922949 -0.107430 0.994213 0.000000 -3.236227 0.000000 0.000000 1.000000 0.000000
0.994317 0.106459 0.000000 48.444855 -0.106459 0.994317 0.000000 -3.295237 0.000000 0.000000 1.000000 0.000000
0.994399 0.105693 0.000000 48.955702 -0.105693 0.994399 0.000000 -3.344442 0.000000 0.000000 1.000000 0.000000
0.994294 0.106674 0.000000 49.445075 -0.106674 0.994294 0.000000 -3.397287 0.000000 0.000000 1.000000 0.000000
0.994506 0.104684 0.000000 50.331254 -0.104684 0.994506 0.000000 -3.510935 0.000000 0.000000 1.000000 0.000000
0.994214 0.107414 0.000000 50.846249 -0.107414 0.994214 0.000000 -3.534660 0.000000 0.000000 1.000000 0.000000
0.993636 0.112637 0.000000 51.340903 -0.112637 0.993636 0.000000 -3.578575 0.000000 0.000000 1.000000 0.000000
0.993263 0.115884 0.000000 51.817460 -0.115884 0.993263 0.000000 -3.634614 0.000000 0.000000 1.000000 0.000000
0.993155 0.116807 0.000000 52.299645 -0.116807 0.993155 0.000000 -3.684882 0.000000 0.000000 1.000000 0.000000
0.992882 0.119100 0.000000 52.772515 -0.119100 0.992882 0.000000 -3.738463 0.000000 0.000000 1.000000 0.000000
0.992549 0.121850 0.000000 53.241252 -0.121850 0.992549 0.000000 -3.793380 0.000000 0.000000 1.000000 0.000000
0.992513 0.122142 0.000000 53.946550 -0.122142 0.992513 0.000000 -3.905384 0.000000 0.000000 1.000000 0.000000
0.992597 0.121453 0.000000 54.370006 -0.121453 0.992597 0.000000 -3.956634 0.000000 0.000000 1.000000 0.000000
0.992741 0.120272 0.000000 54.819039 -0.120272 0.992741 0.000000 -4.014041 0.000000 0.000000 1.000000 0.000000
0.992724 0.120415 0.000000 55.252537 -0.120415 0.992724 0.000000 -4.060092 0.000000 0.000000 1.000000 0.000000
0.993027 0.117884 0.000000 55.685224 -0.117884 0.993027 0.000000 -4.127029 0.000000 0.000000 1.000000 0.000000
0.993221 0.116238 0.000000 56.108609 -0.116238 0.993221 0.000000 -4.178257 0.000000 0.000000 1.000000 0.000000
0.993081 0.117432 0.000000 56.828461 -0.117432 0.993081 0.000000 -4.265835 0.000000 0.000000 1.000000 0.000000
0.992966 0.118404 0.000000 57.209918 -0.118404 0.992966 0.000000 -4.313420 0.000000 0.000000 1.000000 0.000000
0.992917 0.118812 0.000000 57.640017 -0.118812 0.992917 0.000000 -4.367114 0.000000 0.000000 1.000000 0.000000
0.992847 0.119395 0.000000 58.036002 -0.119395 0.992847 0.000000 -4.414183 0.000000 0.000000 1.000000 0.000000
0.992780 0.119951 0.000000 58.426542 -0.119951 0.992780 0.000000 -4.461687 0.000000 0.000000 1.000000 0.000000
0.992617 0.121290 0.000000 58.805141 -0.121290 0.992617 0.000000 -4.508887 0.000000 0.000000 1.000000 0.000000
0.992746 0.120231 0.000000 59.172171 -0.120231 0.992746 0.000000 -4.577483 0.000000 0.000000 1.000000 0.000000
0.992712 0.120511 0.000000 59.547067 -0.120511 0.992712 0.000000 -4.631108 0.000000 0.000000 1.000000 0.000000
0.992507 0.122185 0.000000 59.904131 -0.122185 0.992507 0.000000 -4.671187 0.000000 0.000000 1.000000 0.000000
0.992220 0.124499 0.000000 60.263506 -0.124499 0.992220 0.000000 -4.711908 0.000000 0.000000 1.000000 0.000000
0.992340 0.123537 0.000000 60.934175 -0.123537 0.992340 0.000000 -4.799428 0.000000 0.000000 1.000000 0.000000
0.992393 0.123112 0.000000 61.274555 -0.123112 0.992393 0.000000 -4.849397 0.000000 0.000000 1.000000 0.000000
0.992480 0.122404 0.000000 61.587637 -0.122404 0.992480 0.000000 -4.894181 0.000000 0.000000 1.000000 0.000000
0.992440 0.122730 0.000000 61.921353 -0.122730 0.992440 0.000000 -4.932719 0.000000 0.000000 1.000000 0.000000
0.992221 0.124492 0.000000 62.248429 -0.124492 0.992221 0.000000 -4.970024 0.000000 0.000000 1.000000 0.000000
0.991487 0.130203 0.000000 62.549925 -0.130203 0.991487 0.000000 -4.987385 0.000000 0.000000 1.000000 0.000000
0.991073 0.133324 0.000000 62.871465 -0.133324 0.991073 0.000000 -5.029337 0.000000 0.000000 1.000000 0.000000
0.991105 0.133083 0.000000 63.187401 -0.133083 0.991105 0.000000 -5.079772 0.000000 0.000000 1.000000 0.000000
0.991242 0.132061 0.000000 63.693118 -0.132061 0.991242 0.000000 -5.157444 0.000000 0.000000 1.000000 0.000000
0.991056 0.133445 0.000000 63.997289 -0.133445 0.991056 0.000000 -5.199855 0.000000 0.000000 1.000000 0.000000
0.990723 0.135900 0.000000 64.295777 -0.135900 0.990723 0.000000 -5.231313 0.000000 0.000000 1.000000 0.000000
0.990615 0.136678 0.000000 64.607448 -0.136678 0.990615 0.000000 -5.278865 0.000000 0.000000 1.000000 0.000000
0.990372 0.138431 0.000000 64.897463 -0.138431 0.990372 0.000000 -5.322594 0.000000 0.000000 1.000000 0.000000
0.990337 0.138679 0.000000 65.162670 -0.138679 0.990337 0.000000 -5.365842 0.000000 0.000000 1.000000 0.000000
0.990146 0.140036 0.000000 65.463670 -0.140036 0.990146 0.000000 -5.398880 0.000000 0.000000 1.000000 0.000000
0.990080 0.140508 0.000000 65.739504 -0.140508 0.990080 0.000000 -5.440988 0.000000 0.000000 1.000000 0.000000
0.989823 0.142304 0.000000 66.007885 -0.142304 0.989823 0.000000 -5.484035 0.000000 0.000000 1.000000 0.000000
0.989841 0.142177 0.000000 66.454390 -0.142177 0.989841 0.000000 -5.555620 0.000000 0.000000 1.000000 0.000000
0.989671 0.143357 0.000000 66.698447 -0.143357 0.989671 0.000000 -5.590986 0.000000 0.000000 1.000000 0.000000
0.989620 0.143710 0.000000 66.979901 -0.143710 0.989620 0.000000 -5.632482 0.000000 0.000000 1.000000 0.000000
0.989538 0.144274 0.000000 67.242548 -0.144274 0.989538 0.000000 -5.674251 0.000000 0.000000 1.000000 0.000000
0.989487 0.144623 0.000000 67.505380 -0.144623 0.989487 0.000000 -5.716546 0.000000 0.000000 1.000000 0.000000
0.989373 0.145400 0.000000 67.769822 -0.145400 0.989373 0.000000 -5.758338 0.000000 0.000000 1.000000 0.000000
0.989414 0.145119 0.000000 68.026974 -0.145119 0.989414 0.000000 -5.798703 0.000000 0.000000 1.000000 0.000000
0.989068 0.147463 0.000000 68.289896 -0.147463 0.989068 0.000000 -5.834702 0.000000 0.000000 1.000000 0.000000
0.988841 0.148974 0.000000 68.537832 -0.148974 0.988841 0.000000 -5.878378 0.000000 0.000000 1.000000 0.000000
0.988675 0.150073 0.000000 68.805658 -0.150073 0.988675 0.000000 -5.918396 0.000000 0.000000 1.000000 0.000000
0.988628 0.150382 0.000000 69.053935 -0.150382 0.988628 0.000000 -5.958492 0.000000 0.000000 1.000000 0.000000
0.988435 0.151645 0.000000 69.312084 -0.151645 0.988435 0.000000 -5.999580 0.000000 0.000000 1.000000 0.000000
0.988195 0.153202 0.000000 69.746716 -0.153202 0.988195 0.000000 -6.070143 0.000000 0.000000 1.000000 0.000000
0.988094 0.153855 0.000000 70.017739 -0.153855 0.988094 0.000000 -6.115468 0.000000 0.000000 1.000000 0.000000
0.987921 0.154959 0.000000 70.290674 -0.154959 0.987921 0.000000 -6.161032 0.000000 0.000000 1.000000 0.000000
0.987765 0.155951 0.000000 70.564278 -0.155951 0.987765 0.000000 -6.208076 0.000000 0.000000 1.000000 0.000000
0.987627 0.156820 0.000000 70.840257 -0.156820 0.987627 0.000000 -6.255605 0.000000 0.000000 1.000000 0.000000
0.987530 0.157433 0.000000 71.133704 -0.157433 0.987530 0.000000 -6.308129 0.000000 0.000000 1.000000 0.000000
0.987568 0.157189 0.000000 71.392473 -0.157189 0.987568 0.000000 -6.358185 0.000000 0.000000 1.000000 0.000000
0.987183 0.159593 0.000000 71.681669 -0.159593 0.987183 0.000000 -6.404202 0.000000 0.000000 1.000000 0.000000
0.987025 0.160569 0.000000 71.962126 -0.160569 0.987025 0.000000 -6.454822 0.000000 0.000000 1.000000 0.000000
0.986942 0.161075 0.000000 72.224313 -0.161075 0.986942 0.000000 -6.502188 0.000000 0.000000 1.000000 0.000000
0.986650 0.162858 0.000000 72.484649 -0.162858 0.986650 0.000000 -6.539453 0.000000 0.000000 1.000000 0.000000
0.986529 0.163586 0.000000 72.750879 -0.163586 0.986529 0.000000 -6.590200 0.000000 0.000000 1.000000 0.000000
0.985942 0.167090 0.000000 73.478445 -0.167090 0.985942 0.000000 -6.699029 0.000000 0.000000 1.000000 0.000000
0.985437 0.170038 0.000000 73.774681 -0.170038 0.985437 0.000000 -6.741343 0.000000 0.000000 1.000000 0.000000
0.985179 0.171529 0.000000 74.065472 -0.171529 0.985179 0.000000 -6.792795 0.000000 0.000000 1.000000 0.000000
0.985431 0.170076 0.000000 74.355543 -0.170076 0.985431 0.000000 -6.848998 0.000000 0.000000 1.000000 0.000000
0.985287 0.170908 0.000000 74.650015 -0.170908 0.985287 0.000000 -6.898166 0.000000 0.000000 1.000000 0.000000
0.984680 0.174369 0.000000 75.240699 -0.174369 0.984680 0.000000 -7.008473 0.000000 0.000000 1.000000 0.000000
0.984642 0.174584 0.000000 75.544498 -0.174584 0.984642 0.000000 -7.066209 0.000000 0.000000 1.000000 0.000000
0.984527 0.175234 0.000000 75.833563 -0.175234 0.984527 0.000000 -7.122308 0.000000 0.000000 1.000000 0.000000
0.983603 0.180348 0.000000 76.308193 -0.180348 0.983603 0.000000 -7.211945 0.000000 0.000000 1.000000 0.000000
0.982649 0.185474 0.000000 76.631301 -0.185474 0.982649 0.000000 -7.266215 0.000000 0.000000 1.000000 0.000000
0.982062 0.188558 0.000000 77.178356 -0.188558 0.982062 0.000000 -7.420550 0.000000 0.000000 1.000000 0.000000
0.981942 0.189182 0.000000 77.512054 -0.189182 0.981942 0.000000 -7.485322 0.000000 0.000000 1.000000 0.000000
0.982434 0.186609 0.000000 77.814496 -0.186609 0.982434 0.000000 -7.468893 0.000000 0.000000 1.000000 0.000000
0.982217 0.187751 0.000000 78.149640 -0.187751 0.982217 0.000000 -7.547852 0.000000 0.000000 1.000000 0.000000
0.981927 0.189259 0.000000 78.500013 -0.189259 0.981927 0.000000 -7.614257 0.000000 0.000000 1.000000 0.000000
0.981953 0.189126 0.000000 79.079326 -0.189126 0.981953 0.000000 -7.744349 0.000000 0.000000 1.000000 0.000000
0.982095 0.188386 0.000000 79.428077 -0.188386 0.982095 0.000000 -7.833509 0.000000 0.000000 1.000000 0.000000
0.982016 0.188800 0.000000 79.812555 -0.188800 0.982016 0.000000 -7.913147 0.000000 0.000000 1.000000 0.000000
0.981983 0.188967 0.000000 80.173547 -0.188967 0.981983 0.000000 -7.986247 0.000000 0.000000 1.000000 0.000000
0.981959 0.189093 0.000000 80.830588 -0.189093 0.981959 0.000000 -8.107210 0.000000 0.000000 1.000000 0.000000
0.982730 0.185043 0.000000 81.509595 -0.185043 0.982730 0.000000 -8.247144 0.000000 0.000000 1.000000 0.000000
0.983086 0.183145 0.000000 81.897878 -0.183145 0.983086 0.000000 -8.318604 0.000000 0.000000 1.000000 0.000000
0.982608 0.185690 0.000000 82.315461 -0.185690 0.982608 0.000000 -8.395618 0.000000 0.000000 1.000000 0.000000
0.982363 0.186985 0.000000 82.717783 -0.186985 0.982363 0.000000 -8.485024 0.000000 0.000000 1.000000 0.000000
0.982069 0.188521 0.000000 83.151154 -0.188521 0.982069 0.000000 -8.573541 0.000000 0.000000 1.000000 0.000000
0.981736 0.190249 0.000000 83.559665 -0.190249 0.981736 0.000000 -8.695973 0.000000 0.000000 1.000000 0.000000
0.982457 0.186488 0.000000 84.012455 -0.186488 0.982457 0.000000 -8.784810 0.000000 0.000000 1.000000 0.000000
0.982606 0.185705 0.000000 84.709798 -0.185705 0.982606 0.000000 -8.906262 0.000000 0.000000 1.000000 0.000000
0.983028 0.183455 0.000000 85.532480 -0.183455 0.983028 0.000000 -9.070590 0.000000 0.000000 1.000000 0.000000
0.982603 0.185718 0.000000 86.005177 -0.185718 0.982603 0.000000 -9.167347 0.000000 0.000000 1.000000 0.000000
0.982026 0.188747 0.000000 86.487123 -0.188747 0.982026 0.000000 -9.264090 0.000000 0.000000 1.000000 0.000000
0.981104 0.193482 0.000000 86.957631 -0.193482 0.981104 0.000000 -9.341301 0.000000 0.000000 1.000000 0.000000
0.980692 0.195560 0.000000 87.479549 -0.195560 0.980692 0.000000 -9.447120 0.000000 0.000000 1.000000 0.000000
0.980321 0.197408 0.000000 87.917833 -0.197408 0.980321 0.000000 -9.510287 0.000000 0.000000 1.000000 0.000000
0.979579 0.201058 0.000000 88.427817 -0.201058 0.979579 0.000000 -9.619921 0.000000 0.000000 1.000000 0.000000
0.978954 0.204082 0.000000 88.940364 -0.204082 0.978954 0.000000 -9.726707 0.000000 0.000000 1.000000 0.000000
0.978390 0.206770 0.000000 89.463733 -0.206770 0.978390 0.000000 -9.835565 0.000000 0.000000 1.000000 0.000000
0.977993 0.208638 0.000000 89.953872 -0.208638 0.977993 0.000000 -9.948255 0.000000 0.000000 1.000000 0.000000
0.977497 0.210949 0.000000 90.480526 -0.210949 0.977497 0.000000 -10.065545 0.000000 0.000000 1.000000 0.000000
0.977368 0.211547 0.000000 91.440396 -0.211547 0.977368 0.000000 -10.290844 0.000000 0.000000 1.000000 0.000000
0.977309 0.211817 0.000000 91.980669 -0.211817 0.977309 0.000000 -10.415671 0.000000 0.000000 1.000000 0.000000
0.976428 0.215842 0.000000 92.520863 -0.215842 0.976428 0.000000 -10.539289 0.000000 0.000000 1.000000 0.000000
0.975406 0.220415 0.000000 93.071369 -0.220415 0.975406 0.000000 -10.665258 0.000000 0.000000 1.000000 0.000000
0.975328 0.220762 0.000000 93.630678 -0.220762 0.975328 0.000000 -10.802410 0.000000 0.000000 1.000000 0.000000
0.974680 0.223603 0.000000 94.491475 -0.223603 0.974680 0.000000 -10.991961 0.000000 0.000000 1.000000 0.000000
0.973619 0.228179 0.000000 95.022792 -0.228179 0.973619 0.000000 -11.106212 0.000000 0.000000 1.000000 0.000000
0.971915 0.235332 0.000000 96.138093 -0.235332 0.971915 0.000000 -11.371408 0.000000 0.000000 1.000000 0.000000
0.970820 0.239808 0.000000 96.873151 -0.239808 0.970820 0.000000 -11.545480 0.000000 0.000000 1.000000 0.000000
0.969677 0.244388 0.000000 97.452944 -0.244388 0.969677 0.000000 -11.693603 0.000000 0.000000 1.000000 0.000000
0.968330 0.249675 0.000000 98.027728 -0.249675 0.968330 0.000000 -11.846926 0.000000 0.000000 1.000000 0.000000
0.967770 0.251835 0.000000 98.623447 -0.251835 0.967770 0.000000 -11.994331 0.000000 0.000000 1.000000 0.000000
0.967435 0.253119 0.000000 99.213480 -0.253119 0.967435 0.000000 -12.151305 0.000000 0.000000 1.000000 0.000000
0.966756 0.255701 0.000000 99.833242 -0.255701 0.966756 0.000000 -12.321017 0.000000 0.000000 1.000000 0.000000
0.965882 0.258981 0.000000 100.399340 -0.258981 0.965882 0.000000 -12.477180 0.000000 0.000000 1.000000 0.000000
0.965342 0.260989 0.000000 100.982162 -0.260989 0.965342 0.000000 -12.643467 0.000000 0.000000 1.000000 0.000000
0.966023 0.258457 0.000000 101.578491 -0.258457 0.966023 0.000000 -12.829833 0.000000 0.000000 1.000000 0.000000
0.966714 0.255861 0.000000 102.140256 -0.255861 0.966714 0.000000 -12.986904 0.000000 0.000000 1.000000 0.000000
0.966749 0.255729 0.000000 102.745248 -0.255729 0.966749 0.000000 -13.154313 0.000000 0.000000 1.000000 0.000000
0.966777 0.255623 0.000000 103.331011 -0.255623 0.966777 0.000000 -13.319652 0.000000 0.000000 1.000000 0.000000
0.966670 0.256027 0.000000 103.895080 -0.256027 0.966670 0.000000 -13.466770 0.000000 0.000000 1.000000 0.000000
0.966330 0.257306 0.000000 104.973955 -0.257306 0.966330 0.000000 -13.761306 0.000000 0.000000 1.000000 0.000000
0.966194 0.257818 0.000000 105.627857 -0.257818 0.966194 0.000000 -13.948963 0.000000 0.000000 1.000000 0.000000
0.965585 0.260089 0.000000 106.241915 -0.260089 0.965585 0.000000 -14.118555 0.000000 0.000000 1.000000 0.000000
0.964747 0.263178 0.000000 106.862067 -0.263178 0.964747 0.000000 -14.290978 0.000000 0.000000 1.000000 0.000000
0.964964 0.262381 0.000000 107.459761 -0.262381 0.964964 0.000000 -14.473949 0.000000 0.000000 1.000000 0.000000
0.965012 0.262207 0.000000 108.064053 -0.262207 0.965012 0.000000 -14.632326 0.000000 0.000000 1.000000 0.000000
0.965024 0.262163 0.000000 108.647603 -0.262163 0.965024 0.000000 -14.794032 0.000000 0.000000 1.000000 0.000000
0.964988 0.262295 0.000000 109.274233 -0.262295 0.964988 0.000000 -14.966715 0.000000 0.000000 1.000000 0.000000
0.964655 0.263515 0.000000 109.863214 -0.263515 0.964655 0.000000 -15.117776 0.000000 0.000000 1.000000 0.000000
0.963899 0.266267 0.000000 110.497469 -0.266267 0.963899 0.000000 -15.304955 0.000000 0.000000 1.000000 0.000000
0.963570 0.267456 0.000000 111.124409 -0.267456 0.963570 0.000000 -15.481927 0.000000 0.000000 1.000000 0.000000
0.963799 0.266630 0.000000 111.758109 -0.266630 0.963799 0.000000 -15.672732 0.000000 0.000000 1.000000 0.000000
0.963765 0.266754 0.000000 112.553753 -0.266754 0.963765 0.000000 -15.896363 0.000000 0.000000 1.000000 0.000000
0.962451 0.271457 0.000000 113.154416 -0.271457 0.962451 0.000000 -16.049163 0.000000 0.000000 1.000000 0.000000
0.962513 0.271237 0.000000 113.792514 -0.271237 0.962513 0.000000 -16.241290 0.000000 0.000000 1.000000 0.000000
0.963426 0.267974 0.000000 114.861088 -0.267974 0.963426 0.000000 -16.504054 0.000000 0.000000 1.000000 0.000000
0.963356 0.268225 0.000000 115.504405 -0.268225 0.963356 0.000000 -16.698634 0.000000 0.000000 1.000000 0.000000
0.962683 0.270631 0.000000 116.153239 -0.270631 0.962683 0.000000 -16.889494 0.000000 0.000000 1.000000 0.000000
0.962408 0.271609 0.000000 116.801767 -0.271609 0.962408 0.000000 -17.093652 0.000000 0.000000 1.000000 0.000000
0.962233 0.272229 0.000000 117.430221 -0.272229 0.962233 0.000000 -17.291662 0.000000 0.000000 1.000000 0.000000
0.962593 0.270951 0.000000 118.078501 -0.270951 0.962593 0.000000 -17.489702 0.000000 0.000000 1.000000 0.000000
0.962709 0.270540 0.000000 118.677379 -0.270540 0.962709 0.000000 -17.673993 0.000000 0.000000 1.000000 0.000000
0.960533 0.278167 0.000000 119.665196 -0.278167 0.960533 0.000000 -18.274797 0.000000 0.000000 1.000000 0.000000
0.961188 0.275894 0.000000 120.308325 -0.275894 0.961188 0.000000 -18.484060 0.000000 0.000000 1.000000 0.000000
0.961447 0.274989 0.000000 120.952968 -0.274989 0.961447 0.000000 -18.686470 0.000000 0.000000 1.000000 0.000000
0.961371 0.275255 0.000000 121.596531 -0.275255 0.961371 0.000000 -18.879953 0.000000 0.000000 1.000000 0.000000
0.962252 0.272159 0.000000 122.910688 -0.272159 0.962252 0.000000 -19.291512 0.000000 0.000000 1.000000 0.000000
0.961868 0.273515 0.000000 123.506950 -0.273515 0.961868 0.000000 -19.472274 0.000000 0.000000 1.000000 0.000000
0.962363 0.271767 0.000000 124.150808 -0.271767 0.962363 0.000000 -19.683789 0.000000 0.000000 1.000000 0.000000
0.962146 0.272534 0.000000 124.754251 -0.272534 0.962146 0.000000 -19.858272 0.000000 0.000000 1.000000 0.000000
0.961506 0.274784 0.000000 125.353858 -0.274784 0.961506 0.000000 -20.033904 0.000000 0.000000 1.000000 0.000000
0.971269 0.237985 0.000000 129.954444 -0.237985 0.971269 0.000000 -21.396402 0.000000 0.000000 1.000000 0.000000
0.971149 0.238472 0.000000 130.594601 -0.238472 0.971149 0.000000 -21.535827 0.000000 0.000000 1.000000 0.000000
0.971680 0.236299 0.000000 131.201449 -0.236299 0.971680 0.000000 -21.703218 0.000000 0.000000 1.000000 0.000000
0.971743 0.236040 0.000000 131.833770 -0.236040 0.971743 0.000000 -21.869548 0.000000 0.000000 1.000000 0.000000
0.972614 0.232427 0.000000 132.442538 -0.232427 0.972614 0.000000 -22.028622 0.000000 0.000000 1.000000 0.000000
0.972183 0.234221 0.000000 133.066693 -0.234221 0.972183 0.000000 -22.188354 0.000000 0.000000 1.000000 0.000000
0.972443 0.233141 0.000000 133.703869 -0.233141 0.972443 0.000000 -22.366585 0.000000 0.000000 1.000000 0.000000
0.972370 0.233447 0.000000 134.518848 -0.233447 0.972370 0.000000 -22.580439 0.000000 0.000000 1.000000 0.000000
0.971652 0.236416 0.000000 135.154468 -0.236416 0.971652 0.000000 -22.730033 0.000000 0.000000 1.000000 0.000000
0.971234 0.238128 0.000000 135.781751 -0.238128 0.971234 0.000000 -22.887179 0.000000 0.000000 1.000000 0.000000
0.971482 0.237112 0.000000 136.699386 -0.237112 0.971482 0.000000 -23.130851 0.000000 0.000000 1.000000 0.000000
0.971639 0.236468 0.000000 137.316913 -0.236468 0.971639 0.000000 -23.280503 0.000000 0.000000 1.000000 0.000000
0.971778 0.235896 0.000000 137.949275 -0.235896 0.971778 0.000000 -23.448437 0.000000 0.000000 1.000000 0.000000
0.971991 0.235019 0.000000 138.568894 -0.235019 0.971991 0.000000 -23.614679 0.000000 0.000000 1.000000 0.000000
0.971867 0.235532 0.000000 139.193472 -0.235532 0.971867 0.000000 -23.774971 0.000000 0.000000 1.000000 0.000000
0.971660 0.236384 0.000000 140.110001 -0.236384 0.971660 0.000000 -24.017267 0.000000 0.000000 1.000000 0.000000
0.971343 0.237682 0.000000 140.711563 -0.237682 0.971343 0.000000 -24.172283 0.000000 0.000000 1.000000 0.000000
0.970903 0.239471 0.000000 141.325959 -0.239471 0.970903 0.000000 -24.336795 0.000000 0.000000 1.000000 0.000000
0.970270 0.242026 0.000000 141.900244 -0.242026 0.970270 0.000000 -24.492761 0.000000 0.000000 1.000000 0.000000
0.969962 0.243255 0.000000 142.695297 -0.243255 0.969962 0.000000 -24.715506 0.000000 0.000000 1.000000 0.000000
0.970009 0.243070 0.000000 143.303705 -0.243070 0.970009 0.000000 -24.880891 0.000000 0.000000 1.000000 0.000000
0.970284 0.241970 0.000000 143.912703 -0.241970 0.970284 0.000000 -25.048038 0.000000 0.000000 1.000000 0.000000
0.971004 0.239061 0.000000 144.516756 -0.239061 0.971004 0.000000 -25.209517 0.000000 0.000000 1.000000 0.000000
0.971067 0.238806 0.000000 145.120273 -0.238806 0.971067 0.000000 -25.368481 0.000000 0.000000 1.000000 0.000000
0.972210 0.234110 0.000000 146.282684 -0.234110 0.972210 0.000000 -25.679504 0.000000 0.000000 1.000000 0.000000
0.971560 0.236795 0.000000 146.839307 -0.236795 0.971560 0.000000 -25.806422 0.000000 0.000000 1.000000 0.000000
0.971420 0.237367 0.000000 147.420055 -0.237367 0.971420 0.000000 -25.983501 0.000000 0.000000 1.000000 0.000000
0.971328 0.237742 0.000000 148.021431 -0.237742 0.971328 0.000000 -26.132674 0.000000 0.000000 1.000000 0.000000
0.971335 0.237716 0.000000 148.567468 -0.237716 0.971335 0.000000 -26.283684 0.000000 0.000000 1.000000 0.000000
0.972104 0.234551 0.000000 149.161879 -0.234551 0.972104 0.000000 -26.431042 0.000000 0.000000 1.000000 0.000000
0.972510 0.232862 0.000000 149.884957 -0.232862 0.972510 0.000000 -26.610202 0.000000 0.000000 1.000000 0.000000
0.972785 0.231710 0.000000 150.468674 -0.231710 0.972785 0.000000 -26.765791 0.000000 0.000000 1.000000 0.000000
0.972828 0.231528 0.000000 151.008827 -0.231528 0.972828 0.000000 -26.906250 0.000000 0.000000 1.000000 0.000000
0.972441 0.233151 0.000000 151.595826 -0.233151 0.972441 0.000000 -27.058255 0.000000 0.000000 1.000000 0.000000
0.972205 0.234131 0.000000 152.174765 -0.234131 0.972205 0.000000 -27.207920 0.000000 0.000000 1.000000 0.000000
0.971851 0.235596 0.000000 152.712223 -0.235596 0.971851 0.000000 -27.348177 0.000000 0.000000 1.000000 0.000000
0.972472 0.233021 0.000000 153.287419 -0.233021 0.972472 0.000000 -27.500473 0.000000 0.000000 1.000000 0.000000
0.972248 0.233953 0.000000 153.828069 -0.233953 0.972248 0.000000 -27.639881 0.000000 0.000000 1.000000 0.000000
0.971821 0.235719 0.000000 154.397817 -0.235719 0.971821 0.000000 -27.788709 0.000000 0.000000 1.000000 0.000000
0.971199 0.238270 0.000000 154.968570 -0.238270 0.971199 0.000000 -27.934010 0.000000 0.000000 1.000000 0.000000
0.970300 0.241904 0.000000 155.705509 -0.241904 0.970300 0.000000 -28.116793 0.000000 0.000000 1.000000 0.000000
0.969932 0.243378 0.000000 156.242448 -0.243378 0.969932 0.000000 -28.251467 0.000000 0.000000 1.000000 0.000000
0.969511 0.245049 0.000000 156.809084 -0.245049 0.969511 0.000000 -28.401584 0.000000 0.000000 1.000000 0.000000
0.968953 0.247246 0.000000 157.330011 -0.247246 0.968953 0.000000 -28.604390 0.000000 0.000000 1.000000 0.000000
0.969438 0.245336 0.000000 157.890824 -0.245336 0.969438 0.000000 -28.757411 0.000000 0.000000 1.000000 0.000000
0.969437 0.245341 0.000000 158.426473 -0.245341 0.969437 0.000000 -28.890542 0.000000 0.000000 1.000000 0.000000
0.969402 0.245480 0.000000 159.152539 -0.245480 0.969402 0.000000 -29.083507 0.000000 0.000000 1.000000 0.000000
0.968010 0.250910 0.000000 159.681023 -0.250910 0.968010 0.000000 -29.255697 0.000000 0.000000 1.000000 0.000000
0.967567 0.252616 0.000000 160.231286 -0.252616 0.967567 0.000000 -29.423941 0.000000 0.000000 1.000000 0.000000
0.968288 0.249837 0.000000 160.751078 -0.249837 0.968288 0.000000 -29.557783 0.000000 0.000000 1.000000 0.000000
0.968389 0.249446 0.000000 161.310340 -0.249446 0.968389 0.000000 -29.708044 0.000000 0.000000 1.000000 0.000000
0.968303 0.249778 0.000000 161.831273 -0.249778 0.968303 0.000000 -29.848797 0.000000 0.000000 1.000000 0.000000
0.967655 0.252277 0.000000 162.593159 -0.252277 0.967655 0.000000 -30.056888 0.000000 0.000000 1.000000 0.000000
0.968463 0.249156 0.000000 163.141985 -0.249156 0.968463 0.000000 -30.191620 0.000000 0.000000 1.000000 0.000000
0.969315 0.245822 0.000000 163.692195 -0.245822 0.969315 0.000000 -30.355482 0.000000 0.000000 1.000000 0.000000
0.970127 0.242596 0.000000 164.242969 -0.242596 0.970127 0.000000 -30.509486 0.000000 0.000000 1.000000 0.000000
0.969702 0.244293 0.000000 164.792434 -0.244293 0.969702 0.000000 -30.665424 0.000000 0.000000 1.000000 0.000000
0.969776 0.243996 0.000000 165.335269 -0.243996 0.969776 0.000000 -30.848900 0.000000 0.000000 1.000000 0.000000
0.970606 0.240673 0.000000 165.885849 -0.240673 0.970606 0.000000 -30.918383 0.000000 0.000000 1.000000 0.000000
0.971687 0.236270 0.000000 166.407802 -0.236270 0.971687 0.000000 -31.064210 0.000000 0.000000 1.000000 0.000000
0.972069 0.234695 0.000000 166.959885 -0.234695 0.972069 0.000000 -31.198819 0.000000 0.000000 1.000000 0.000000
0.972510 0.232862 0.000000 167.520321 -0.232862 0.972510 0.000000 -31.351028 0.000000 0.000000 1.000000 0.000000
0.972802 0.231637 0.000000 168.039660 -0.231637 0.972802 0.000000 -31.495064 0.000000 0.000000 1.000000 0.000000
0.973597 0.228272 0.000000 168.592097 -0.228272 0.973597 0.000000 -31.661270 0.000000 0.000000 1.000000 0.000000
0.973861 0.227146 0.000000 169.124502 -0.227146 0.973861 0.000000 -31.812384 0.000000 0.000000 1.000000 0.000000
0.974999 0.222211 0.000000 169.683121 -0.222211 0.974999 0.000000 -31.964143 0.000000 0.000000 1.000000 0.000000
0.976322 0.216324 0.000000 170.234190 -0.216324 0.976322 0.000000 -32.108811 0.000000 0.000000 1.000000 0.000000
0.977447 0.211179 0.000000 170.797918 -0.211179 0.977447 0.000000 -32.254462 0.000000 0.000000 1.000000 0.000000
0.978432 0.206571 0.000000 171.318334 -0.206571 0.978432 0.000000 -32.381264 0.000000 0.000000 1.000000 0.000000
0.979558 0.201160 0.000000 171.872332 -0.201160 0.979558 0.000000 -32.517066 0.000000 0.000000 1.000000 0.000000
0.980767 0.195182 0.000000 172.382310 -0.195182 0.980767 0.000000 -32.637359 0.000000 0.000000 1.000000 0.000000
0.981669 0.190595 0.000000 172.945389 -0.190595 0.981669 0.000000 -32.770153 0.000000 0.000000 1.000000 0.000000
0.982356 0.187019 0.000000 173.676890 -0.187019 0.982356 0.000000 -32.920009 0.000000 0.000000 1.000000 0.000000
0.982945 0.183900 0.000000 174.226718 -0.183900 0.982945 0.000000 -33.051414 0.000000 0.000000 1.000000 0.000000
0.982872 0.184288 0.000000 174.737668 -0.184288 0.982872 0.000000 -33.166291 0.000000 0.000000 1.000000 0.000000
0.983149 0.182807 0.000000 175.295891 -0.182807 0.983149 0.000000 -33.287371 0.000000 0.000000 1.000000 0.000000
0.983740 0.179597 0.000000 175.996561 -0.179597 0.983740 0.000000 -33.431701 0.000000 0.000000 1.000000 0.000000
0.984903 0.173105 0.000000 177.101598 -0.173105 0.984903 0.000000 -33.675955 0.000000 0.000000 1.000000 0.000000
0.985589 0.169158 0.000000 177.654345 -0.169158 0.985589 0.000000 -33.781999 0.000000 0.000000 1.000000 0.000000
0.985686 0.168593 0.000000 178.202725 -0.168593 0.985686 0.000000 -33.866432 0.000000 0.000000 1.000000 0.000000
0.986161 0.165789 0.000000 178.751030 -0.165789 0.986161 0.000000 -33.963722 0.000000 0.000000 1.000000 0.000000
0.986611 0.163092 0.000000 179.299721 -0.163092 0.986611 0.000000 -34.063086 0.000000 0.000000 1.000000 0.000000
0.986820 0.161823 0.000000 179.835452 -0.161823 0.986820 0.000000 -34.131437 0.000000 0.000000 1.000000 0.000000
0.986894 0.161371 0.000000 180.411895 -0.161371 0.986894 0.000000 -34.236812 0.000000 0.000000 1.000000 0.000000
0.986817 0.161838 0.000000 180.957713 -0.161838 0.986817 0.000000 -34.329879 0.000000 0.000000 1.000000 0.000000
0.986552 0.163445 0.000000 181.460647 -0.163445 0.986552 0.000000 -34.427194 0.000000 0.000000 1.000000 0.000000
0.986486 0.163845 0.000000 181.967536 -0.163845 0.986486 0.000000 -34.517395 0.000000 0.000000 1.000000 0.000000
0.986739 0.162314 0.000000 182.507272 -0.162314 0.986739 0.000000 -34.612351 0.000000 0.000000 1.000000 0.000000
0.987079 0.160234 0.000000 183.008429 -0.160234 0.987079 0.000000 -34.700435 0.000000 0.000000 1.000000 0.000000
0.987412 0.158167 0.000000 183.547096 -0.158167 0.987412 0.000000 -34.789364 0.000000 0.000000 1.000000 0.000000
0.987388 0.158320 0.000000 184.051383 -0.158320 0.987388 0.000000 -34.878879 0.000000 0.000000 1.000000 0.000000
0.987496 0.157641 0.000000 184.587916 -0.157641 0.987496 0.000000 -34.970478 0.000000 0.000000 1.000000 0.000000
0.987960 0.154709 0.000000 185.086377 -0.154709 0.987960 0.000000 -35.059427 0.000000 0.000000 1.000000 0.000000
0.988480 0.151352 0.000000 185.628981 -0.151352 0.988480 0.000000 -35.146402 0.000000 0.000000 1.000000 0.000000
0.988609 0.150505 0.000000 186.120953 -0.150505 0.988609 0.000000 -35.220063 0.000000 0.000000 1.000000 0.000000
0.988577 0.150715 0.000000 186.658059 -0.150715 0.988577 0.000000 -35.303984 0.000000 0.000000 1.000000 0.000000
0.988433 0.151656 0.000000 187.151648 -0.151656 0.988433 0.000000 -35.374851 0.000000 0.000000 1.000000 0.000000
0.988450 0.151550 0.000000 187.675347 -0.151550 0.988450 0.000000 -35.464656 0.000000 0.000000 1.000000 0.000000
0.989185 0.146675 0.000000 188.322747 -0.146675 0.989185 0.000000 -35.582432 0.000000 0.000000 1.000000 0.000000
0.989882 0.141894 0.000000 188.849065 -0.141894 0.989882 0.000000 -35.673232 0.000000 0.000000 1.000000 0.000000
0.990089 0.140442 0.000000 189.367712 -0.140442 0.990089 0.000000 -35.754578 0.000000 0.000000 1.000000 0.000000
0.990641 0.136493 0.000000 189.857708 -0.136493 0.990641 0.000000 -35.829417 0.000000 0.000000 1.000000 0.000000
0.991284 0.131746 0.000000 190.571104 -0.131746 0.991284 0.000000 -35.938556 0.000000 0.000000 1.000000 0.000000
0.991679 0.128733 0.000000 191.088567 -0.128733 0.991679 0.000000 -36.013586 0.000000 0.000000 1.000000 0.000000
0.991727 0.128363 0.000000 191.608445 -0.128363 0.991727 0.000000 -36.089879 0.000000 0.000000 1.000000 0.000000
0.992437 0.122754 0.000000 192.121213 -0.122754 0.992437 0.000000 -36.162032 0.000000 0.000000 1.000000 0.000000
0.993158 0.116782 0.000000 192.631260 -0.116782 0.993158 0.000000 -36.237296 0.000000 0.000000 1.000000 0.000000
0.994048 0.108941 0.000000 193.668764 -0.108941 0.994048 0.000000 -36.344984 0.000000 0.000000 1.000000 0.000000
0.994836 0.101499 0.000000 194.164879 -0.101499 0.994836 0.000000 -36.413344 0.000000 0.000000 1.000000 0.000000
0.995730 0.092314 0.000000 194.663848 -0.092314 0.995730 0.000000 -36.472632 0.000000 0.000000 1.000000 0.000000
0.996358 0.085272 0.000000 195.131971 -0.085272 0.996358 0.000000 -36.517152 0.000000 0.000000 1.000000 0.000000
0.997115 0.075899 0.000000 195.631691 -0.075899 0.997115 0.000000 -36.564371 0.000000 0.000000 1.000000 0.000000
0.997812 0.066111 0.000000 196.106433 -0.066111 0.997812 0.000000 -36.605512 0.000000 0.000000 1.000000 0.000000
0.998843 0.048088 0.000000 197.048994 -0.048088 0.998843 0.000000 -36.687188 0.000000 0.000000 1.000000 0.000000
0.999343 0.036251 0.000000 197.535251 -0.036251 0.999343 0.000000 -36.720336 0.000000 0.000000 1.000000 0.000000
0.999623 0.027461 0.000000 197.974577 -0.027461 0.999623 0.000000 -36.735099 0.000000 0.000000 1.000000 0.000000
0.999931 0.011705 0.000000 198.658705 -0.011705 0.999931 0.000000 -36.773396 0.000000 0.000000 1.000000 0.000000
1.000000 0.000248 0.000000 199.132583 -0.000248 1.000000 0.000000 -36.792748 0.000000 0.000000 1.000000 0.000000
0.999937 -0.011242 0.000000 199.607725 0.011242 0.999937 0.000000 -36.802776 0.000000 0.000000 1.000000 0.000000
0.999785 -0.020745 0.000000 200.037466 0.020745 0.999785 0.000000 -36.809955 0.000000 0.000000 1.000000 0.000000
0.999359 -0.035800 0.000000 200.509625 0.035800 0.999359 0.000000 -36.812865 0.000000 0.000000 1.000000 0.000000
0.998896 -0.046987 0.000000 200.975461 0.046987 0.998896 0.000000 -36.809839 0.000000 0.000000 1.000000 0.000000
